Concentration,Wavelength,Transmittance,Absorbance
1 mcg,375.0004,0.9078384033478192,0.041991449694870724
1 mcg,375.23370000000006,0.9012660048913825,0.045147009901592774
1 mcg,375.46700000000004,0.9238831868257787,0.03438293627340496
1 mcg,375.7003,0.9555223123732253,0.019759167292974684
1 mcg,375.9336,0.9773098201936375,0.009967737334810272
1 mcg,376.16690000000006,0.9984532054697212,0.0006722844062039656
1 mcg,376.40020000000004,0.9901522788772749,0.00429800864449694
1 mcg,376.6335,0.917810182896688,0.037247128215440226
1 mcg,376.8668,0.9233484267967026,0.034634386426753684
1 mcg,377.10010000000005,0.9331185802993224,0.030063162794444313
1 mcg,377.33340000000004,0.9477754893588519,0.023294526881438953
1 mcg,377.5667,0.9495636563107763,0.022475915963463655
1 mcg,377.8,0.909778284917352,0.041064433359126074
1 mcg,378.03330000000005,0.9065805920792391,0.042593582479086636
1 mcg,378.26660000000004,0.9570774878061045,0.019052899042105793
1 mcg,378.4999,0.9304598825831701,0.03130234703439573
1 mcg,378.7332,0.9410802881207866,0.026373323224847967
1 mcg,378.96650000000005,0.9924234561494553,0.0033029796317011082
1 mcg,379.19980000000004,0.9855384720865256,0.006326417666866717
1 mcg,379.4331,0.9916031721349713,0.0036620925955127225
1 mcg,379.6664,1.009929153195173,-0.004290908975141024
1 mcg,379.89970000000005,0.9662134301146722,0.014926930227518818
1 mcg,380.13300000000004,0.9468130573784286,0.023735761401703075
1 mcg,380.3663,0.9104105809802013,0.04076270345931718
1 mcg,380.5996,0.8803251649387371,0.05535688324218638
1 mcg,380.83290000000005,0.8929590060524761,0.049168478237830875
1 mcg,381.06620000000004,0.9050514438520113,0.04332673444553489
1 mcg,381.2995,0.8668412196694503,0.06206044547247844
1 mcg,381.5328,0.8621045197740114,0.0644400780159443
1 mcg,381.76610000000005,0.869513358778626,0.06072374132167678
1 mcg,381.99940000000004,0.8699845642176287,0.06048845282342475
1 mcg,382.2327,0.857516708143557,0.06675740926320062
1 mcg,382.466,0.8965293053722442,0.04743550983471139
1 mcg,382.69930000000005,0.8968626301128866,0.04727407150732135
1 mcg,382.93260000000004,0.8805700064226075,0.055236111366835094
1 mcg,383.1659,0.8902452484134327,0.05049033564678209
1 mcg,383.3992,0.8547779273216689,0.06814670102150087
1 mcg,383.63250000000005,0.8690186498802086,0.06097090312193121
1 mcg,383.86580000000004,0.9405913296459804,0.026599028890239042
1 mcg,384.0991,0.9976436566165051,0.0010245545046519099
1 mcg,384.3324,0.978569050997705,0.009408523701221043
1 mcg,384.56570000000005,0.9568560547312551,0.019153390684902884
1 mcg,384.79900000000004,0.9265191038173868,0.03314562157234808
1 mcg,385.0323,0.8753494118968532,0.05781855569969506
1 mcg,385.2656,0.8102667912384512,0.09137196027521159
1 mcg,385.49890000000005,0.8185195195195195,0.08697095935706563
1 mcg,385.73220000000003,0.9033216899534265,0.04415756165510874
1 mcg,385.9655,0.9094870638539527,0.04120347377125069
1 mcg,386.1988,0.8715113871635611,0.05972693402732042
1 mcg,386.43210000000005,0.8783726806031639,0.05632118023437722
1 mcg,386.66540000000003,0.9144416286534889,0.03884401152465075
1 mcg,386.8987,0.9315165917583648,0.03080940523909652
1 mcg,387.132,0.9165010675677947,0.037867024822296695
1 mcg,387.36530000000005,0.8907745227498738,0.05023221281825694
1 mcg,387.59860000000003,0.8733198763236732,0.05882665540380888
1 mcg,387.8319,0.9014860414701551,0.045040993466725646
1 mcg,388.0652,0.8837523707630208,0.05366940815072529
1 mcg,388.29850000000005,0.8968202241643213,0.0472946065416183
1 mcg,388.53180000000003,0.9218585920375184,0.035335692186874615
1 mcg,388.7651,0.9211868004959155,0.03565229358324861
1 mcg,388.9984,0.9026581209320813,0.04447670628293218
1 mcg,389.23170000000005,0.9394947564188666,0.027105639474798476
1 mcg,389.46500000000003,1.0314098559285134,-0.01343127711424479
1 mcg,389.6983,1.054149983558676,-0.022902406320426127
1 mcg,389.9316,1.0266264856643947,-0.011412464317417709
1 mcg,390.16490000000005,0.9621994391868209,0.01673490055976936
1 mcg,390.39820000000003,0.9195514913999566,0.03642394689925963
1 mcg,390.6315,0.922489086649475,0.0350387629856473
1 mcg,390.86480000000006,0.9195875246423696,0.036406929111903116
1 mcg,391.09810000000004,0.9156945147679325,0.038249387334626024
1 mcg,391.33140000000003,0.9189874492620709,0.03669041979282982
1 mcg,391.5647,0.9286175677300762,0.032163104542273634
1 mcg,391.79800000000006,0.902801850089332,0.044407559604505265
1 mcg,392.03130000000004,0.9147061803444783,0.03871838653162307
1 mcg,392.26460000000003,0.8984179104477613,0.04652159876452244
1 mcg,392.4979,0.8445460341154702,0.07337667312973864
1 mcg,392.73120000000006,0.8335137863008671,0.07908721255477952
1 mcg,392.96450000000004,0.8925671250818598,0.04935911307970369
1 mcg,393.19780000000003,0.9586617492096944,0.018334600717341845
1 mcg,393.4311,0.926587180788094,0.03311371249839831
1 mcg,393.66440000000006,0.9360403750576423,0.028705418049751588
1 mcg,393.89770000000004,0.9490733530602709,0.02270022002983988
1 mcg,394.13100000000003,0.9566405160390515,0.019251229653089667
1 mcg,394.3643,0.9660259456795338,0.01501120907712606
1 mcg,394.59760000000006,0.9443250503693754,0.024878489512303547
1 mcg,394.83090000000004,0.9172155814461759,0.03752857618521219
1 mcg,395.0642,0.9191233651466949,0.036626193503163186
1 mcg,395.2975,0.9303116675998033,0.03137153225978397
1 mcg,395.53080000000006,0.8831542427600828,0.05396344032999511
1 mcg,395.76410000000004,0.8742639352072415,0.058357436587632074
1 mcg,395.9974,0.8904902864722343,0.050370813488235015
1 mcg,396.2307,0.8823075692110738,0.05437999499688702
1 mcg,396.46400000000006,0.8601961700140123,0.06540249545489046
1 mcg,396.69730000000004,0.8675014514585198,0.06172978989743622
1 mcg,396.9306,0.9076960808358266,0.04205953970613082
1 mcg,397.1639,0.9000242095579336,0.04574580840955217
1 mcg,397.39720000000005,0.871307027010119,0.059828783407205106
1 mcg,397.63050000000004,0.9180917958112591,0.03711389350333843
1 mcg,397.8638,0.981611267207408,0.008060465299470682
1 mcg,398.0971,0.9696880989719463,0.013367934473923166
1 mcg,398.33040000000005,0.9464079511014035,0.023921619706246993
1 mcg,398.56370000000004,0.9493985510934664,0.022551435407412827
1 mcg,398.797,0.9247247395962295,0.033987523331092215
1 mcg,399.0303,0.8480427207313209,0.07158226931103599
1 mcg,399.26360000000005,0.8902484963596076,0.050488751181680294
1 mcg,399.49690000000004,0.9303881131044078,0.03133584691045571
1 mcg,399.7302,0.9148532797726939,0.038648550626865154
1 mcg,399.9635,0.872315117546318,0.05932660097361001
1 mcg,400.19680000000005,0.8699396191360892,0.0605108898940654
1 mcg,400.43010000000004,0.8852106918238993,0.05295334918210603
1 mcg,400.6634,0.8922021831988609,0.04953671838418232
1 mcg,400.8967,0.8776268242373487,0.056690111230715906
1 mcg,401.13000000000005,0.8892412818096137,0.050980383978040694
1 mcg,401.36330000000004,0.889311268715524,0.05094620458081226
1 mcg,401.5966,0.8927672058357119,0.04926177112397919
1 mcg,401.8299,0.8905061494796593,0.05036307712621631
1 mcg,402.06320000000005,0.8580449879227053,0.06648994117882566
1 mcg,402.29650000000004,0.8622137692644418,0.0643850458896718
1 mcg,402.5298,0.9194143428213649,0.03648872555896638
1 mcg,402.7631,0.9361920621704135,0.028635045509583377
1 mcg,402.99640000000005,0.9794342233382871,0.009024724958094586
1 mcg,403.22970000000004,0.9752892281594572,0.010866572438309251
1 mcg,403.463,0.9403933040793109,0.02669047186075148
1 mcg,403.6963,0.9055226732534837,0.04310067097598955
1 mcg,403.92960000000005,0.900625278456315,0.04545586756626873
1 mcg,404.16290000000004,0.9231007240572335,0.03475090838296278
1 mcg,404.3962,0.9692801105244978,0.013550698825761747
1 mcg,404.6295,0.9494610141634843,0.022522863134731227
1 mcg,404.86280000000005,0.95864985090678,0.01833999093904548
1 mcg,405.09610000000004,0.9594029413201739,0.017998954415918082
1 mcg,405.3294,0.9616690217479577,0.01697437366026224
1 mcg,405.5627,0.9468815250482158,0.023704357043823777
1 mcg,405.79600000000005,0.943306323482682,0.02534725424522748
1 mcg,406.02930000000003,0.9450054989719314,0.024565664330718457
1 mcg,406.2626,0.930750365514314,0.031166784558059556
1 mcg,406.4959,0.9255456977890437,0.0336021335748649
1 mcg,406.72920000000005,0.9189184562713973,0.03672302567876051
1 mcg,406.96250000000003,0.9535166127135979,0.02067173602437897
1 mcg,407.1958,0.9722715455927797,0.012212424083433458
1 mcg,407.4291,0.9296636515598882,0.031674148965293816
1 mcg,407.66240000000005,0.8905197399047919,0.05035644920836615
1 mcg,407.89570000000003,0.9018835328471617,0.04484954262171617
1 mcg,408.129,0.9207697453368803,0.03584895919702026
1 mcg,408.3623,0.8953261196272917,0.048018745514310054
1 mcg,408.59560000000005,0.9031171260882027,0.044255921984231804
1 mcg,408.82890000000003,0.8883918258551755,0.0513954460739501
1 mcg,409.0622,0.8857056632660573,0.052710578403002084
1 mcg,409.2955,0.8949807064410804,0.04818632689245734
1 mcg,409.52880000000005,0.9009080047789725,0.045319554255857424
1 mcg,409.76210000000003,0.875127087872186,0.05792887320197449
1 mcg,409.9954,0.8567064960099786,0.06716794003204445
1 mcg,410.2287,0.8371610713250819,0.0771909749126415
1 mcg,410.46200000000005,0.8607687830913143,0.06511349165098819
1 mcg,410.69530000000003,0.8940147167034586,0.048655332064822684
1 mcg,410.9286,0.8866159199652024,0.05226447482896259
1 mcg,411.16190000000006,0.8712350440027686,0.059864664116682224
1 mcg,411.39520000000005,0.8883957625539357,0.051393521604689255
1 mcg,411.62850000000003,0.8929495472186288,0.04917307860702406
1 mcg,411.8618,0.8839681396432656,0.0535633877318067
1 mcg,412.09510000000006,0.8736533068070351,0.05866087493026864
1 mcg,412.32840000000004,0.8935599837103819,0.04887628846328453
1 mcg,412.56170000000003,0.8830734444582317,0.0540031750220957
1 mcg,412.795,0.8607313812006953,0.06513236290647581
1 mcg,413.02830000000006,0.83929296875,0.07608641521153034
1 mcg,413.26160000000004,0.8437944726186264,0.07376332384521667
1 mcg,413.49490000000003,0.8759959739394185,0.05749788983638544
1 mcg,413.7282,0.9200656352555086,0.03618119003213865
1 mcg,413.96150000000006,0.9047092530006536,0.043490967872122054
1 mcg,414.19480000000004,0.9006664730852727,0.04543600337710761
1 mcg,414.42810000000003,0.879439956919763,0.055793806312916076
1 mcg,414.6614,0.865064419564558,0.06295155031588953
1 mcg,414.89470000000006,0.8635749780382593,0.06369994977613738
1 mcg,415.12800000000004,0.8611647198239375,0.06491377065026385
1 mcg,415.3613,0.869729828834846,0.060615634816423715
1 mcg,415.5946,0.9060214704409156,0.042861510509137
1 mcg,415.82790000000006,0.9208358867508273,0.03581776375472326
1 mcg,416.06120000000004,0.9625252825278284,0.01658785411232691
1 mcg,416.2945,0.9632756680731365,0.01624940966611525
1 mcg,416.5278,0.8962358258972061,0.04757769970161181
1 mcg,416.76110000000006,0.8670770497324403,0.06194230876734951
1 mcg,416.99440000000004,0.9143051254915793,0.0389088456193174
1 mcg,417.2277,0.9744314961500714,0.011248686961701847
1 mcg,417.461,0.9733215571896097,0.011743657735466078
1 mcg,417.69430000000006,0.9691290876865418,0.01361837120923877
1 mcg,417.92760000000004,1.0077851935804336,-0.0033679733950707567
1 mcg,418.1609,0.9992881678599512,0.0003092548522992962
1 mcg,418.3942,0.9455028507155879,0.024337157407854297
1 mcg,418.62750000000005,0.921615565597341,0.03545019885581807
1 mcg,418.86080000000004,0.9185638304406039,0.03689065945077552
1 mcg,419.0941,0.9254470646032915,0.03364841776269706
1 mcg,419.3274,0.9383222632226322,0.027647979208693246
1 mcg,419.56070000000005,0.9274009773199342,0.032732450768841896
1 mcg,419.79400000000004,0.9872051447270339,0.005592590019970769
1 mcg,420.0273,0.998508008576113,0.0006484475018758297
1 mcg,420.2606,0.9564869333523653,0.019320958529237667
1 mcg,420.49390000000005,0.939270146867704,0.027209480768562
1 mcg,420.72720000000004,0.9715240876939859,0.012546427155919365
1 mcg,420.9605,1.007694985654434,-0.003329097493520955
1 mcg,421.1938,1.0138008565310492,-0.005952653810396494
1 mcg,421.42710000000005,1.0043942552698633,-0.0019042200586732287
1 mcg,421.66040000000004,1.0106200186316114,-0.004587896608660506
1 mcg,421.8937,1.0087267573696144,-0.0037735410263717867
1 mcg,422.127,1.0164449859545805,-0.007083877865435438
1 mcg,422.36030000000005,1.0104064932620225,-0.004496128500168955
1 mcg,422.59360000000004,0.9809937227364613,0.008333771610508703
1 mcg,422.8269,0.9792873614050603,0.009089850423416814
1 mcg,423.0602,0.9898873212763942,0.004414238264024423
1 mcg,423.29350000000005,0.990762738355736,0.004030335181468474
1 mcg,423.52680000000004,0.9805482388973966,0.008531035987405393
1 mcg,423.7601,0.9928725613561264,0.003106491133604579
1 mcg,423.9934,0.9960016220600162,0.0017399542960394997
1 mcg,424.22670000000005,1.0014607792834938,-0.0006339454675448254
1 mcg,424.46000000000004,1.0073429893743566,-0.0031773682997911987
1 mcg,424.6933,1.0131357319286967,-0.005667632604906051
1 mcg,424.9266,0.99864302340181,0.0005897276625388996
1 mcg,425.15990000000005,0.9564394457670872,0.01934252088153159
1 mcg,425.39320000000004,1.0083245481570124,-0.003600340430590964
1 mcg,425.6265,1.0339917458489298,-0.014517071885031404
1 mcg,425.8598,1.0162442257108069,-0.006998090952375048
1 mcg,426.09310000000005,1.0083308344464739,-0.0036030479837488327
1 mcg,426.32640000000004,1.0100143639464942,-0.004327550157238962
1 mcg,426.5597,1.0150215050890925,-0.006475243670500066
1 mcg,426.793,1.0180274261603375,-0.007759478265620502
1 mcg,427.02630000000005,1.0235625871687586,-0.010114403355138718
1 mcg,427.25960000000003,1.0015033173763335,-0.0006523921876079181
1 mcg,427.4929,0.9896542422756253,0.004516509341543637
1 mcg,427.7262,1.0170880940553073,-0.007358570528633131
1 mcg,427.95950000000005,1.0327825676447935,-0.014008898855995539
1 mcg,428.19280000000003,0.9965378288826451,0.0015062106984029702
1 mcg,428.4261,0.9701648281121406,0.013154474127289376
1 mcg,428.6594,0.992622919660303,0.003215701164608927
1 mcg,428.89270000000005,0.9857206504789484,0.006246145043272178
1 mcg,429.12600000000003,0.9755125227044119,0.010767151173084827
1 mcg,429.3593,0.969713364309507,0.013356619027488354
1 mcg,429.5926,0.9831428974467487,0.007383353925465652
1 mcg,429.82590000000005,0.984645390070922,0.006720148044299389
1 mcg,430.05920000000003,0.9679732886348796,0.014136626946290748
1 mcg,430.2925,0.9579817526159183,0.01864276316956573
1 mcg,430.5258,0.9577218741716289,0.01876059326962364
1 mcg,430.75910000000005,0.9437349269288833,0.025149971737735692
1 mcg,430.99240000000003,0.9524765229729477,0.02114572018668024
1 mcg,431.2257,0.9544689528934098,0.020238193835392305
1 mcg,431.45900000000006,0.9488712394705175,0.022792716741729956
1 mcg,431.69230000000005,0.9685979646996935,0.013856447864970672
1 mcg,431.92560000000003,0.9745785650551833,0.011183144750974256
1 mcg,432.1589,0.9683197722439942,0.013981200142203375
1 mcg,432.39220000000006,0.9732999611816985,0.011753293945668047
1 mcg,432.62550000000005,0.9718572891771935,0.012397503667550875
1 mcg,432.85880000000003,0.9800826450952794,0.008737301046799982
1 mcg,433.0921,0.9771811670306345,0.010024911667378227
1 mcg,433.32540000000006,0.9630548761062424,0.016348965511897066
1 mcg,433.55870000000004,0.9693472313680143,0.013520625782488686
1 mcg,433.79200000000003,0.960619129016576,0.017448769410957472
1 mcg,434.0253,0.9600168180809847,0.017721158693983847
1 mcg,434.25860000000006,0.9740977697912311,0.011397450975730826
1 mcg,434.49190000000004,0.9710198569245375,0.012771888872038745
1 mcg,434.72520000000003,0.9660442517566153,0.015002979326185755
1 mcg,434.9585,0.9640759829185689,0.015888736157516636
1 mcg,435.19180000000006,0.9529627554367868,0.02092407252470138
1 mcg,435.42510000000004,0.9436109591858675,0.02520702382045067
1 mcg,435.65840000000003,0.9382413144120999,0.02768544729362426
1 mcg,435.8917,0.9431353049890794,0.025425997618102096
1 mcg,436.12500000000006,0.9456113880282007,0.02428730620898501
1 mcg,436.35830000000004,0.9404979983282744,0.026642124426106403
1 mcg,436.5916,0.9447967585936479,0.024661605368406076
1 mcg,436.8249,0.946972808003065,0.023662491433653333
1 mcg,437.05820000000006,0.9413938856515498,0.026228626760687837
1 mcg,437.29150000000004,0.9451645548446452,0.02449257345949501
1 mcg,437.5248,0.9416922501551448,0.02609100367895245
1 mcg,437.7581,0.9486238044416094,0.022905981510076237
1 mcg,437.99140000000006,0.9577466454586239,0.018749360473947905
1 mcg,438.22470000000004,0.9425695600475624,0.025686589737466
1 mcg,438.458,0.9353212952061208,0.02903917761306436
1 mcg,438.6913,0.9373673649385115,0.028090170800706544
1 mcg,438.92460000000005,0.9411626455986434,0.026335318143188482
1 mcg,439.15790000000004,0.9431625148550188,0.025413468213140365
1 mcg,439.3912,0.9371233086469548,0.02820325997505064
1 mcg,439.6245,0.9341443435908788,0.029586011584109444
1 mcg,439.85780000000005,0.9302972726048391,0.03137825228218635
1 mcg,440.09110000000004,0.930031368307193,0.03150240321705758
1 mcg,440.3244,0.9253492673210985,0.03369431456863782
1 mcg,440.5577,0.9261466351838321,0.03332024678509849
1 mcg,440.79100000000005,0.9322828013715768,0.030452327511770554
1 mcg,441.02430000000004,0.9307835150144332,0.03115131705018152
1 mcg,441.2576,0.9286395192208061,0.03215283842310146
1 mcg,441.4909,0.9280167779489814,0.032444171944078004
1 mcg,441.72420000000005,0.9302245585383281,0.03141219901404399
1 mcg,441.95750000000004,0.9283212395840692,0.032301712965156465
1 mcg,442.1908,0.9312094454478561,0.030952627534093637
1 mcg,442.4241,0.936014340503585,0.028717497465030023
1 mcg,442.65740000000005,0.9355225322704998,0.02894574795777441
1 mcg,442.89070000000004,0.9359374332376886,0.028753182573679054
1 mcg,443.124,0.9374776982648759,0.028039054944995718
1 mcg,443.3573,0.9397359091943931,0.02699417756413673
1 mcg,443.59060000000005,0.9406546816334056,0.02656977868223666
1 mcg,443.82390000000004,0.9340504263926005,0.029629676968102373
1 mcg,444.0572,0.9408178352999913,0.026494458169563376
1 mcg,444.2905,0.9442223863938006,0.02492570717521036
1 mcg,444.52380000000005,0.94353175361488,0.02524347950787986
1 mcg,444.75710000000004,0.9422412372440895,0.025837892757884194
1 mcg,444.9904,0.9455107731305451,0.024333518448244613
1 mcg,445.2237,0.9491596651981821,0.022660725526392315
1 mcg,445.45700000000005,0.9506139275201132,0.021995827111718998
1 mcg,445.69030000000004,0.9508978968438427,0.021866113155000796
1 mcg,445.9236,0.9488394711992445,0.022807257192850566
1 mcg,446.1569,0.9500831627632047,0.022238378344405247
1 mcg,446.39020000000005,0.9517876836935721,0.021459919350800716
1 mcg,446.62350000000004,0.9526728982519556,0.021056189465984827
1 mcg,446.8568,0.9540286960147211,0.020438562053331076
1 mcg,447.0901,0.9531079856227535,0.02085789169821421
1 mcg,447.32340000000005,0.9586707676100719,0.0183305152063674
1 mcg,447.55670000000003,0.959453836069472,0.017975916418456632
1 mcg,447.79,0.9581304537521814,0.018575355756944675
1 mcg,448.0233,0.961786609011977,0.016921273917120113
1 mcg,448.25660000000005,0.9629858781087319,0.016380081623566477
1 mcg,448.48990000000003,0.9568963653935817,0.01913509500775177
1 mcg,448.7232,0.9568006777572396,0.01917852571966417
1 mcg,448.9565,0.9612988144564018,0.017141593291129048
1 mcg,449.18980000000005,0.9647589084913335,0.015581202504411711
1 mcg,449.42310000000003,0.9598230050451547,0.01780884510537495
1 mcg,449.6564,0.9604241258387254,0.017536939007525326
1 mcg,449.8897,0.9595036288113231,0.01795337843788605
1 mcg,450.12300000000005,0.9631781625595661,0.016293372418672885
1 mcg,450.35630000000003,0.9669490769368022,0.014596396845315168
1 mcg,450.5896,0.9652582980550954,0.015356456179906008
1 mcg,450.82290000000006,0.9627903137039077,0.016468287659683153
1 mcg,451.05620000000005,0.965037037037037,0.015456018602170612
1 mcg,451.28950000000003,0.9664266691156214,0.014831093944445244
1 mcg,451.5228,0.9707368932068667,0.01289846454329605
1 mcg,451.75610000000006,0.9704773040438729,0.013014616734931355
1 mcg,451.98940000000005,0.9672862601253249,0.014444981144398728
1 mcg,452.22270000000003,0.9659043836610938,0.015065862925751364
1 mcg,452.456,0.968222753956685,0.014024715331038417
1 mcg,452.68930000000006,0.969534691629956,0.01343664649873197
1 mcg,452.92260000000005,0.9706960985060648,0.012916715921043754
1 mcg,453.15590000000003,0.9697099948371567,0.01335812807732194
1 mcg,453.3892,0.9700911421334532,0.013187460923303628
1 mcg,453.62250000000006,0.9709955637900092,0.012782754258751751
1 mcg,453.85580000000004,0.9712600772243267,0.012664462183086969
1 mcg,454.08910000000003,0.9705373802521842,0.012987733099292038
1 mcg,454.3224,0.971435728709381,0.012585927529671791
1 mcg,454.55570000000006,0.9742373151287399,0.011335240146979543
1 mcg,454.78900000000004,0.9761601648376919,0.010478919015253172
1 mcg,455.02230000000003,0.9740867119183024,0.011402381076796347
1 mcg,455.2556,0.973382222629633,0.011716589759201753
1 mcg,455.48890000000006,0.9708654842445298,0.012840938472243093
1 mcg,455.72220000000004,0.9725624620529109,0.012082496887821476
1 mcg,455.95550000000003,0.9777533566304949,0.009770684438885176
1 mcg,456.1888,0.9786793419409858,0.00935957871468353
1 mcg,456.42210000000006,0.9759872124326971,0.010555872503695883
1 mcg,456.65540000000004,0.9764096303707308,0.010367945768325728
1 mcg,456.88870000000003,0.9759728450080847,0.010562265762825018
1 mcg,457.122,0.976661742080133,0.01025582418754876
1 mcg,457.35530000000006,0.9796402465023113,0.008933381086294677
1 mcg,457.58860000000004,0.9805985038937438,0.008508773695578944
1 mcg,457.8219,0.9800757011094444,0.008740378078547351
1 mcg,458.0552,0.9793979416336328,0.00904081305835042
1 mcg,458.28850000000006,0.9802087362249438,0.008681431105802937
1 mcg,458.52180000000004,0.9823779643812862,0.007721387708346435
1 mcg,458.7551,0.9805940551508621,0.008510743991127988
1 mcg,458.9884,0.9813757033240222,0.008164698385799847
1 mcg,459.22170000000006,0.9810839708728916,0.008293819810629429
1 mcg,459.45500000000004,0.979197531432217,0.009129690058315631
1 mcg,459.6883,0.9786704934671488,0.009363505292642332
1 mcg,459.9216,0.9827214228727909,0.007569576425813224
1 mcg,460.15490000000005,0.9857968460111316,0.006212575674247324
1 mcg,460.38820000000004,0.9845834066853829,0.006747487724038523
1 mcg,460.6215,0.9799108405583224,0.008813437792257149
1 mcg,460.8548,0.9808527346637103,0.008396192746356944
1 mcg,461.08810000000005,0.9849615266807134,0.006580733031921732
1 mcg,461.32140000000004,0.9881636075654524,0.005171144500983847
1 mcg,461.5547,0.9890459704686632,0.004783522096564243
1 mcg,461.788,0.9842590355848742,0.006890589657733106
1 mcg,462.02130000000005,0.9821207904258279,0.007835095319623366
1 mcg,462.25460000000004,0.9854180248983266,0.006379498036058727
1 mcg,462.4879,0.9837426117573402,0.007118516320367904
1 mcg,462.7212,0.992513979766498,0.0032633673933710797
1 mcg,462.95450000000005,0.9920915094044378,0.003448267163912879
1 mcg,463.18780000000004,0.982705733843229,0.0075765099404357175
1 mcg,463.4211,0.9832797767076803,0.007322892958871904
1 mcg,463.6544,0.9900194189329906,0.0043562867633277595
1 mcg,463.88770000000005,0.9971247687745602,0.0012504956501980784
1 mcg,464.12100000000004,0.9954022120007179,0.002001398493906117
1 mcg,464.3543,0.9913318907391727,0.003780922522099019
1 mcg,464.5876,0.9893490309477089,0.0046504672772103945
1 mcg,464.82090000000005,0.9897810561924452,0.0044608625776192045
1 mcg,465.05420000000004,0.9933344027477659,0.0029045230858197155
1 mcg,465.2875,0.996457936816057,0.0015410293209839143
1 mcg,465.5208,0.9936517832122697,0.002765783736201612
1 mcg,465.75410000000005,0.9918648715795698,0.0035474906731616574
1 mcg,465.98740000000004,0.9928843870374396,0.003101318468195268
1 mcg,466.2207,0.9950565239358343,0.0021522485646336778
1 mcg,466.454,0.9963850429094268,0.001572800435667883
1 mcg,466.68730000000005,0.9923425425860943,0.003338389664038054
1 mcg,466.92060000000004,0.9886769791863171,0.004945578040427028
1 mcg,467.1539,0.9914689730657255,0.0037208720155958858
1 mcg,467.3872,0.9925872579677184,0.003231304224154997
1 mcg,467.62050000000005,0.9916958787304594,0.0036214915950047314
1 mcg,467.85380000000004,0.9935275295994228,0.002820094545637226
1 mcg,468.0871,0.9931354964427952,0.0029914953686500973
1 mcg,468.3204,0.9920259764884337,0.0034769555697318974
1 mcg,468.55370000000005,0.99399260716288,0.002616845663357225
1 mcg,468.78700000000003,0.9941712688801649,0.002538791938422326
1 mcg,469.0203,0.9940303897066509,0.0026003380572582925
1 mcg,469.2536,0.9932466299601291,0.0029428998111876584
1 mcg,469.48690000000005,0.9946461678884165,0.0023313862521568028
1 mcg,469.72020000000003,0.9958174663620207,0.001820260589059029
1 mcg,469.9535,1.001138788673359,-0.0004942882453534368
1 mcg,470.1868,0.9992813909876178,0.0003122001170722399
1 mcg,470.42010000000005,0.9984819269441262,0.0006597916840873388
1 mcg,470.65340000000003,0.9998804594183633,5.191891823897763e-05
1 mcg,470.8867,0.9981197886830883,0.0008173340210977663
1 mcg,471.12000000000006,0.9969972977269113,0.001306018803571442
1 mcg,471.35330000000005,0.9985179096536585,0.000644141114759176
1 mcg,471.58660000000003,1.003307391749936,-0.0014340118720171597
1 mcg,471.8199,0.9971287538613418,0.0012487599619523287
1 mcg,472.05320000000006,0.999044380587484,0.0004152186647771097
1 mcg,472.28650000000005,1.0007501280081925,-0.00032565432872713783
1 mcg,472.51980000000003,0.9974106002554278,0.0011260205090977394
1 mcg,472.7531,0.9943908678766794,0.0024428727503390726
1 mcg,472.98640000000006,0.9952644338118022,0.002061515347116195
1 mcg,473.21970000000005,0.9961221224865165,0.0016874147181109888
1 mcg,473.45300000000003,0.9980175218063008,0.0008618339060262815
1 mcg,473.6863,0.9925902969157758,0.0032299745714306017
1 mcg,473.91960000000006,0.9868538379258446,0.005747165550046602
1 mcg,474.15290000000005,0.9814954533937672,0.008111707852636934
1 mcg,474.38620000000003,0.982432984037067,0.007697065029436994
1 mcg,474.6195,0.9861226406001762,0.006069070024545008
1 mcg,474.85280000000006,0.9760752022642593,0.010516720581043007
1 mcg,475.08610000000004,0.9628794072636556,0.016428101286103138
1 mcg,475.31940000000003,0.9672444838614316,0.014463738355616622
1 mcg,475.5527,0.9684023359759878,0.013944171625742829
1 mcg,475.78600000000006,0.9714003228767314,0.012601756510955171
1 mcg,476.01930000000004,0.9717576236927672,0.012442043529510035
1 mcg,476.25260000000003,0.978664005930979,0.00936638420900597
1 mcg,476.4859,0.9800848038400858,0.008736344464281742
1 mcg,476.71920000000006,0.9777815383725303,0.009758166968510663
1 mcg,476.95250000000004,0.9787265930556636,0.00933861127200298
1 mcg,477.18580000000003,0.9830306906476063,0.007432923092753358
1 mcg,477.4191,0.9736552131523718,0.011594806504051756
1 mcg,477.65240000000006,0.9833511818579029,0.007291355915686731
1 mcg,477.88570000000004,0.9848519287571813,0.006629060220809327
1 mcg,478.119,0.9749520107698232,0.011016760681749133
1 mcg,478.3523,0.9762196045435424,0.010452475045007568
1 mcg,478.58560000000006,0.9878540060119163,0.005307234631421732
1 mcg,478.81890000000004,0.9905926497742111,0.004104898819082407
1 mcg,479.0522,0.9762215382219886,0.01045161480306676
1 mcg,479.2855,0.9674391953170088,0.0143763213665593
1 mcg,479.51880000000006,0.9680495636423514,0.014102406467095175
1 mcg,479.75210000000004,0.9761694150646998,0.010474803600942717
1 mcg,479.9854,0.9744323432343234,0.011248309424791467
1 mcg,480.2187,0.9743239202065346,0.011296635142698706
1 mcg,480.45200000000006,0.9720001637465204,0.012333661910963835
1 mcg,480.68530000000004,0.973810789517446,0.011525417917121444
1 mcg,480.9186,0.9682873951440244,0.013995721616764687
1 mcg,481.1519,0.9680238651939047,0.014113935672742335
1 mcg,481.38520000000005,0.9749498020381044,0.011017744567184958
1 mcg,481.61850000000004,0.9716293914340471,0.012499356418822818
1 mcg,481.8518,0.9684405737161642,0.013927023678970146
1 mcg,482.0851,0.9792890283369485,0.009089111172883068
1 mcg,482.31840000000005,0.9790127388535032,0.00921165714702732
1 mcg,482.55170000000004,0.9793311142811856,0.00907044732586859
1 mcg,482.785,0.985616838719745,0.00629188543472458
1 mcg,483.0183,0.9872616685245651,0.00556772459989284
1 mcg,483.25160000000005,0.9841998377430582,0.00691671090049551
1 mcg,483.48490000000004,0.9880166391962953,0.005235741393864947
1 mcg,483.7182,0.9881861289145956,0.0051612465588557165
1 mcg,483.9515,0.9936817824815195,0.002752672180776562
1 mcg,484.18480000000005,0.9899802890082081,0.004373452331933031
1 mcg,484.41810000000004,0.9862650094254948,0.006006374443037499
1 mcg,484.6514,0.9879804434862952,0.00525165194075912
1 mcg,484.8847,0.9890393492737706,0.004786429502404393
1 mcg,485.11800000000005,0.992225031443641,0.0033898209596584152
1 mcg,485.35130000000004,0.9941418375467986,0.0025516489332644944
1 mcg,485.5846,0.9884442821236631,0.005047806520500545
1 mcg,485.8179,0.9907908311343976,0.004018021066985058
1 mcg,486.05120000000005,0.9843005341389364,0.006872279220684578
1 mcg,486.28450000000004,0.9902220172806094,0.0042674214935566075
1 mcg,486.5178,0.9958862861891878,0.0017902480220215646
1 mcg,486.7511,0.9976531186229478,0.0010204355212136357
1 mcg,486.98440000000005,0.9950803175057279,0.0021418639359037615
1 mcg,487.21770000000004,0.995026899882391,0.0021651782366152706
1 mcg,487.451,0.9917415525046052,0.003601490088760737
1 mcg,487.6843,0.9928620170273376,0.003111103375198476
1 mcg,487.91760000000005,0.9912081233323454,0.0038351474068558295
1 mcg,488.15090000000004,0.9951162669873007,0.0021261743687547635
1 mcg,488.3842,0.9981067611429248,0.0008230025047739468
1 mcg,488.6175,0.9873478016472373,0.005529836460010553
1 mcg,488.85080000000005,0.9920239924894781,0.0034778241363627566
1 mcg,489.08410000000003,0.9935042182151425,0.002830284624955369
1 mcg,489.3174,0.9919564404904109,0.003507398480907801
1 mcg,489.5507,0.9898968068535825,0.00441007666501771
1 mcg,489.78400000000005,0.9814339160830738,0.008138937884333052
1 mcg,490.01730000000003,0.9839853813865971,0.007011353631965588
1 mcg,490.2506,0.9911999922332172,0.0038387100350104363
1 mcg,490.48390000000006,0.9870298896186497,0.005669695658734579
1 mcg,490.71720000000005,0.9887736577829279,0.004903112271345665
1 mcg,490.95050000000003,0.9910008696912598,0.003925964382586077
1 mcg,491.1838,0.9874067662122196,0.005503901100119249
1 mcg,491.41710000000006,0.9877251254265945,0.005363898650815742
1 mcg,491.65040000000005,0.9852850719854596,0.006438097138673465
1 mcg,491.88370000000003,0.9838350869658576,0.007077693055469551
1 mcg,492.117,0.985960964189302,0.0061402791488269146
1 mcg,492.35030000000006,0.9858747683479182,0.0061782482125598975
1 mcg,492.58360000000005,0.9833215801083195,0.00730442964787885
1 mcg,492.81690000000003,0.9814660515732198,0.008124717836164691
1 mcg,493.0502,0.981936731514382,0.007916493923205115
1 mcg,493.28350000000006,0.9886635298590812,0.004951485944075625
1 mcg,493.51680000000005,0.9859306284579373,0.006153641588005971
1 mcg,493.75010000000003,0.9837721715779804,0.007105466693397113
1 mcg,493.9834,0.9844403821677028,0.006810579657479073
1 mcg,494.21670000000006,0.9908651585292944,0.003985442276678951
1 mcg,494.45000000000005,0.9843649231346081,0.006843870345604068
1 mcg,494.68330000000003,0.9826639203570202,0.007594989279722909
1 mcg,494.9166,0.9833332166714498,0.007299290265853959
1 mcg,495.14990000000006,0.9912971692020077,0.003796134013043215
1 mcg,495.38320000000004,0.9886919712808998,0.004938992538062373
1 mcg,495.61650000000003,0.9861279649564285,0.00606672515160283
1 mcg,495.8498,0.9869181801029999,0.005718850777877514
1 mcg,496.08310000000006,0.9824762103215948,0.007677956831561459
1 mcg,496.31640000000004,0.9839210044043476,0.007039768162620479
1 mcg,496.54970000000003,0.9837699230963276,0.007106459305628481
1 mcg,496.783,0.9834570742607318,0.007244591330348606
1 mcg,497.01630000000006,0.9903088317658187,0.004229347810515543
1 mcg,497.24960000000004,0.9863374028856827,0.005974497689664997
1 mcg,497.48290000000003,0.9844953408986068,0.006786334809574094
1 mcg,497.7162,0.986230068074305,0.006021760880435129
1 mcg,497.94950000000006,0.9842178231480203,0.006908774615137733
1 mcg,498.18280000000004,0.9788586695896416,0.009280008348209912
1 mcg,498.41610000000003,0.9782285753368443,0.009559655019285199
1 mcg,498.6494,0.979415527113276,0.009033015198173636
1 mcg,498.88270000000006,0.9840532063117292,0.006981419268974771
1 mcg,499.11600000000004,0.9802731818792236,0.008652878542488768
1 mcg,499.3493,0.97875927174646,0.00932411086068942
1 mcg,499.5826,0.9773837431851797,0.00993488886389971
1 mcg,499.81590000000006,0.9836302634244496,0.00716811775758805
1 mcg,500.04920000000004,0.9784706201655586,0.009452210058647752
1 mcg,500.2825,0.9746724998931026,0.011141287257568713
1 mcg,500.5158,0.9761972976199326,0.010462398923275239
1 mcg,500.74910000000006,0.9797950566914939,0.008864755997285903
1 mcg,500.98240000000004,0.9793105392670985,0.009079571623891376
1 mcg,501.2157,0.9829112950649116,0.00748567423512533
1 mcg,501.449,0.9824173441734417,0.007703978845082702
1 mcg,501.68230000000005,0.9802974220421029,0.008642139455655186
1 mcg,501.91560000000004,0.9806605779550839,0.008481282761242106
1 mcg,502.1489,0.9858756717285099,0.00617785025833806
1 mcg,502.3822,0.9840013624500643,0.0070043002433178726
1 mcg,502.61550000000005,0.9828743243243242,0.007502009880754748
1 mcg,502.84880000000004,0.9822410290673739,0.007781928964950835
1 mcg,503.0821,0.9857821563184148,0.006219047291646713
1 mcg,503.3154,0.9859977742713899,0.006124065406399918
1 mcg,503.54870000000005,0.9882950928696975,0.005113361009573992
1 mcg,503.78200000000004,0.9847355858627521,0.00668036748869457
1 mcg,504.0153,0.9818799580093557,0.007941604637549926
1 mcg,504.2486,0.9808026688232916,0.008418361082540501
1 mcg,504.48190000000005,0.9823045989815045,0.007753822656257935
1 mcg,504.71520000000004,0.9814959257434983,0.00811149884623586
1 mcg,504.9485,0.9841961397735147,0.006918342693879892
1 mcg,505.1818,0.9853882858435098,0.006392604861762054
1 mcg,505.41510000000005,0.9820706746131072,0.007857257131557526
1 mcg,505.64840000000004,0.9836445968939173,0.007161789260414617
1 mcg,505.8817,0.9867916266808234,0.0057745443279664235
1 mcg,506.115,0.9853238382203238,0.006421010073045508
1 mcg,506.34830000000005,0.9861800082199681,0.006043805706477511
1 mcg,506.58160000000004,0.983825579576598,0.007081889924129896
1 mcg,506.8149,0.9845894321956357,0.006744829911781762
1 mcg,507.0482,0.9897296260523485,0.004483429595067369
1 mcg,507.28150000000005,0.9882036683477835,0.005153538282826379
1 mcg,507.51480000000004,0.9858758143136986,0.006177787447216962
1 mcg,507.7481,0.9870689045170157,0.005652529390131498
1 mcg,507.9814,0.9876303413967249,0.0054055763962827085
1 mcg,508.21470000000005,0.9868000155482237,0.005770852339468468
1 mcg,508.44800000000004,0.9838054222325686,0.007090788160917223
1 mcg,508.6813,0.9858671229205749,0.0061816161654564905
1 mcg,508.9146,0.9875376979068332,0.005446316784617375
1 mcg,509.14790000000005,0.9841094917273934,0.006956579406431301
1 mcg,509.38120000000004,0.9863184766110116,0.005982831202608993
1 mcg,509.6145,0.989176598300074,0.0047261666226728755
1 mcg,509.8478,0.9846495438441404,0.006718315956320329
1 mcg,510.08110000000005,0.984840964238557,0.00663389531967395
1 mcg,510.31440000000003,0.98346356415624,0.007241725403018027
1 mcg,510.5477,0.9867185005206525,0.005806728898414606
1 mcg,510.78100000000006,0.9876878925181715,0.005380269958009091
1 mcg,511.01430000000005,0.9905118331271651,0.004140331805257974
1 mcg,511.24760000000003,0.9876534507666431,0.0053954145432102306
1 mcg,511.4809,0.9832691919578544,0.007327568050634156
1 mcg,511.71420000000006,0.9826576184271948,0.00759777446605962
1 mcg,511.94750000000005,0.9893473276990555,0.004651214952808242
1 mcg,512.1808,0.9882892949168425,0.005115908858223256
1 mcg,512.4141,0.9887730176625331,0.00490339342855795
1 mcg,512.6474000000001,0.9881108123937142,0.005194348415916827
1 mcg,512.8807,0.991460180129069,0.0037247236144928968
1 mcg,513.114,0.9884691726909905,0.005036870446373473
1 mcg,513.3473,0.9912920835614849,0.0037983620747689905
1 mcg,513.5806,0.992039254823686,0.0034711425474199032
1 mcg,513.8139,0.9931428680347575,0.00298827181069434
1 mcg,514.0472,0.9920251293422027,0.003477326438135872
1 mcg,514.2805,0.9899468097793679,0.0043881395841596175
1 mcg,514.5138000000001,0.9912523628358816,0.003815764450771577
1 mcg,514.7471,0.9921860797532622,0.003406870354412403
1 mcg,514.9804,0.9928294894994485,0.003125331693975092
1 mcg,515.2137,0.9941686549538477,0.0025399338093490135
1 mcg,515.447,0.9897959379905338,0.004454332816150165
1 mcg,515.6803,0.9892957882069794,0.004673839868674972
1 mcg,515.9136,0.9930667770058871,0.003021547164138965
1 mcg,516.1469,0.9987592374515725,0.0005391909012889536
1 mcg,516.3802000000001,0.9959953161022375,0.001742703941497241
1 mcg,516.6135,0.9947949672677714,0.0022664205204817366
1 mcg,516.8468,0.9997694813943802,0.00010012449912011936
1 mcg,517.0801,1.0040311590506394,-0.00174719089044777
1 mcg,517.3134,0.9980987725227711,0.0008264785132232666
1 mcg,517.5467,0.9939142421326593,0.002651086201568249
1 mcg,517.78,0.9925831233362473,0.003233113285633558
1 mcg,518.0133,0.9992721774641833,0.00031620439541603124
1 mcg,518.2466000000001,1.0015025136969824,-0.0006520436778812121
1 mcg,518.4799,0.9967248373914398,0.0014247194177494146
1 mcg,518.7132,0.9974562447320143,0.0011061463562296917
1 mcg,518.9465,1.000746013823564,-0.000323868896675222
1 mcg,519.1798,0.9989899972318443,0.0004388602912973731
1 mcg,519.4131,0.9998406898604225,6.919302625142653e-05
1 mcg,519.6464,0.9979572393098275,0.0008880670589615576
1 mcg,519.8797,0.9994842255854228,0.00022405576824238097
1 mcg,520.113,0.9999265392172403,3.1904784478407125e-05
1 mcg,520.3463,0.9942053175146169,0.0025239183635055126
1 mcg,520.5796,0.9972798113478503,0.0011829726061310174
1 mcg,520.8129,1.0043641744144365,-0.0018912130695492985
1 mcg,521.0462,1.0010541679358311,-0.00045757817776132475
1 mcg,521.2795,0.9982265378074157,0.0007708886172393292
1 mcg,521.5128,0.9968225839164387,0.0013821312394973742
1 mcg,521.7461,0.9998269358209715,7.516732254031198e-05
1 mcg,521.9794,0.9944480008128842,0.0024179209864469606
1 mcg,522.2127,0.9965135995879453,0.001516770033539773
1 mcg,522.446,0.9965244187561803,0.001512054915192775
1 mcg,522.6793,0.9960049247339899,0.0017385142073162631
1 mcg,522.9126,0.9910042615558637,0.003924477940338635
1 mcg,523.1459,0.991309579585807,0.0037906969678947527
1 mcg,523.3792,0.9905684227799871,0.004115520519711264
1 mcg,523.6125,0.99651719679338,0.0015152023242264788
1 mcg,523.8458,0.9976757762331383,0.0010105724103203536
1 mcg,524.0791,0.9903693151759608,0.004202823954208932
1 mcg,524.3124,0.9950901894745596,0.0021375554190463967
1 mcg,524.5457,0.9942724236579126,0.002494605661489565
1 mcg,524.779,0.9890239250095373,0.004793202463543867
1 mcg,525.0123,0.9918590440155206,0.0035500423174601612
1 mcg,525.2456,0.9923251159283006,0.0033460164334727692
1 mcg,525.4789,0.994811895828909,0.0022590301351496475
1 mcg,525.7122,0.9988503109014693,0.0004995908735477172
1 mcg,525.9455,0.9992674718924391,0.00031824949253816644
1 mcg,526.1788,0.9891223159599646,0.004749999745777068
1 mcg,526.4121,0.9855107491021708,0.00633863444866852
1 mcg,526.6454,0.9894690170012446,0.004597800200443258
1 mcg,526.8787,0.9968394306514692,0.0013747915359683723
1 mcg,527.112,0.9945910587810709,0.002355449326090941
1 mcg,527.3453,0.9925144754316069,0.003263150505173754
1 mcg,527.5786,0.9912740717097565,0.0038062533098674432
1 mcg,527.8119,0.9904771027403275,0.004155559770529623
1 mcg,528.0452,0.9911069885465561,0.0038794615314586014
1 mcg,528.2785,0.9941217289725885,0.0025604335259771884
1 mcg,528.5118,0.9917108094131895,0.003614953033690404
1 mcg,528.7451,0.9932565634735672,0.002938556430229254
1 mcg,528.9784,0.9933520122947401,0.0028968241062303475
1 mcg,529.2117,0.9949473178136286,0.002199914418655281
1 mcg,529.445,0.9969125060985528,0.0013429558167294467
1 mcg,529.6783,0.9938366597135988,0.002684987447923119
1 mcg,529.9116,0.9992941189291094,0.00030666850245131527
1 mcg,530.1449,0.9998631708316262,5.942821863772923e-05
1 mcg,530.3782,0.9907930102058805,0.0040170659131319
1 mcg,530.6115,0.9879740527071316,0.005254461195862099
1 mcg,530.8448,0.994746743335818,0.002287473999718189
1 mcg,531.0781000000001,1.0013698932017705,-0.0005945299299823506
1 mcg,531.3114,0.9968073436868541,0.0013887711354179184
1 mcg,531.5447,0.994297670763507,0.002483577960052222
1 mcg,531.778,0.9962876197886917,0.0016152663404506936
1 mcg,532.0113,0.99275242527187,0.0031590432911217923
1 mcg,532.2446,0.9957711463446371,0.0018404620782889165
1 mcg,532.4779,1.001071149771384,-0.00046494546632028987
1 mcg,532.7112,0.9940565357301375,0.00258891494131772
1 mcg,532.9445000000001,0.98748781181722,0.005468255998405434
1 mcg,533.1778,0.9939744565111372,0.0026247761044988984
1 mcg,533.4111,0.9995194507366832,0.0002087500547017857
1 mcg,533.6444,0.9922407418259344,0.0033829446179944557
1 mcg,533.8777,0.9859571489287233,0.00614195969185284
1 mcg,534.111,0.9911606090881866,0.003855966110981312
1 mcg,534.3443,0.9979149907844117,0.0009064533075226698
1 mcg,534.5776,0.99144936086529,0.0037294628589822475
1 mcg,534.8109000000001,0.9823246234605628,0.007744969565141309
1 mcg,535.0442,0.9870777140930546,0.005648653335308061
1 mcg,535.2775,0.9935784676133257,0.002797828900630863
1 mcg,535.5108,0.990045481656109,0.004344853908949146
1 mcg,535.7441,0.9919761600681141,0.0034987650184808722
1 mcg,535.9774,0.9872547354115349,0.005570774473497794
1 mcg,536.2107,0.9856760147371583,0.006265811360762176
1 mcg,536.444,0.9912486346044703,0.0038173978929047824
1 mcg,536.6773000000001,0.9975050994133877,0.0010848754492999789
1 mcg,536.9106,0.9955612171459827,0.001932030009966526
1 mcg,537.1439,0.9863188430649633,0.005982669846106685
1 mcg,537.3772,0.9853011048142425,0.006431030237309946
1 mcg,537.6105,0.9906027217832094,0.004100483083014712
1 mcg,537.8438,0.9948909011152459,0.002224541004443277
1 mcg,538.0771,0.9931779945430931,0.0029729115040815724
1 mcg,538.3104,0.9841333298720177,0.0069460595919489925
1 mcg,538.5437000000001,0.98677943390152,0.005779910495799311
1 mcg,538.777,0.9947053977913998,0.002305525343023735
1 mcg,539.0103,0.99924205530517,0.0003292960084043079
1 mcg,539.2436,1.0033536177909246,-0.0014540209462251847
1 mcg,539.4769,1.0002349318786543,-0.00010201763539452792
1 mcg,539.7102,0.9922009085575986,0.003400379616532592
1 mcg,539.9435,0.9932839440451898,0.0029265846318966005
1 mcg,540.1768,0.9914711888484418,0.0037199014344101574
1 mcg,540.4101,0.9943038596553911,0.0024808747522418123
1 mcg,540.6434,1.003490967584518,-0.0015134677593725764
1 mcg,540.8767,0.9998664778109577,5.799182159635071e-05
1 mcg,541.11,0.9926468432405586,0.0032052341952458325
1 mcg,541.3433,0.9911470728224655,0.0038618973047732583
1 mcg,541.5766,0.992167043771165,0.003415202764490691
1 mcg,541.8099,0.9944210376894058,0.0024296964583514096
1 mcg,542.0432,0.994663553411407,0.0023237952404414224
1 mcg,542.2765,0.9948445691008047,0.002244766545488444
1 mcg,542.5098,0.9956775967766986,0.0018812645958634633
1 mcg,542.7431,0.9928529477102105,0.0031150704645873275
1 mcg,542.9764,0.9884778051225959,0.005033077711966639
1 mcg,543.2097,0.9918254048319989,0.0035647717889636613
1 mcg,543.443,0.9939912357473415,0.0026174448615880115
1 mcg,543.6763,0.9934275635761977,0.0028637942673372663
1 mcg,543.9096,0.9942138388052706,0.0025201960602900817
1 mcg,544.1429,0.9970209863913946,0.0012957000854822568
1 mcg,544.3762,0.9949658737468177,0.0021918148297636556
1 mcg,544.6095,0.9915927613027177,0.003666652273075161
1 mcg,544.8428,0.997871915026554,0.0009252003630222543
1 mcg,545.0761,1.0026865333622714,-0.0011651821641699028
1 mcg,545.3094,0.9996203299483611,0.00016491991792902483
1 mcg,545.5427,0.9984350090088391,0.0006801993435491573
1 mcg,545.776,1.0029913515668758,-0.001297188271688231
1 mcg,546.0093,1.0058735903287719,-0.002543405697889591
1 mcg,546.2426,1.0030354228114886,-0.0013162706673905135
1 mcg,546.4759,0.9986662604838018,0.0005796223307643436
1 mcg,546.7092,0.9946230428351055,0.0023414835109823195
1 mcg,546.9425,0.9946107518278995,0.002346850317660341
1 mcg,547.1758,1.0049407006613107,-0.0021404357511511235
1 mcg,547.4091,1.0095036094366303,-0.004107876083629313
1 mcg,547.6424,1.0032721062129415,-0.0014187378058514864
1 mcg,547.8757,0.9961630071905496,0.0016695899588997588
1 mcg,548.109,0.9948184213909242,0.002256181349071151
1 mcg,548.3423,1.0076244135129229,-0.003298681380164884
1 mcg,548.5756,1.0021039181451967,-0.0009127601908097707
1 mcg,548.8089,1.0026772516812357,-0.0011611619630605505
1 mcg,549.0422,1.0050154222348966,-0.0021727261745417338
1 mcg,549.2755,1.004898841130825,-0.0021223453884832762
1 mcg,549.5088,1.0000465375413758,-2.021052715040001e-05
1 mcg,549.7421,1.004913261378766,-0.0021285774477893924
1 mcg,549.9754,1.010085831910567,-0.004358279467108109
1 mcg,550.2087,1.018161626344086,-0.00781672481577271
1 mcg,550.442,1.0213138686131387,-0.009159229314213332
1 mcg,550.6753,1.014001459466185,-0.0060385800837614865
1 mcg,550.9086,1.0069350377438635,-0.0030014530169516244
1 mcg,551.1419,1.015764395782644,-0.006792986021498133
1 mcg,551.3752000000001,1.0165096962299973,-0.007111525619506605
1 mcg,551.6085,1.011353564058324,-0.004903009276551195
1 mcg,551.8418,1.017099724247475,-0.007363536567891202
1 mcg,552.0751,1.012501869603644,-0.005395833820332159
1 mcg,552.3084,1.0156106858495495,-0.0067272616986119105
1 mcg,552.5417,1.0208887467371006,-0.008978416611126167
1 mcg,552.775,1.0167569794993305,-0.0072171622889605795
1 mcg,553.0083,1.010619390293561,-0.004587626592405244
1 mcg,553.2416000000001,1.0106057645167152,-0.004581771134212725
1 mcg,553.4749,1.0155754625793978,-0.00671219929591205
1 mcg,553.7082,1.0179205281022365,-0.007713872741466634
1 mcg,553.9415,1.013022479712293,-0.005619082780498439
1 mcg,554.1748,1.0150942218245007,-0.006506355667244529
1 mcg,554.4081,1.0194131752829931,-0.00835024227576647
1 mcg,554.6414,1.013576922675517,-0.0058567138833025174
1 mcg,554.8747,1.0090272208740814,-0.0039028825064281515
1 mcg,555.1080000000001,1.0147486807180253,-0.0063584953603462715
1 mcg,555.3413,1.0229926453193796,-0.009872511416274182
1 mcg,555.5746,1.0191757314361627,-0.008249073714938162
1 mcg,555.8079,1.0148365261948191,-0.0063960900429697095
1 mcg,556.0412,1.0194825268817205,-0.008379786716532214
1 mcg,556.2745,1.0152852385139979,-0.006588071913951405
1 mcg,556.5078,1.0118128679725835,-0.005100198351803031
1 mcg,556.7411,1.0117931378056666,-0.005091729605817052
1 mcg,556.9744000000001,0.9992114672790378,0.00034259049918174546
1 mcg,557.2077,0.9981323090592981,0.0008118862820015967
1 mcg,557.441,1.0151644442543424,-0.006536398355211121
1 mcg,557.6743,1.0080474938717012,-0.0034809942528543775
1 mcg,557.9076,1.0062970495224508,-0.0027261993339745935
1 mcg,558.1409,1.0115451286505186,-0.004985262971080453
1 mcg,558.3742,1.0090303225115185,-0.0039042174773046925
1 mcg,558.6075,1.0045887344112336,-0.001988303616015525
1 mcg,558.8408000000001,1.0052056222576857,-0.002254908997995896
1 mcg,559.0741,1.0090022941955774,-0.0038921537050442714
1 mcg,559.3074,1.0060018427496404,-0.0025987762420431834
1 mcg,559.5407,0.9889698484479416,0.004816948900587625
1 mcg,559.774,1.0031895438898453,-0.0013829969170563242
1 mcg,560.0073,1.0143943599624092,-0.006206825864931893
1 mcg,560.2406,1.0018785354812558,-0.0008150722619541472
1 mcg,560.4739,0.9860959751227959,0.0060808138237282774
1 mcg,560.7072000000001,0.9912305013680134,0.0038253426570030464
1 mcg,560.9405,1.0058076408352903,-0.002514930509405519
1 mcg,561.1738,1.0092819303981952,-0.004012497964821513
1 mcg,561.4071,1.0028041419671103,-0.0012161190932643588
1 mcg,561.6404,0.9967804738386659,0.001400478095799444
1 mcg,561.8737,0.9965726837889375,0.0014910210805916643
1 mcg,562.107,1.0024485403417087,-0.0010620878066847411
1 mcg,562.3403,1.005707354581587,-0.002471626067997566
1 mcg,562.5736,0.999698785459944,0.00013083551838499171
1 mcg,562.8069,0.9943312236060985,0.002468922823106042
1 mcg,563.0402,0.9935880271759114,0.002793650423093809
1 mcg,563.2735,1.007331256264678,-0.003172309789910385
1 mcg,563.5068,1.010141774538598,-0.004382331781397573
1 mcg,563.7401,1.0077603132762754,-0.0033572513560318996
1 mcg,563.9734,1.0003157089443684,-0.00013708901345131375
1 mcg,564.2067,0.9951443991707769,0.002113896929667351
1 mcg,564.44,0.9982364472349742,0.0007665773830819589
1 mcg,564.6733,1.0086100754042882,-0.00372330218384232
1 mcg,564.9066,1.0152432811455743,-0.0065701240216586125
1 mcg,565.1399,0.9968813850951717,0.0013565135672075645
1 mcg,565.3732,0.9992350786468434,0.0003323282414600752
1 mcg,565.6065,0.998131743144283,0.0008121325157280424
1 mcg,565.8398,0.9991281995973541,0.00037878323988187055
1 mcg,566.0731,0.9999503239740821,2.157455981265006e-05
1 mcg,566.3064,0.9961056694657391,0.0016945880505615434
1 mcg,566.5397,0.9959594222217446,0.0017583554158343987
1 mcg,566.773,1.003276589143931,-0.001420678363980992
1 mcg,567.0063,0.9920747167631295,0.0034556183135905183
1 mcg,567.2396,0.9938560494858911,0.0026765144369056623
1 mcg,567.4729,0.992309063045725,0.003353042089279029
1 mcg,567.7062,0.9832481454437707,0.007336864063190339
1 mcg,567.9395,0.9793287719298247,0.009071486066977108
1 mcg,568.1728,0.9843360846024046,0.006856593877876196
1 mcg,568.4061,0.9975379983662753,0.0010705521159176789
1 mcg,568.6394,1.00792634885001,-0.0034287985215617433
1 mcg,568.8727,0.983960150225654,0.007022489869015022
1 mcg,569.106,0.9779176635706053,0.009697709386476919
1 mcg,569.3393,0.9808334989314563,0.008404709880473961
1 mcg,569.5726,0.9922732504725597,0.003368716120841438
1 mcg,569.8059,0.999548607054475,0.00019608172369511525
1 mcg,570.0392,0.987691754093607,0.0053785719948798464
1 mcg,570.2725,0.9795160509201604,0.008988443008764186
1 mcg,570.5058,0.9824100322246797,0.007707211229807656
1 mcg,570.7391,0.9825492977678372,0.00764565040654721
1 mcg,570.9724,0.9830647523162743,0.0074178752019692495
1 mcg,571.2057,0.9841205805475305,0.006951685859214178
1 mcg,571.439,0.9813521367521368,0.008175127577171893
1 mcg,571.6723000000001,0.9781351672609949,0.009601126460463646
1 mcg,571.9056,0.9763467339569166,0.010395922187667578
1 mcg,572.1389,0.983094608341811,0.007404685724653663
1 mcg,572.3722,0.9881695799864938,0.005168519650560626
1 mcg,572.6055,0.9797669980917947,0.008877193158936791
1 mcg,572.8388,0.9807825358859655,0.008427275937286068
1 mcg,573.0721,0.9747959914337851,0.011086265393926884
1 mcg,573.3054,0.9810876462423163,0.008292192845234374
1 mcg,573.5387000000001,0.9981749138479039,0.0007933490304356397
1 mcg,573.772,0.9851494230200218,0.0064978926785991785
1 mcg,574.0053,0.9711096261431833,0.012731740903872572
1 mcg,574.2386,0.9822380256535151,0.007783256916055819
1 mcg,574.4719,0.987678675754625,0.005384322663581378
1 mcg,574.7052,0.9855129072802862,0.006337683384643065
1 mcg,574.9385,0.97979957351999,0.008862753916180632
1 mcg,575.1718,0.9776333722279669,0.009823981889695023
1 mcg,575.4051000000001,0.981154344883723,0.008262668605048358
1 mcg,575.6384,0.9743890098051121,0.011267623118334638
1 mcg,575.8717,0.969938637084384,0.013255740392123176
1 mcg,576.105,0.9649761867855656,0.015483403832612578
1 mcg,576.3383,0.9701637019733313,0.013154978243848104
1 mcg,576.5716,0.9629652174172507,0.016389399434723555
1 mcg,576.8049,0.9623960578085601,0.016646164632774716
1 mcg,577.0382,0.9584672384619872,0.018422727228633657
1 mcg,577.2715000000001,0.9680157687253613,0.014117568089713258
1 mcg,577.5048,0.9749116195838762,0.011034753395602297
1 mcg,577.7381,0.9684139865917365,0.013938946764643157
1 mcg,577.9714,0.9661980096963512,0.014933861466330217
1 mcg,578.2047,0.9563892132332499,0.01936533077844517
1 mcg,578.438,0.9614998656282641,0.017050772119112902
1 mcg,578.6713,0.9631580685101113,0.01630243286685101
1 mcg,578.9046,0.952685247396782,0.02105055990445945
1 mcg,579.1379000000001,0.9426313837677474,0.025658105028051065
1 mcg,579.3712,0.9475904904690513,0.02337930628352685
1 mcg,579.6045,0.9531096785788857,0.020857120284203983
1 mcg,579.8378,0.9508091759902086,0.021906635670525303
1 mcg,580.0711,0.9414095904585698,0.026221381701801105
1 mcg,580.3044,0.9396746054328127,0.027022509730181908
1 mcg,580.5377,0.9404117792777262,0.026681939688231196
1 mcg,580.771,0.941348448991017,0.02624958862104042
1 mcg,581.0043000000001,0.9351706433101782,0.029109134917760928
1 mcg,581.2376,0.9298683816930902,0.03157851934891914
1 mcg,581.4709,0.9308793364511773,0.031106610006443755
1 mcg,581.7042,0.9320748959984521,0.030549188920724186
1 mcg,581.9375,0.9329594484394693,0.03013723267548076
1 mcg,582.1708,0.9281210253399864,0.03239538885627745
1 mcg,582.4041,0.9296248588066817,0.031692271465985807
1 mcg,582.6374,0.9306596666983078,0.031209107307648486
1 mcg,582.8707,0.9335996925314829,0.029839299991716153
1 mcg,583.104,0.9345818509006159,0.029382657005527738
1 mcg,583.3373,0.9374086733086081,0.028071032517704948
1 mcg,583.5706,0.9402246559546908,0.026768364289366624
1 mcg,583.8039,0.9405616379133366,0.026612738520310368
1 mcg,584.0372,0.9408550748708026,0.026477268210536524
1 mcg,584.2705000000001,0.9365130910820065,0.028486147445240657
1 mcg,584.5038000000001,0.9341934685857957,0.029563173407756355
1 mcg,584.7371,0.9415216045176666,0.026169710044388936
1 mcg,584.9704,0.9466299631767205,0.02381975315730902
1 mcg,585.2037,0.9476981050818261,0.0233299877442182
1 mcg,585.437,0.9488304869563969,0.02281136940116797
1 mcg,585.6703,0.9458235575174538,0.024189873263681376
1 mcg,585.9036,0.9479365803473205,0.023220717225782225
1 mcg,586.1369000000001,0.9496626219299309,0.022430655192982235
1 mcg,586.3702000000001,0.9505007346640366,0.022047543122142632
1 mcg,586.6035,0.9507309140989266,0.02194238428053193
1 mcg,586.8368,0.9532682831934826,0.020784856430483518
1 mcg,587.0701,0.9544022717729366,0.02026853558113841
1 mcg,587.3034,0.9549957420967862,0.01999856473875898
1 mcg,587.5367,0.9556633222643335,0.019695081610659672
1 mcg,587.77,0.954334370812566,0.020299434566110337
1 mcg,588.0033000000001,0.9525319544750414,0.02112044618315253
1 mcg,588.2366000000001,0.9534251134858754,0.020713412819409263
1 mcg,588.4699,0.9608629392143297,0.017338557168194314
1 mcg,588.7032,0.9638172077589515,0.01600532417711631
1 mcg,588.9365,0.963546474244481,0.016127333399633063
1 mcg,589.1698,0.964695149437953,0.01560990513658978
1 mcg,589.4031,0.9692677749587325,0.01355622591970997
1 mcg,589.6364,0.9661987022997311,0.014933550149482899
1 mcg,589.8697000000001,0.96142082421772,0.017086475358088618
1 mcg,590.1030000000001,0.9666028477117202,0.014751929718900839
1 mcg,590.3363,0.973062993471319,0.01185904376922437
1 mcg,590.5696,0.970496401824643,0.013006070446251338
1 mcg,590.8029,0.9604787701665598,0.017512230074969125
1 mcg,591.0362,0.9637754079587748,0.016024159508208808
1 mcg,591.2695,0.9685678675007791,0.013869942886608023
1 mcg,591.5028000000001,0.9683715102336135,0.013957996110042923
1 mcg,591.7361000000001,0.964495550129952,0.015699771709536917
1 mcg,591.9694000000001,0.9680898240769373,0.014084344870194535
1 mcg,592.2027,0.9681471408596968,0.014058632766840534
1 mcg,592.436,0.9661639267340338,0.01494918162161149
1 mcg,592.6693,0.9672383816437286,0.014466478270787817
1 mcg,592.9026,0.9759271766047218,0.010582588049173522
1 mcg,593.1359,0.9735138738921539,0.011657854814858582
1 mcg,593.3692000000001,0.9666057115430766,0.01475064300190465
1 mcg,593.6025000000001,0.9670301011222723,0.01456000725325528
1 mcg,593.8358000000001,0.9771033161435576,0.010059512781983344
1 mcg,594.0691,0.9781225261301552,0.00960673919071626
1 mcg,594.3024,0.9714796277866964,0.012566302251629474
1 mcg,594.5357,0.968579153769762,0.013864882285335323
1 mcg,594.769,0.974785859810286,0.01109077929333115
1 mcg,595.0023,0.9756301537245834,0.01071478544541132
1 mcg,595.2356000000001,0.9738197498164719,0.011521421873370258
1 mcg,595.4689000000001,0.969550283277505,0.013429662414401368
1 mcg,595.7022000000001,0.9744670485703093,0.011232841888625915
1 mcg,595.9355,0.9815875484460244,0.00807095932290311
1 mcg,596.1688,0.9827483296213808,0.00755768567814389
1 mcg,596.4021,0.9823768460699772,0.007721882097191257
1 mcg,596.6354,0.9811832234176225,0.008249886107152452
1 mcg,596.8687,0.9723067917130916,0.012196680623509032
1 mcg,597.1020000000001,0.9767208410636983,0.010229545298120956
1 mcg,597.3353000000001,0.9811111111111112,0.008281805861756268
1 mcg,597.5686000000001,0.9774305917379978,0.009914072495189425
1 mcg,597.8019,0.975599672838129,0.01072835399649796
1 mcg,598.0352,0.98524363379371,0.006456362671133596
1 mcg,598.2685,0.9886887265088374,0.004940417844381281
1 mcg,598.5018,0.9852339390830525,0.0064606361116438865
1 mcg,598.7351,0.975545001246572,0.010752692089773835
1 mcg,598.9684000000001,0.9804060697266114,0.008594008680043293
1 mcg,599.2017000000001,0.9820825820275072,0.007851991428028277
1 mcg,599.4350000000001,0.9828706049628279,0.007503653327114449
1 mcg,599.6683,0.9779857337041866,0.00966748040538315
1 mcg,599.9016,0.9799707624448644,0.008786881346563065
1 mcg,600.1349,0.9811925573826005,0.008245754697130086
1 mcg,600.3682,0.9842435780282263,0.006897410203979374
1 mcg,600.6015,0.9815431145724794,0.008090619131042184
1 mcg,600.8348000000001,0.9849658320152616,0.006578834705032894
1 mcg,601.0681000000001,0.9873330930230775,0.0055363062388253245
1 mcg,601.3014000000001,0.9859449090769584,0.006147351136178688
1 mcg,601.5347,0.981955025381488,0.0079084029217442
1 mcg,601.768,0.9847290577258281,0.00668324657957082
1 mcg,602.0013,0.9864041043048911,0.0059451293631987345
1 mcg,602.2346,0.9887249205980324,0.004924519407309559
1 mcg,602.4679,0.9855763651976142,0.006309719736600386
1 mcg,602.7012000000001,0.9826408154118401,0.0076052007751864145
1 mcg,602.9345000000001,0.9819511252030005,0.007910127877893513
1 mcg,603.1678,0.988696556205328,0.004936978561191921
1 mcg,603.4011,0.9904191117022664,0.00418098784460374
1 mcg,603.6344,0.9874268000416798,0.005495089642045057
1 mcg,603.8677,0.9844672750787841,0.006798715776669174
1 mcg,604.101,0.9890221489161168,0.004793982372143583
1 mcg,604.3343,0.987207528308355,0.005591541428428526
1 mcg,604.5676000000001,0.9830805015389195,0.007410917628030313
1 mcg,604.8009000000001,0.9855624606670862,0.006315846814817925
1 mcg,605.0342,0.9865677921531504,0.005873066776251254
1 mcg,605.2675,0.9808029623344618,0.008418231117292039
1 mcg,605.5008,0.9823846273100159,0.007718442138033924
1 mcg,605.7341,0.9857499425528712,0.0062332395643732675
1 mcg,605.9674,0.9851786644249351,0.00648500205304421
1 mcg,606.2007,0.9843659923310855,0.006843398624327647
1 mcg,606.4340000000001,0.9836947599756403,0.007139642039584398
1 mcg,606.6673000000001,0.9767499453327326,0.010216604410004888
1 mcg,606.9006,0.9800250966937489,0.008762802658473038
1 mcg,607.1339,0.9899566077485017,0.004383841188701501
1 mcg,607.3672,0.9893986269483485,0.004628696669603304
1 mcg,607.6005,0.9861235689128149,0.006068661190136251
1 mcg,607.8338,0.9895776715079474,0.004550112540504402
1 mcg,608.0671,0.9878102836879432,0.005326456889109535
1 mcg,608.3004000000001,0.9853679409792084,0.006401571635207909
1 mcg,608.5337000000001,0.9803322989086418,0.008626688470164484
1 mcg,608.767,0.98135860725473,0.008172264084851442
1 mcg,609.0003,0.9858884575987925,0.006172217908273904
1 mcg,609.2336,0.9821476040573626,0.007823238475366517
1 mcg,609.4669,0.9789810492139899,0.00922571504206171
1 mcg,609.7002,0.984189890166982,0.006921100455406294
1 mcg,609.9335000000001,0.9784152144582597,0.009476802594938365
1 mcg,610.1668000000001,0.9825819383498563,0.00763122325339043
1 mcg,610.4001000000001,0.981130888973819,0.008273051165202272
1 mcg,610.6334,0.9762172679367653,0.010453514541284207
1 mcg,610.8667,0.9729032310269212,0.011930354306169682
1 mcg,611.1,0.9742303667469763,0.011338337600312932
1 mcg,611.3333,0.9759943701847589,0.010552687461120753
1 mcg,611.5666,0.9822456376095549,0.0077798913187068835
1 mcg,611.7999000000001,0.976657123981502,0.010257877733221414
1 mcg,612.0332000000001,0.9754534152704442,0.010793466376154089
1 mcg,612.2665000000001,0.9740647639567876,0.011412166638846664
1 mcg,612.4998,0.9751014026112704,0.010950218860829123
1 mcg,612.7331,0.9741767858649701,0.011362223656536288
1 mcg,612.9664,0.976186848206313,0.010467047724264393
1 mcg,613.1997,0.9778034280018293,0.0097484445116711
1 mcg,613.433,0.9793648833002573,0.009055472364300599
1 mcg,613.6663000000001,0.9730465040117898,0.011866403356434142
1 mcg,613.8996000000001,0.9738104612692424,0.011525564307374139
1 mcg,614.1329000000001,0.9751304181051017,0.0109372960188083
1 mcg,614.3662,0.9803086164613816,0.008637180096737166
1 mcg,614.5995,0.9824582493899423,0.0076858963671202095
1 mcg,614.8328,0.9823486427462279,0.007734350554434999
1 mcg,615.0661,0.9785330207047399,0.009424514443496677
1 mcg,615.2994,0.975958037370555,0.010568855007687478
1 mcg,615.5327000000001,0.9693177772300278,0.0135338222548457
1 mcg,615.7660000000001,0.9789235508540018,0.009251223149522717
1 mcg,615.9993000000001,0.9803138900219488,0.00863484382012424
1 mcg,616.2326,0.9732730918709884,0.011765283419534811
1 mcg,616.4659,0.9718048998288449,0.012420915559835979
1 mcg,616.6992,0.9792801959361594,0.009093028178089872
1 mcg,616.9325,0.9825844878209588,0.007630096406099714
1 mcg,617.1658,0.9801939239757763,0.00868799391885019
1 mcg,617.3991000000001,0.9663968802681914,0.014844480714351117
1 mcg,617.6324000000001,0.9821525150241477,0.007821066907228967
1 mcg,617.8657000000001,0.9797669630610474,0.008877208686772033
1 mcg,618.099,0.9717457727306786,0.012447339951888138
1 mcg,618.3323,0.9715084854039943,0.012553401808369754
1 mcg,618.5656,0.9727573067920253,0.01199549834222143
1 mcg,618.7989,0.9715864837254101,0.01251853553456946
1 mcg,619.0322,0.9797210261250102,0.008897571310018755
1 mcg,619.2655000000001,0.9730446939065941,0.011867211251458806
1 mcg,619.4988000000001,0.9682350423430862,0.014019203433577175
1 mcg,619.7321000000001,0.966402689785484,0.014841869950832923
1 mcg,619.9654,0.9705936103682715,0.012962572067647758
1 mcg,620.1987,0.9693343834396008,0.01352638204939846
1 mcg,620.432,0.9650467040076129,0.015451668208569965
1 mcg,620.6653,0.9653631424989553,0.015309286535443514
1 mcg,620.8986,0.9722656853085412,0.01221504176445982
1 mcg,621.1319000000001,0.9721236217222471,0.01227850377949313
1 mcg,621.3652000000001,0.971156140602059,0.012710939453146133
1 mcg,621.5985000000001,0.9647585477420453,0.015581364898822518
1 mcg,621.8318,0.9666330918746207,0.014738341234650622
1 mcg,622.0651,0.9739231595779783,0.011475306661118451
1 mcg,622.2984,0.9701924022603823,0.013142130729653189
1 mcg,622.5317,0.9679315275908479,0.014155364015213053
1 mcg,622.765,0.9761431777213699,0.010486476663413086
1 mcg,622.9983000000001,0.9731123279478432,0.011837025515585206
1 mcg,623.2316000000001,0.9693622306332735,0.013513905747060469
1 mcg,623.4649000000001,0.9662903180608098,0.014892371939306882
1 mcg,623.6982,0.9729630257322824,0.011903663355028127
1 mcg,623.9315,0.9771192091501597,0.010052448852488152
1 mcg,624.1648,0.9684046552562838,0.0139431315111221
1 mcg,624.3981,0.9620870367264799,0.0167856370472363
1 mcg,624.6314,0.968108512860356,0.014075960981666543
1 mcg,624.8647000000001,0.9759175229646784,0.01058688400837777
1 mcg,625.0980000000001,0.9771418675887362,0.010042378105073803
1 mcg,625.3313,0.9721137735886372,0.012282903437779913
1 mcg,625.5646,0.9692834912062394,0.013549184084203495
1 mcg,625.7979,0.9684232050338306,0.01393481268610464
1 mcg,626.0312,0.9658206101504289,0.015103531200014828
1 mcg,626.2645,0.9676175012191994,0.014296285190079371
1 mcg,626.4978,0.9750593425836693,0.010968952124683084
1 mcg,626.7311000000001,0.9685526170845584,0.01387678104836842
1 mcg,626.9644000000001,0.9705907499101151,0.012963851988523368
1 mcg,627.1977,0.970434129615461,0.013033937983388665
1 mcg,627.431,0.9654662261380322,0.01526291407354154
1 mcg,627.6643,0.9631601804850536,0.016301480564121364
1 mcg,627.8976,0.9659694989106753,0.015036586487111307
1 mcg,628.1309,0.9687510117835508,0.013787830899276094
1 mcg,628.3642,0.9679683305351253,0.014138851471392856
1 mcg,628.5975000000001,0.9598325156487906,0.017804541830507007
1 mcg,628.8308000000001,0.9628486083977462,0.01644199294412098
1 mcg,629.0641,0.9625436591231633,0.01657956261296533
1 mcg,629.2974,0.9596462663489453,0.01788882204677571
1 mcg,629.5307,0.9564024699712402,0.019359310961224202
1 mcg,629.764,0.95962890625,0.017896678549360764
1 mcg,629.9973,0.96172019195275,0.016951265557725175
1 mcg,630.2306000000001,0.9606846049046321,0.01741916886796214
1 mcg,630.4639000000001,0.9543579631525944,0.020288698395688635
1 mcg,630.6972000000001,0.9596964510259751,0.017866111221744002
1 mcg,630.9305,0.9609641261984011,0.01729282469865623
1 mcg,631.1638,0.9590794598436388,0.018145409990911344
1 mcg,631.3971,0.9580778630292697,0.018599194355875266
1 mcg,631.6304,0.9562515076439322,0.019427867121019553
1 mcg,631.8637,0.9558059870646683,0.019630253433340874
1 mcg,632.0970000000001,0.960947413869517,0.017300377670853948
1 mcg,632.3303000000001,0.9629426323774452,0.0163995853407238
1 mcg,632.5636000000001,0.9627754328538205,0.016475000150379008
1 mcg,632.7969,0.9556871003364237,0.019684275967301452
1 mcg,633.0302,0.9511552815510248,0.02174857621123136
1 mcg,633.2635,0.9532538053702753,0.020791452355877444
1 mcg,633.4968,0.9514015604533287,0.02163614060193362
1 mcg,633.7301,0.9515576670661415,0.021564887114517938
1 mcg,633.9634000000001,0.9568076451624941,0.019175363206605518
1 mcg,634.1967000000001,0.9543590272347908,0.020288214169867265
1 mcg,634.4300000000001,0.9601616238524967,0.01765565608624569
1 mcg,634.6633,0.9590913285462986,0.018140035587230752
1 mcg,634.8966,0.9551092026867395,0.019946970392256985
1 mcg,635.1299,0.9525370051635111,0.02111814339393207
1 mcg,635.3632,0.954436291436464,0.02025305543270417
1 mcg,635.5965,0.9570759676487579,0.01905358884672449
1 mcg,635.8298000000001,0.9597983540168311,0.017819999185865076
1 mcg,636.0631000000001,0.9618808471310367,0.016878722804666006
1 mcg,636.2964000000001,0.966588584847448,0.014758338068477954
1 mcg,636.5297,0.9626175879851098,0.016546207592069553
1 mcg,636.763,0.9535175014677344,0.02067133122719744
1 mcg,636.9963,0.952760294130414,0.021016350181213332
1 mcg,637.2296,0.9610358761296203,0.017260399517405288
1 mcg,637.4629,0.9634633832938753,0.01616478618299624
1 mcg,637.6962000000001,0.958908174511988,0.018222979077627276
1 mcg,637.9295000000001,0.9585913185913186,0.018366508481053458
1 mcg,638.1628000000001,0.9657097937885853,0.015153364155693797
1 mcg,638.3961,0.968578970288934,0.013864964555037662
1 mcg,638.6294,0.9623855564499723,0.016650903541390052
1 mcg,638.8627,0.9561807249068995,0.01946001524276536
1 mcg,639.096,0.9522789984520893,0.021235793488783305
1 mcg,639.3293,0.9590357641378862,0.018165196918888644
1 mcg,639.5626000000001,0.9688398855195343,0.013747990318682407
1 mcg,639.7959000000001,0.9731709511683776,0.011810863094656687
1 mcg,640.0292000000001,0.9697092642293573,0.013358455287577503
1 mcg,640.2625,0.9660360287728539,0.015006676063333163
1 mcg,640.4958,0.9649557945041816,0.015492581622674305
1 mcg,640.7291,0.9671979838117584,0.014484617461945883
1 mcg,640.9624,0.9699261987068978,0.013261309768511156
1 mcg,641.1957,0.9739309765073374,0.011471820928564634
1 mcg,641.4290000000001,0.9752609208042875,0.010879177833925315
1 mcg,641.6623000000001,0.9706278426153117,0.012947255035197525
1 mcg,641.8956000000001,0.9748495064540623,0.011062423851414328
1 mcg,642.1289,0.9769297836471775,0.010136649864067534
1 mcg,642.3622,0.9736832182356144,0.01158231514361608
1 mcg,642.5955,0.9684035815548113,0.013943613027687199
1 mcg,642.8288,0.9689421016094171,0.013702173106907436
1 mcg,643.0621,0.9752690441021311,0.010875560454554754
1 mcg,643.2954000000001,0.9852441820527815,0.006456120999109562
1 mcg,643.5287000000001,0.9741969598043092,0.011353230073500186
1 mcg,643.7620000000001,0.9727276351703621,0.012008745652730513
1 mcg,643.9953,0.9753138847858198,0.010855593027171076
1 mcg,644.2286,0.9821889084304986,0.007804974536148326
1 mcg,644.4619,0.9870793888836816,0.005647916461503455
1 mcg,644.6952,0.9873686420890648,0.005520669686811142
1 mcg,644.9285,0.9847880400878999,0.0066572344018512196
1 mcg,645.1618000000001,0.9836550981924064,0.007157152797553288
1 mcg,645.3951000000001,0.9857029545905214,0.006253941669706682
1 mcg,645.6284,0.9915853693357571,0.0036698897941145367
1 mcg,645.8617,0.9896738061240677,0.0045079241336186465
1 mcg,646.095,0.9850685278384451,0.006533556074088767
1 mcg,646.3283,0.9891861057998727,0.004721992408621295
1 mcg,646.5616,0.9914492475184119,0.0037295125094520135
1 mcg,646.7949,0.988899984317039,0.004847629996020652
1 mcg,647.0282000000001,0.9904858767955268,0.00415171262770429
1 mcg,647.2615000000001,0.985407869804842,0.006383973622740938
1 mcg,647.4948,0.982334647815075,0.0077405377311709584
1 mcg,647.7281,0.9833228660412057,0.007303861702251813
1 mcg,647.9614,0.9876493156737194,0.005397232844758177
1 mcg,648.1947,0.9917257125635909,0.003608426627717014
1 mcg,648.428,0.986540292734644,0.005885172393581689
1 mcg,648.6613,0.9831183218616848,0.007394210103554835
1 mcg,648.8946000000001,0.9809968079265987,0.008332405772059088
1 mcg,649.1279000000001,0.9805918293206511,0.008511729788329479
1 mcg,649.3612,0.9801525147688561,0.008706341482028484
1 mcg,649.5945,0.9766169104687172,0.010275760023565514
1 mcg,649.8278,0.972746654976936,0.012000253947562246
1 mcg,650.0611,0.9758091605607414,0.01063510919740777
1 mcg,650.2944,0.973649194426848,0.011597491137510078
1 mcg,650.5277000000001,0.9748198093466635,0.011075654084632123
1 mcg,650.7610000000001,0.9814439553181421,0.008134495443510588
1 mcg,650.9943000000001,0.992763614875022,0.0031541482584901076
1 mcg,651.2276,1.0011509935628324,-0.0004995826999300672
1 mcg,651.4609,0.9993980697565986,0.0002614936915783554
1 mcg,651.6942,0.9985695644680799,0.0006216749973130104
1 mcg,651.9275,1.0120464119164958,-0.005200429477139759
1 mcg,652.1608,1.015169870096157,-0.006538719562258721
1 mcg,652.3941000000001,1.0181280236695855,-0.007802391436320552
1 mcg,652.6274000000001,1.0311373280208946,-0.013316508959554012
1 mcg,652.8607000000001,1.0276328416497154,-0.011837975235544482
1 mcg,653.094,1.028940614741868,-0.012390310200573837
1 mcg,653.3273,1.028151819261357,-0.012057248316077547
1 mcg,653.5606,1.02825794489729,-0.01210207379679483
1 mcg,653.7939,1.028931784534791,-0.012386583137409944
1 mcg,654.0272,1.0183743525764621,-0.007907453219463359
1 mcg,654.2605000000001,1.0186961153597383,-0.008044650046593606
1 mcg,654.4938000000001,1.0368913026551427,-0.015733231672242318
1 mcg,654.7271000000001,1.040968147362633,-0.017437440714873156
1 mcg,654.9604,1.040410691235508,-0.01720480634652769
1 mcg,655.1937,1.0347265331911701,-0.014825585716769936
1 mcg,655.427,1.035678202068417,-0.01522483574171098
1 mcg,655.6603,1.048242109226042,-0.020461601881724484
1 mcg,655.8936,1.0397083781811733,-0.016911543619272783
1 mcg,656.1269000000001,1.0241213280720636,-0.01035141073243488
1 mcg,656.3602000000001,1.0174912406434145,-0.007530679168407937
1 mcg,656.5935000000001,1.0220155300608416,-0.009457495180771068
1 mcg,656.8268,1.0423975232198142,-0.018033370803870664
1 mcg,657.0601,1.0645071559009642,-0.027148585227470694
1 mcg,657.2934,1.058368550744992,-0.024636926378958812
1 mcg,657.5267,1.0474847130811895,-0.020147693621216746
1 mcg,657.76,1.0517637263359383,-0.021918188607317732
1 mcg,657.9933000000001,1.058697869002484,-0.02477203891188479
1 mcg,658.2266000000001,1.0516065651074753,-0.021853288713375815
1 mcg,658.4599000000001,1.0595768957556384,-0.02513247986751978
1 mcg,658.6932,1.0802935268876108,-0.033541773808791135
1 mcg,658.9265,1.0801962139007875,-0.03350265074106663
1 mcg,659.1598,1.0657030530468612,-0.027636209954615923
1 mcg,659.3931,1.067193393069001,-0.02824312788941792
1 mcg,659.6264,1.0669734649641915,-0.0281536188968921
1 mcg,659.8597000000001,1.0688384115077192,-0.028912052921596244
1 mcg,660.0930000000001,1.0750284738041003,-0.03141996736997901
1 mcg,660.3263000000001,1.0564701734593147,-0.02385724044665164
1 mcg,660.5596,1.0666968477531857,-0.028041011688274817
1 mcg,660.7929,1.0955439745880486,-0.03962981461022285
1 mcg,661.0262,1.0825316518298713,-0.034440603421793343
1 mcg,661.2595,1.042125823651084,-0.01792015775276202
1 mcg,661.4928,1.0431301540206814,-0.01833849984209894
1 mcg,661.7261000000001,1.0802061750964858,-0.03350665563603155
1 mcg,661.9594000000001,1.0858676364386668,-0.03577688946300487
1 mcg,662.1927000000001,1.049295023666883,-0.020897613204538007
1 mcg,662.426,1.0544345784854052,-0.02301963947221098
1 mcg,662.6593,1.0649181350382038,-0.027316222922445108
1 mcg,662.8926,1.0703743484441637,-0.02953569266717086
1 mcg,663.1259,1.0740007457121552,-0.0310045829078214
1 mcg,663.3592,1.065823776850119,-0.027685404438973292
1 mcg,663.5925000000001,1.0681709611848882,-0.028640767259231207
1 mcg,663.8258000000001,1.084488034004267,-0.03522476446954157
1 mcg,664.0591000000001,1.106972896089398,-0.044136987434353375
1 mcg,664.2924,1.0997094194632206,-0.041277944980918704
1 mcg,664.5257,1.0807650125702328,-0.03373127689699475
1 mcg,664.759,1.0799506970418224,-0.03340392910599475
1 mcg,664.9923,1.0949379344731822,-0.03938950229965285
1 mcg,665.2256,1.077704045483609,-0.032499513114056106
1 mcg,665.4589000000001,1.0500336997830755,-0.02120323754133859
1 mcg,665.6922000000001,1.0372921709008232,-0.0159011000131643
1 mcg,665.9255,1.052190674053555,-0.022094448169153225
1 mcg,666.1588,1.0757869119410197,-0.03172625633700502
1 mcg,666.3921,1.085179103569908,-0.03550142230697757
1 mcg,666.6254,1.067763520094863,-0.028475079200167862
1 mcg,666.8587,1.068880650430378,-0.02892921526192551
1 mcg,667.092,1.068229378740206,-0.028664517884479653
1 mcg,667.3253000000001,1.0933926067558954,-0.038776132976085814
1 mcg,667.5586000000001,1.1320000799152898,-0.05384645751194182
1 mcg,667.7919,1.123268552061859,-0.050483600193224315
1 mcg,668.0252,1.10786574378819,-0.044487133799680674
1 mcg,668.2585,1.1191407045408266,-0.04888469185822608
1 mcg,668.4918,1.129395769765656,-0.052846156722205016
1 mcg,668.7251,1.1214708532612463,-0.04978799086388414
1 mcg,668.9584,1.124816372301654,-0.05108162910935142
1 mcg,669.1917000000001,1.1382455914255643,-0.05623597690400667
1 mcg,669.4250000000001,1.1165386878806571,-0.047873775900059055
1 mcg,669.6583,1.1317587130200055,-0.053753846663594854
1 mcg,669.8916,1.1449918775174133,-0.058802405835837956
1 mcg,670.1249,1.16610386639213,-0.06673723532175739
1 mcg,670.3582,1.166594348404767,-0.06691986814871206
1 mcg,670.5915,1.1576783787948837,-0.06358792233160607
1 mcg,670.8248000000001,1.1375954402876598,-0.055987842649160624
1 mcg,671.0581000000001,1.136501942249921,-0.055570182258704
1 mcg,671.2914000000001,1.1475483601979248,-0.059770996714352646
1 mcg,671.5247,1.1608411590015248,-0.06477279812915156
1 mcg,671.758,1.1613582018173123,-0.06496619138323947
1 mcg,671.9913,1.1414841290925044,-0.05746987754726613
1 mcg,672.2246,1.1283140096618358,-0.05242998057408817
1 mcg,672.4579,1.1410974234905902,-0.0573227247671614
1 mcg,672.6912000000001,1.13911067996584,-0.0565659236955475
1 mcg,672.9245000000001,1.1391717156480712,-0.0565891933833172
1 mcg,673.1578000000001,1.1587399581535918,-0.06398598349569888
1 mcg,673.3911,1.1639574642985195,-0.06593710973141943
1 mcg,673.6244,1.1342877378453777,-0.0547232371911873
1 mcg,673.8577,1.1140660474716204,-0.0469109387750384
1 mcg,674.091,1.1069814376911018,-0.044140338515656144
1 mcg,674.3243,1.1282886984467058,-0.052420238034098995
1 mcg,674.5576000000001,1.1217674460270537,-0.04990283252145928
1 mcg,674.7909000000001,1.1219796572030014,-0.04998498272711697
1 mcg,675.0242000000001,1.129749932677754,-0.05298232412345995
1 mcg,675.2575,1.1381995064540622,-0.05621839295362422
1 mcg,675.4908,1.1142090547066965,-0.04696668346570998
1 mcg,675.7241,1.119205469221268,-0.048909823755763214
1 mcg,675.9574,1.1471378464045472,-0.05961560825505215
1 mcg,676.1907,1.1458571571872809,-0.05913048175712679
1 mcg,676.4240000000001,1.0876587759815242,-0.036492668384688384
1 mcg,676.6573000000001,1.0715778142990322,-0.030023713496036396
1 mcg,676.8906000000001,1.0931286026634863,-0.03867125814514761
1 mcg,677.1239,1.101325556196899,-0.04191571711933237
1 mcg,677.3572,1.0798917618761277,-0.0333802281021072
1 mcg,677.5905,1.05463832055192,-0.023103547482725556
1 mcg,677.8238,1.0675890402682537,-0.0284041067270737
1 mcg,678.0571,1.1087871795682271,-0.044848195735477075
1 mcg,678.2904000000001,1.0934333762387634,-0.03879232627320165
1 mcg,678.5237000000001,1.0640476704609723,-0.02696108524698479
1 mcg,678.7570000000001,1.069127306850172,-0.029029422113030095
1 mcg,678.9903,1.0795250055638572,-0.033232706561517715
1 mcg,679.2236,1.1164257121116883,-0.04782983005560764
1 mcg,679.4569,1.1347892772157753,-0.054915223433278045
1 mcg,679.6902,1.106669985617878,-0.04401813145428538
1 mcg,679.9235,1.0549608036576181,-0.02323632402097432
1 mcg,680.1568000000001,1.0207083708091678,-0.00890167642600346
1 mcg,680.3901000000001,1.0282257217847768,-0.01208846384677958
1 mcg,680.6234000000001,1.0471439787478893,-0.020006399803720824
1 mcg,680.8567,1.0204671705193475,-0.008799037575724295
1 mcg,681.09,1.02434729811779,-0.010447226253432118
1 mcg,681.3233,1.0427386797599563,-0.018175483730555515
1 mcg,681.5566,1.0151018141824435,-0.006509603943864837
1 mcg,681.7899,0.9490694402572605,0.022702010526068264
1 mcg,682.0232000000001,0.932676420822136,0.03026900258342717
1 mcg,682.2565000000001,0.9454968975689145,0.02433989185427881
1 mcg,682.4898000000001,0.9420965295381202,0.02590459604157649
1 mcg,682.7231,0.9163555077615477,0.037936005474273254
1 mcg,682.9564,0.9256463204777812,0.033554920883707234
1 mcg,683.1897,0.9026559200547245,0.04447776518888395
1 mcg,683.423,0.8972539819241925,0.047084605634603455
1 mcg,683.6563,0.9127462586892511,0.03964993853045999
1 mcg,683.8896000000001,0.8593445730533934,0.06583266134951153
1 mcg,684.1229000000001,0.8003898897553107,0.09669840585692918
1 mcg,684.3562000000001,0.8001186207640255,0.09684562235266213
1 mcg,684.5895,0.7924209664646896,0.10104404209429693
1 mcg,684.8228,0.788107715088802,0.10341442099814525
1 mcg,685.0561,0.7678782206276161,0.11470765015472605
1 mcg,685.2894,0.7482031051158055,0.1259804937696479
1 mcg,685.5227,0.7407384926656551,0.13033508653792242
1 mcg,685.7560000000001,0.7166075404301128,0.1447186263262578
1 mcg,685.9893000000001,0.698546684773545,0.15580456412098861
1 mcg,686.2226,0.6971365290302167,0.15668216021198017
1 mcg,686.4559,0.7297472787349928,0.13682751584331218
1 mcg,686.6892,0.6960761287393038,0.15734325969497975
1 mcg,686.9225,0.6478408103985579,0.18853169730664215
1 mcg,687.1558,0.59740764000027,0.22372922768310813
1 mcg,687.3891,0.5628798272357723,0.24958431552024904
1 mcg,687.6224000000001,0.5520936434108528,0.25798725312699217
1 mcg,687.8557000000001,0.5459745853446641,0.2628275728657018
1 mcg,688.089,0.5248796996457089,0.2799402237689869
1 mcg,688.3223,0.4793553231429338,0.3193424455144203
1 mcg,688.5556,0.4609281591424449,0.33636675903405694
1 mcg,688.7889,0.44430563827675207,0.35231817548984284
1 mcg,689.0222,0.42988579985551545,0.3666469004197383
1 mcg,689.2555,0.41299237191149046,0.3840579698141595
1 mcg,689.4888000000001,0.3977776907648868,0.40035957779628933
1 mcg,689.7221000000001,0.387372749041541,0.411870934358154
1 mcg,689.9554,0.37901554298151946,0.4213429797609651
1 mcg,690.1887,0.3660148877143003,0.43650124924856404
1 mcg,690.422,0.3678891404749894,0.43428303168883897
1 mcg,690.6553,0.3628165974660765,0.4403128538526959
1 mcg,690.8886,0.35729613574895336,0.4469716807804356
1 mcg,691.1219000000001,0.35632340493549997,0.4481556502830007
1 mcg,691.3552000000001,0.35626777120146697,0.4482234631455687
1 mcg,691.5885000000001,0.36078167786905657,0.44275552601483364
1 mcg,691.8218,0.37215232632936956,0.42927926188277593
1 mcg,692.0551,0.3781342573283283,0.42235397565331567
1 mcg,692.2884,0.3850444824424454,0.4144890955217214
1 mcg,692.5217,0.3914840468207505,0.4072859309722765
1 mcg,692.755,0.40053615756069205,0.3973582727875155
1 mcg,692.9883000000001,0.41419462583108857,0.38279554037024516
1 mcg,693.2216000000001,0.42742050582432567,0.36914464606356745
1 mcg,693.4549000000001,0.44024848421126417,0.35630213064703864
1 mcg,693.6882,0.45624204045734384,0.3408046991176216
1 mcg,693.9215,0.46759810721822964,0.330127255479278
1 mcg,694.1548,0.48208908221989216,0.31687270379047433
1 mcg,694.3881,0.4943823268221264,0.3059370627995318
1 mcg,694.6214,0.5099214115187968,0.29249675169357736
1 mcg,694.8547000000001,0.5303530622748327,0.27543491917542173
1 mcg,695.0880000000001,0.5481805383875842,0.26107638693025426
1 mcg,695.3213000000001,0.5595344204561292,0.2521731921483911
1 mcg,695.5546,0.574254591230724,0.2408955238853131
1 mcg,695.7879,0.5813569097315985,0.23555716135009527
1 mcg,696.0212,0.5886505021302998,0.2301424811836628
1 mcg,696.2545,0.593730559653974,0.22641059711145511
1 mcg,696.4878,0.6030856513000066,0.21962100420250125
1 mcg,696.7211000000001,0.6182911165444173,0.20880699329322455
1 mcg,696.9544000000001,0.6222281192704815,0.2060503664705454
1 mcg,697.1877000000001,0.6195767345310884,0.20790489861856368
1 mcg,697.421,0.6364213358657802,0.19625526916773728
1 mcg,697.6543,0.6553208265623046,0.18354602963678318
1 mcg,697.8876,0.6470941290181773,0.18903254044448325
1 mcg,698.1209,0.6528574080950612,0.1851816635025277
1 mcg,698.3542,0.6698652930119382,0.17401252324468655
1 mcg,698.5875000000001,0.6761303398815092,0.16996957560435771
1 mcg,698.8208000000001,0.6735098503629566,0.17165604815629892
1 mcg,699.0541000000001,0.67358339498111,0.17160862750152273
1 mcg,699.2874,0.6757913712658304,0.17018735774543686
1 mcg,699.5207,0.6746044909990716,0.17095077193777075
1 mcg,699.754,0.6741131005669949,0.17126723279494097
1 mcg,699.9873,0.6725932168307756,0.17224751690217233
1 mcg,700.2206,0.6721900317013033,0.17250793222538952
1 mcg,700.4539000000001,0.6744708936636022,0.17103678727307464
1 mcg,700.6872000000001,0.6770228208202427,0.16939669203972318
1 mcg,700.9205000000001,0.6795800767351823,0.16775936183772464
1 mcg,701.1538,0.6817982132896337,0.16634414121136576
1 mcg,701.3871,0.6762757340102041,0.16987619556228956
1 mcg,701.6204,0.6874639229517248,0.16275008800548157
1 mcg,701.8537,0.6921387339371452,0.1598068457968752
1 mcg,702.087,0.689219795697741,0.1616422572849062
1 mcg,702.3203000000001,0.6922366461547108,0.15974541341880485
1 mcg,702.5536000000001,0.7065337196750183,0.15086710639952175
1 mcg,702.7869000000001,0.7150729497235694,0.14564965044184147
1 mcg,703.0202,0.7146177121208268,0.14592622381646603
1 mcg,703.2535,0.709604453723034,0.14898366738536659
1 mcg,703.4868,0.7191332051142074,0.1431906577563005
1 mcg,703.7201,0.7233983971405434,0.1406224578550024
1 mcg,703.9534,0.7281074083354213,0.13780455007348819
1 mcg,704.1867000000001,0.7309026739744228,0.13614044926637278
1 mcg,704.4200000000001,0.7352248972725518,0.1335797946510488
1 mcg,704.6533000000001,0.746703261615009,0.12685195166048568
1 mcg,704.8866,0.7522338599424861,0.12364712178411214
1 mcg,705.1199,0.7536053073471521,0.12285605163839393
1 mcg,705.3532,0.7646696623116301,0.11652613977316377
1 mcg,705.5865,0.7706345060515355,0.11315154884979424
1 mcg,705.8198,0.7740717816675332,0.11121876420518688
1 mcg,706.0531000000001,0.7781814289360791,0.10891913771477596
1 mcg,706.2864000000001,0.7793382877088334,0.10827398700705534
1 mcg,706.5197000000001,0.7841657587399891,0.10559212545706206
1 mcg,706.753,0.7951331072476683,0.09956016328778872
1 mcg,706.9863,0.7923901700004633,0.10106092074206709
1 mcg,707.2196,0.7935859987144332,0.10040600306998385
1 mcg,707.4529,0.7979685201888463,0.09801424120308254
1 mcg,707.6862,0.7981546622676143,0.0979129451641377
1 mcg,707.9195000000001,0.7998971816466548,0.09696583339960398
1 mcg,708.1528000000001,0.8049164598039454,0.0942491915934438
1 mcg,708.3861,0.8096051046072478,0.09172676224368924
1 mcg,708.6194,0.8193465871330183,0.0865323509387405
1 mcg,708.8527,0.8070476782852084,0.09310080752759517
1 mcg,709.086,0.8106581680002342,0.091162237091764
1 mcg,709.3193,0.820077452736958,0.08614512846046475
1 mcg,709.5526000000001,0.8261053304640549,0.08296457553321698
1 mcg,709.7859000000001,0.824306907036779,0.08391106109843983
1 mcg,710.0192000000001,0.8250777386756893,0.08350513037452072
1 mcg,710.2525,0.8289718432418192,0.08146022039348613
1 mcg,710.4858,0.8277614966948077,0.08209477866234322
1 mcg,710.7191,0.8330045676651796,0.07935261719303957
1 mcg,710.9524,0.839547588561673,0.07595468146283209
1 mcg,711.1857,0.844658171034704,0.07331901231506166
1 mcg,711.4190000000001,0.848183444115213,0.07151020888595133
1 mcg,711.6523000000001,0.849013331204598,0.07108549041194943
1 mcg,711.8856000000001,0.8476172702244812,0.07180020310944638
1 mcg,712.1189,0.8499420358901063,0.07061069116975807
1 mcg,712.3522,0.8593114291043781,0.06584941191989857
1 mcg,712.5855,0.8546775550684612,0.06819770102261637
1 mcg,712.8188,0.853462758712989,0.06881542479917875
1 mcg,713.0521,0.8589962068865673,0.06600875390085333
1 mcg,713.2854000000001,0.8662096541577025,0.062376980241303684
1 mcg,713.5187000000001,0.8737580835389994,0.05860879336913212
1 mcg,713.7520000000001,0.8762070534880193,0.05739325506266521
1 mcg,713.9853,0.8693339019504092,0.06081338359477496
1 mcg,714.2186,0.8727791702576835,0.059095627165470094
1 mcg,714.4519,0.8784213451917731,0.05629711963080941
1 mcg,714.6852,0.8745518892748133,0.05821441768081812
1 mcg,714.9185,0.8728499147987941,0.05906042614354743
1 mcg,715.1518000000001,0.8779407044958304,0.05653481505046833
1 mcg,715.3851000000001,0.8870707392088238,0.05204174609491487
1 mcg,715.6184000000001,0.8923377245508982,0.04947074635282895
1 mcg,715.8517,0.8928102073365229,0.04924085316838495
1 mcg,716.085,0.8911169409333015,0.05006529992549397
1 mcg,716.3183,0.8783106220110672,0.05635186499590863
1 mcg,716.5516,0.8844606026267539,0.05332150751725585
1 mcg,716.7849,0.8941999306806787,0.04856536813495177
1 mcg,717.0182000000001,0.8940626064634717,0.04863206879958368
1 mcg,717.2515000000001,0.8909498172569359,0.05014675690831481
1 mcg,717.4848000000001,0.8959151477738294,0.04773312047026575
1 mcg,717.7181,0.8993569991529015,0.04606788114105714
1 mcg,717.9514,0.8962903820816864,0.04755126388184486
1 mcg,718.1847,0.8892375874030052,0.050982188284441815
1 mcg,718.418,0.8952533845374969,0.0480540284471064
1 mcg,718.6513,0.9048296672754704,0.04343316833591255
1 mcg,718.8846000000001,0.9102170790103751,0.040855019796035716
1 mcg,719.1179000000001,0.9045635580910124,0.04356091254276259
1 mcg,719.3512000000001,0.8966041879068307,0.04739923693957819
1 mcg,719.5845,0.90026485620406,0.04562970315388927
1 mcg,719.8178,0.91450723446366,0.03881285456676646
1 mcg,720.0511,0.9174381175267778,0.03742321985299768
1 mcg,720.2844,0.898127136093042,0.046662181600538095
1 mcg,720.5177,0.8929750879181451,0.04916065682320814
1 mcg,720.7510000000001,0.911363330243319,0.040308449742339963
1 mcg,720.9843000000001,0.9272772623769945,0.03279038935460561
1 mcg,721.2176000000001,0.9186272560760645,0.03686067301800335
1 mcg,721.4509,0.9110669724842952,0.04044969688946552
1 mcg,721.6842,0.9173166868930435,0.03748070617663593
1 mcg,721.9175,0.9187341443993852,0.036810142938250516
1 mcg,722.1508,0.9159096718766883,0.03814735486911189
1 mcg,722.3841,0.9220434767626484,0.035248600342313155
1 mcg,722.6174000000001,0.92223008221196,0.03516071563907996
1 mcg,722.8507000000001,0.9161824678756517,0.03801802316647527
1 mcg,723.0840000000001,0.9178573401845406,0.037224814643246056
1 mcg,723.3173,0.9240396461414956,0.03430939487177463
1 mcg,723.5506,0.9249231715627396,0.03389434029025588
1 mcg,723.7839,0.9203499894581489,0.03604698832200634
1 mcg,724.0172,0.9232395389831943,0.03468560454090183
1 mcg,724.2505,0.9208682366577103,0.03580250681320668
1 mcg,724.4838000000001,0.9239268646864687,0.03436240488397239
1 mcg,724.7171000000001,0.932143037917356,0.030517439779337817
1 mcg,724.9504000000001,0.9268557303299341,0.03298786067501023
2 mcg,375.0004,0.8700338000965716,0.06046387507070581
2 mcg,375.23370000000006,0.8631036301731165,0.06393705676408477
2 mcg,375.46700000000004,0.8838890798670792,0.05360223162053506
2 mcg,375.7003,0.9128617308992564,0.03959499908675537
2 mcg,375.9336,0.9347147302904566,0.029320913153381024
2 mcg,376.16690000000006,0.9604617297105309,0.01751993523400256
2 mcg,376.40020000000004,0.9566986788348277,0.019224825781436253
2 mcg,376.6335,0.8891267095073323,0.05103634328339431
2 mcg,376.8668,0.8932975070906103,0.04900387798735366
2 mcg,377.10010000000005,0.8960195774858912,0.04768250116242242
2 mcg,377.33340000000004,0.8995495721772911,0.045974898655464815
2 mcg,377.5667,0.8900580129323957,0.05058168563000818
2 mcg,377.8,0.8443778823753149,0.0734631511201326
2 mcg,378.03330000000005,0.8369013148526131,0.0773257498224282
2 mcg,378.26660000000004,0.8796868976383232,0.0556718765136472
2 mcg,378.4999,0.8531474233529027,0.06897591652697005
2 mcg,378.7332,0.8617185053322125,0.06463458051691885
2 mcg,378.96650000000005,0.9033886870783602,0.044125352307063485
2 mcg,379.19980000000004,0.8922473046399616,0.04951475531599431
2 mcg,379.4331,0.8975293284265451,0.04695135114440219
2 mcg,379.6664,0.9182063921132134,0.03705968820925584
2 mcg,379.89970000000005,0.8841639830291879,0.053467180326171704
2 mcg,380.13300000000004,0.8778798586572439,0.05656491495077705
2 mcg,380.3663,0.8516780266147355,0.06972455745457692
2 mcg,380.5996,0.8287323279924601,0.0815857194465225
2 mcg,380.83290000000005,0.8430636068924766,0.07413965778296307
2 mcg,381.06620000000004,0.8573399207552707,0.06684695352734604
2 mcg,381.2995,0.8267286251199069,0.08263702485390827
2 mcg,381.5328,0.8277165725047082,0.08211834928913915
2 mcg,381.76610000000005,0.838222010178117,0.07664093957303914
2 mcg,381.99940000000004,0.8374580289938099,0.0770369493456159
2 mcg,382.2327,0.8291825139691036,0.081349865004131
2 mcg,382.466,0.8666454840233986,0.06215852169212546
2 mcg,382.69930000000005,0.8698936291518025,0.06053384979142666
2 mcg,382.93260000000004,0.8606069364161849,0.06519515786404519
2 mcg,383.1659,0.8725422408336175,0.05921353913452122
2 mcg,383.3992,0.8351850992404202,0.07821726263610138
2 mcg,383.63250000000005,0.8481608493446705,0.07152177821678218
2 mcg,383.86580000000004,0.9166201518918826,0.037810599023111895
2 mcg,384.0991,0.968292900623003,0.013993252316477092
2 mcg,384.3324,0.9520786251116833,0.02132718497460847
2 mcg,384.56570000000005,0.9373192713987833,0.028112453734311392
2 mcg,384.79900000000004,0.9168160867142785,0.0377177750560588
2 mcg,385.0323,0.8686179174890482,0.06117121643549107
2 mcg,385.2656,0.7974581423974136,0.09829210325874979
2 mcg,385.49890000000005,0.8018678678678677,0.09589718905188224
2 mcg,385.73220000000003,0.8844760479041915,0.053313923527449535
2 mcg,385.9655,0.8810926826009252,0.0549784055209423
2 mcg,386.1988,0.8354642458990285,0.07807213121764275
2 mcg,386.43210000000005,0.8439965239221743,0.07365934205269467
2 mcg,386.66540000000003,0.889406994424734,0.0508994595192836
2 mcg,386.8987,0.9089562776601057,0.041457006577406724
2 mcg,387.132,0.8881205763184881,0.05152806792086035
2 mcg,387.36530000000005,0.8586817952103811,0.06616774441871748
2 mcg,387.59860000000003,0.84222296983387,0.07457291829919452
2 mcg,387.8319,0.8681824951596088,0.06138897492697649
2 mcg,388.0652,0.8471380635121334,0.07204580414962872
2 mcg,388.29850000000005,0.8616270840533913,0.06468065805029624
2 mcg,388.53180000000003,0.8944181067441505,0.048459417441246905
2 mcg,388.7651,0.8974338071703947,0.04699757421569213
2 mcg,388.9984,0.8738096421059606,0.05858316735097674
2 mcg,389.23170000000005,0.9028568476520121,0.044381103732166416
2 mcg,389.46500000000003,0.9897597546430398,0.004470209336536694
2 mcg,389.6983,1.0146830693050157,-0.006330413928556786
2 mcg,389.9316,0.9891792936405115,0.00472498324461271
2 mcg,390.16490000000005,0.928019628461269,0.032442837959730714
2 mcg,390.39820000000003,0.8931333634795425,0.04908368702547699
2 mcg,390.6315,0.9070671318534997,0.04236056970436925
2 mcg,390.86480000000006,0.909744056344673,0.04108077312028487
2 mcg,391.09810000000004,0.9069248945147679,0.04242867683004623
2 mcg,391.33140000000003,0.9113228375876771,0.040327746247921833
2 mcg,391.5647,0.926025185108832,0.033377201649541395
2 mcg,391.79800000000006,0.90591594449732,0.04291209651136333
2 mcg,392.03130000000004,0.9185359675785207,0.036903833136023
2 mcg,392.26460000000003,0.9010132669983416,0.0452688141910245
2 mcg,392.4979,0.8448679075119342,0.07321118634381513
2 mcg,392.73120000000006,0.8306907678426694,0.08056061618369166
2 mcg,392.96450000000004,0.8845874263261297,0.053259238057064354
2 mcg,393.19780000000003,0.9470495258166491,0.02362730903635363
2 mcg,393.4311,0.9167613732453915,0.037743693522171454
2 mcg,393.66440000000006,0.9292787484415296,0.03185399456218718
2 mcg,393.89770000000004,0.9408745609025939,0.026468273638818464
2 mcg,394.13100000000003,0.9434658298465828,0.025273824357348994
2 mcg,394.3643,0.95046029818169,0.0220660193989836
2 mcg,394.59760000000006,0.9337707289352689,0.029759744092444477
2 mcg,394.83090000000004,0.9146904053395201,0.0387258764303789
2 mcg,395.0642,0.9177397364035752,0.03728046375474828
2 mcg,395.2975,0.9310055818530395,0.031047715194052895
2 mcg,395.53080000000006,0.8856759665269278,0.05272514006460987
2 mcg,395.76410000000004,0.8740908369064633,0.05844343244876909
2 mcg,395.9974,0.8860581355849955,0.05253778247472181
2 mcg,396.2307,0.8757497199551927,0.05761999288772811
2 mcg,396.46400000000006,0.8542768176864394,0.06840137882662212
2 mcg,396.69730000000004,0.864283136405718,0.06334396072130685
2 mcg,396.9306,0.9037147855659653,0.04396861222282923
2 mcg,397.1639,0.8957520295679401,0.04781219914939467
2 mcg,397.39720000000005,0.8704171163139869,0.060272577379780506
2 mcg,397.63050000000004,0.9167137033552838,0.037766276616423025
2 mcg,397.8638,0.9773984343246921,0.0099283609950695
2 mcg,398.0971,0.9642185049660221,0.01582453793545035
2 mcg,398.33040000000005,0.9413081390426845,0.026268186158414523
2 mcg,398.56370000000004,0.9475492441594139,0.02339821047760808
2 mcg,398.797,0.9275408970105152,0.03266693243591178
2 mcg,399.0303,0.8521594183222458,0.06947915168727217
2 mcg,399.26360000000005,0.8952184235517568,0.04807098862835264
2 mcg,399.49690000000004,0.9359919826400966,0.028727871251294054
2 mcg,399.7302,0.922137853328761,0.0352041500257953
2 mcg,399.9635,0.8805760548030515,0.05523312833401448
2 mcg,400.19680000000005,0.879808019817309,0.05561208356564731
2 mcg,400.43010000000004,0.8967311320754717,0.0473377524515091
2 mcg,400.6634,0.903888625217529,0.04388507885351551
2 mcg,400.8967,0.886732114331798,0.052207562625224836
2 mcg,401.13000000000005,0.895364436066604,0.048000159814944925
2 mcg,401.36330000000004,0.8971126871552403,0.04715300139747843
2 mcg,401.5966,0.905629559150016,0.04304941083972861
2 mcg,401.8299,0.9040350047303689,0.04381475307893531
2 mcg,402.06320000000005,0.8678698671497587,0.06154539027939515
2 mcg,402.29650000000004,0.8675406421229,0.061710170443420274
2 mcg,402.5298,0.9231276790444539,0.034738226959374285
2 mcg,402.7631,0.9383585574113075,0.02763118107691136
2 mcg,402.99640000000005,0.9827585028784228,0.007553189952844635
2 mcg,403.22970000000004,0.9789872773536897,0.009222952130458414
2 mcg,403.463,0.9415472127417519,0.026157897931830622
2 mcg,403.6963,0.9032607851361638,0.044186844155557264
2 mcg,403.92960000000005,0.8952466546834433,0.04805729316468862
2 mcg,404.16290000000004,0.9167554068699054,0.037746519963662135
2 mcg,404.3962,0.964296639857897,0.01578934655777823
2 mcg,404.6295,0.9490436828281851,0.022713797293864236
2 mcg,404.86280000000005,0.9612129507422074,0.01718038643452631
2 mcg,405.09610000000004,0.9660021823748799,0.01502189243306032
2 mcg,405.3294,0.9696032094073316,0.013405955651399282
2 mcg,405.5627,0.9555810580340777,0.019732467621207003
2 mcg,405.79600000000005,0.9539847473784557,0.020458568883248
2 mcg,406.02930000000003,0.954545019844116,0.02020358386664807
2 mcg,406.2626,0.9410303573393702,0.026396366145202976
2 mcg,406.4959,0.9370871082320174,0.02822003678976719
2 mcg,406.72920000000005,0.9318471833177715,0.03065530318619525
2 mcg,406.96250000000003,0.9655602261197276,0.015220632235989484
2 mcg,407.1958,0.9830251303935515,0.007435379571992772
2 mcg,407.4291,0.94063676555592,0.02657805050381029
2 mcg,407.66240000000005,0.9039629980027332,0.04384934617521238
2 mcg,407.89570000000003,0.9201700071855554,0.03613192660925067
2 mcg,408.129,0.9422706554036184,0.025824333656026512
2 mcg,408.3623,0.9159498046287948,0.038128325644425386
2 mcg,408.59560000000005,0.9226391466376982,0.03496812266503678
2 mcg,408.82890000000003,0.9111891011402339,0.04039148355468396
2 mcg,409.0622,0.9124615407263467,0.0397854315315645
2 mcg,409.2955,0.9260596616206589,0.03336103288829933
2 mcg,409.52880000000005,0.9376747311827957,0.02794778736804896
2 mcg,409.76210000000003,0.9167334785766158,0.0377569081769197
2 mcg,409.9954,0.901707984295049,0.044934084788836405
2 mcg,410.2287,0.8836210346207448,0.053733954286585624
2 mcg,410.46200000000005,0.9125693764283381,0.03973410916771701
2 mcg,410.69530000000003,0.9517527593818984,0.02147585537769318
2 mcg,410.9286,0.9417717848339858,0.026054325015044396
2 mcg,411.16190000000006,0.9206537554208868,0.035903670978984906
2 mcg,411.39520000000005,0.9369214008228329,0.028296840937943803
2 mcg,411.62850000000003,0.9414503377892769,0.026202584402420872
2 mcg,411.8618,0.9282040418590857,0.03235654478008334
2 mcg,412.09510000000006,0.9117807159337395,0.04010959731954645
2 mcg,412.32840000000004,0.9275055820027805,0.03268346799247374
2 mcg,412.56170000000003,0.912011415808413,0.03999972549661545
2 mcg,412.795,0.8858189597539778,0.052655028467143865
2 mcg,413.02830000000006,0.8660638020833333,0.062450112749331356
2 mcg,413.26160000000004,0.8779717209838687,0.05651947226980459
2 mcg,413.49490000000003,0.9157138776676051,0.038240204019188005
2 mcg,413.7282,0.9618107943002457,0.016910353194082302
2 mcg,413.96150000000006,0.945423568517823,0.02437357534635513
2 mcg,414.19480000000004,0.9440867797735096,0.024988083832654336
2 mcg,414.42810000000003,0.9247469036079699,0.033977114187452175
2 mcg,414.6614,0.91205311811792,0.039979867555662386
2 mcg,414.89470000000006,0.9164129593937248,0.03790877789229969
2 mcg,415.12800000000004,0.9190217603625425,0.036674205378313784
2 mcg,415.3613,0.9268809177700076,0.03297605881928376
2 mcg,415.5946,0.9592521896871489,0.018067200763515763
2 mcg,415.82790000000006,0.9709032969726682,0.012824024142033293
2 mcg,416.06120000000004,1.014141242698123,-0.006098444792812341
2 mcg,416.2945,1.0152236286919831,-0.006561717135430219
2 mcg,416.5278,0.9420839340685033,0.025910402431205633
2 mcg,416.76110000000006,0.9090521273809079,0.04141121250433256
2 mcg,416.99440000000004,0.9565672402304707,0.019284496588408053
2 mcg,417.2277,1.012318389803564,-0.005317126325616602
2 mcg,417.461,1.0059168275616537,-0.002562073339895673
2 mcg,417.69430000000006,1.0022743569969286,-0.0009866191563607967
2 mcg,417.92760000000004,1.0490492381312178,-0.02079587269960508
2 mcg,418.1609,1.045442756832071,-0.019300258031203252
2 mcg,418.3942,0.9887910638793003,0.0048954671394080065
2 mcg,418.62750000000005,0.9616822895270816,0.016968381906985613
2 mcg,418.86080000000004,0.9560366535234796,0.01952545697302431
2 mcg,419.0941,0.9580140014738393,0.018628143616245547
2 mcg,419.3274,0.9682201722017221,0.01402587337387963
2 mcg,419.56070000000005,0.9575646243801701,0.018831906586890886
2 mcg,419.79400000000004,1.019165118952861,-0.008244551465446493
2 mcg,420.0273,1.02803001639551,-0.012005795364143158
2 mcg,420.2606,0.9770486148282959,0.010083826632918586
2 mcg,420.49390000000005,0.952345627896813,0.02120540765864411
2 mcg,420.72720000000004,0.9812612168772215,0.008215365762575363
2 mcg,420.9605,1.0170862294570293,-0.0073577743483512915
2 mcg,421.1938,1.0249226742802762,-0.010691101098931692
2 mcg,421.42710000000005,1.0220060227009498,-0.009453455111885367
2 mcg,421.66040000000004,1.0346893006245041,-0.014809958216498938
2 mcg,421.8937,1.036234693877551,-0.015458128683915056
2 mcg,422.127,1.0457982197854268,-0.0194478982145932
2 mcg,422.36030000000005,1.0429159884396904,-0.018249325467216596
2 mcg,422.59360000000004,1.0196903925949572,-0.008468327449577494
2 mcg,422.8269,1.0248360025692054,-0.010654373803857671
2 mcg,423.0602,1.039583793622237,-0.01685950053723276
2 mcg,423.29350000000005,1.045390226112327,-0.01927843533957158
2 mcg,423.52680000000004,1.039574272588055,-0.0168555230304963
2 mcg,423.7601,1.0560926454490585,-0.023702018237971176
2 mcg,423.9934,1.0598033252230332,-0.02522527781630747
2 mcg,424.22670000000005,1.066532862503647,-0.027974241673975775
2 mcg,424.46000000000004,1.0757979228516308,-0.031730701411762784
2 mcg,424.6933,1.083354660794175,-0.03477065608141244
2 mcg,424.9266,1.069989086238036,-0.029379347955517714
2 mcg,425.15990000000005,1.0279022886280091,-0.011951833018644428
2 mcg,425.39320000000004,1.0891548185504933,-0.03708961718758294
2 mcg,425.6265,1.118161051924369,-0.04850436072813021
2 mcg,425.8598,1.0989534246066048,-0.04097928672287783
2 mcg,426.09310000000005,1.0901471162845642,-0.037485110306921365
2 mcg,426.32640000000004,1.0933719364395367,-0.03876792266888835
2 mcg,426.5597,1.1005022306520984,-0.04159092717915829
2 mcg,426.793,1.10403129395218,-0.04298138371757343
2 mcg,427.02630000000005,1.1121940376569037,-0.046180562544831646
2 mcg,427.25960000000003,1.087535903250189,-0.03644360339775963
2 mcg,427.4929,1.071908615334314,-0.030157761524878757
2 mcg,427.7262,1.0989476734558703,-0.04097701392449686
2 mcg,427.95950000000005,1.1138892339801723,-0.04684200640062094
2 mcg,428.19280000000003,1.0727417971178743,-0.030495202319075994
2 mcg,428.4261,1.0428152913372748,-0.018207390826469032
2 mcg,428.6594,1.0653673334397737,-0.027499376206697047
2 mcg,428.89270000000005,1.0565738471820005,-0.023899856620547805
2 mcg,429.12600000000003,1.044809644761884,-0.019037172973430157
2 mcg,429.3593,1.0372336438022898,-0.01587659514003961
2 mcg,429.5926,1.0514423755113558,-0.021785476087289684
2 mcg,429.82590000000005,1.0539340842720066,-0.022813449840363455
2 mcg,430.05920000000003,1.0377553836729472,-0.016094995091644512
2 mcg,430.2925,1.0295347508227086,-0.012641010338054606
2 mcg,430.5258,1.0327333501432072,-0.013988201954875634
2 mcg,430.75910000000005,1.0181572172213558,-0.007814844110619057
2 mcg,430.99240000000003,1.0268742726633435,-0.011517273167783799
2 mcg,431.2257,1.0291153002745683,-0.012464035080980347
2 mcg,431.45900000000006,1.023413357400722,-0.010051081003861723
2 mcg,431.69230000000005,1.0434832296333918,-0.01848547368302165
2 mcg,431.92560000000003,1.0475270826222087,-0.020165259973736253
2 mcg,432.1589,1.0391613798920971,-0.01668299794620585
2 mcg,432.39220000000006,1.0420384822623538,-0.017883757663688583
2 mcg,432.62550000000005,1.0388761807215203,-0.01656378891057515
2 mcg,432.85880000000003,1.046200417182492,-0.01961488887055891
2 mcg,433.0921,1.0433221642466979,-0.018418433594845893
2 mcg,433.32540000000006,1.029074671029541,-0.012446888892176081
2 mcg,433.55870000000004,1.0357082055153142,-0.015237417007455248
2 mcg,433.79200000000003,1.0262810962828215,-0.011266329435107744
2 mcg,434.0253,1.0278911880478128,-0.011947142935929455
2 mcg,434.25860000000006,1.0453776999777962,-0.019273231480225493
2 mcg,434.49190000000004,1.0441995542219447,-0.01878350347056836
2 mcg,434.72520000000003,1.0411431703792295,-0.017510454611724135
2 mcg,434.9585,1.0408619250969422,-0.01739312226208959
2 mcg,435.19180000000006,1.030503474467097,-0.013049460394071016
2 mcg,435.42510000000004,1.0211031175059953,-0.009069602128546263
2 mcg,435.65840000000003,1.01532061232994,-0.00660320301688084
2 mcg,435.8917,1.0214952252509981,-0.009236340961623148
2 mcg,436.12500000000006,1.0251591899052495,-0.010791309225309444
2 mcg,436.35830000000004,1.0191219040077428,-0.008226135990106694
2 mcg,436.5916,1.023749400949767,-0.010193660639745503
2 mcg,436.8249,1.0262471428386948,-0.011251961015569217
2 mcg,437.05820000000006,1.0207410691664556,-0.008915588811841221
2 mcg,437.29150000000004,1.0247635177518504,-0.010623655845641877
2 mcg,437.5248,1.020694473555509,-0.0088957633348227
2 mcg,437.7581,1.028365044510143,-0.012147305977080382
2 mcg,437.99140000000006,1.0384599698193238,-0.01638976016659587
2 mcg,438.22470000000004,1.0213258026159333,-0.009164303994426188
2 mcg,438.458,1.0125801926566647,-0.005429427787098768
2 mcg,438.6913,1.0140571019214992,-0.006062410964948697
2 mcg,438.92460000000005,1.0171506876581347,-0.007385297043301229
2 mcg,439.15790000000004,1.017147152962081,-0.007383787825761254
2 mcg,439.3912,1.0081569620442263,-0.00352815358054945
2 mcg,439.6245,1.0034425503652866,-0.0014925130730739772
2 mcg,439.85780000000005,0.9964645416789514,0.001538150678648627
2 mcg,440.09110000000004,0.9934544798990446,0.0028520274787403894
2 mcg,440.3244,0.9855562668942952,0.006318576149492375
2 mcg,440.5577,0.9835639839197542,0.007197382608481393
2 mcg,440.79100000000005,0.9874855952720776,0.005469230830087514
2 mcg,441.02430000000004,0.9835652777923217,0.007196811297050769
2 mcg,441.2576,0.9785303768176009,0.00942568786035859
2 mcg,441.4909,0.9751833590138675,0.01091371833113636
2 mcg,441.72420000000005,0.9747007587356674,0.011128695867656673
2 mcg,441.95750000000004,0.969342093311938,0.01352292778041402
2 mcg,442.1908,0.9698404575556895,0.013299702952295224
2 mcg,442.4241,0.9726086376521593,0.012061877819443387
2 mcg,442.65740000000005,0.9711105816796873,0.012731313574129747
2 mcg,442.89070000000004,0.9705059309583205,0.013001806205963135
2 mcg,443.124,0.9705061595268437,0.01300170392319132
2 mcg,443.3573,0.9713640355156601,0.012617980198207672
2 mcg,443.59060000000005,0.97174268075377,0.012448721826328585
2 mcg,443.82390000000004,0.9647273865054963,0.015595392628015547
2 mcg,444.0572,0.9716657225427975,0.012483117608834509
2 mcg,444.2905,0.9747624575845669,0.011101205767406037
2 mcg,444.52380000000005,0.9737053315497803,0.011572451996048208
2 mcg,444.75710000000004,0.9717351207453888,0.012452100583647636
2 mcg,444.9904,0.973919835234474,0.011476789064005843
2 mcg,445.2237,0.9767138928799111,0.010232634787445186
2 mcg,445.45700000000005,0.977574772411127,0.00985001449105411
2 mcg,445.69030000000004,0.9772276664168557,0.010004246158191062
2 mcg,445.9236,0.9739077746301541,0.011482167213363719
2 mcg,446.1569,0.9740466151654924,0.011420258496424663
2 mcg,446.39020000000005,0.9744722099157608,0.011230541618015615
2 mcg,446.62350000000004,0.9741517858543641,0.011373368970331824
2 mcg,446.8568,0.9746140270032193,0.011167342383969533
2 mcg,447.0901,0.9731892483200499,0.011802697748891635
2 mcg,447.32340000000005,0.9778953506965019,0.009707618675379516
2 mcg,447.55670000000003,0.9775464549092491,0.009862594923035388
2 mcg,447.79,0.9751202941909749,0.010941804936572411
2 mcg,448.0233,0.9773040816899561,0.009970287404141966
2 mcg,448.25660000000005,0.9769314404453706,0.010135913334467568
2 mcg,448.48990000000003,0.96954878511945,0.013430333490765577
2 mcg,448.7232,0.9687670979667281,0.013780619466718349
2 mcg,448.9565,0.9729104678216216,0.011927123883846192
2 mcg,449.18980000000005,0.9747784284428276,0.011094090188898575
2 mcg,449.42310000000003,0.968576332912648,0.01386614711171325
2 mcg,449.6564,0.9687059928023783,0.013808013535650844
2 mcg,449.8897,0.9672087691427066,0.014479774623479557
2 mcg,450.12300000000005,0.9700707888026658,0.013196572883608242
2 mcg,450.35630000000003,0.9734165182320748,0.011701288340947356
2 mcg,450.5896,0.9715071476777717,0.012553999813971838
2 mcg,450.82290000000006,0.9688148963492937,0.013759192168304901
2 mcg,451.05620000000005,0.9702568105295377,0.013113300131347346
2 mcg,451.28950000000003,0.9707377475740044,0.012898082311228085
2 mcg,451.5228,0.975387219974129,0.010822939057222206
2 mcg,451.75610000000006,0.9748078109319904,0.011080999562127365
2 mcg,451.98940000000005,0.9707803759743237,0.012879011380280362
2 mcg,452.22270000000003,0.9689349085351903,0.01370539716336539
2 mcg,452.456,0.9713581537201548,0.012620609942538387
2 mcg,452.68930000000006,0.9725468061674007,0.01208948802687735
2 mcg,452.92260000000005,0.9732689358810729,0.011767137911717808
2 mcg,453.15590000000003,0.9717818530636434,0.012431215159726026
2 mcg,453.3892,0.9724245396298707,0.012144090047370229
2 mcg,453.62250000000006,0.9737560420813192,0.01154983454717362
2 mcg,453.85580000000004,0.9740081748950624,0.011437398052681454
2 mcg,454.08910000000003,0.9730137208016881,0.011881035552361122
2 mcg,454.3224,0.9737797818164045,0.01153924677176699
2 mcg,454.55570000000006,0.9765450474869146,0.01030771814801797
2 mcg,454.78900000000004,0.977988832982256,0.009666104110019853
2 mcg,455.02230000000003,0.9755659512016143,0.010743365659762328
2 mcg,455.2556,0.9750957924649372,0.010952717536964404
2 mcg,455.48890000000006,0.9726375937100018,0.012048948395973143
2 mcg,455.72220000000004,0.9737282576527265,0.011562226558778626
2 mcg,455.95550000000003,0.9782799950953346,0.009536827296763795
2 mcg,456.1888,0.9790060400811071,0.009214628762946863
2 mcg,456.42210000000006,0.9762600954478708,0.010434462077887126
2 mcg,456.65540000000004,0.9765295663640731,0.010314603052645999
2 mcg,456.88870000000003,0.9758004517681006,0.010638985157603984
2 mcg,457.122,0.9763711608871597,0.010385056838358326
2 mcg,457.35530000000006,0.9791626406053968,0.009145165141780877
2 mcg,457.58860000000004,0.9796570681351467,0.008925923777735491
2 mcg,457.8219,0.9787693355295243,0.009319645387811364
2 mcg,458.0552,0.978268813940726,0.00954179105102892
2 mcg,458.28850000000006,0.9792850784295668,0.009090862878855275
2 mcg,458.52180000000004,0.9809159976623295,0.008368182542334636
2 mcg,458.7551,0.9791552702748333,0.009148434165544358
2 mcg,458.9884,0.9801455969073717,0.008709406718944624
2 mcg,459.22170000000006,0.9796386763757028,0.00893407715597011
2 mcg,459.45500000000004,0.9775595900852403,0.009856759398700015
2 mcg,459.6883,0.9771915945308643,0.010020277335689845
2 mcg,459.9216,0.9816402219080272,0.008047655054043918
2 mcg,460.15490000000005,0.9851722325293752,0.006487837422880249
2 mcg,460.38820000000004,0.9838474153826197,0.007072250954557409
2 mcg,460.6215,0.9788581442538276,0.009280241426297187
2 mcg,460.8548,0.9796864991377187,0.00891287683463851
2 mcg,461.08810000000005,0.9835014897389013,0.007224977905402684
2 mcg,461.32140000000004,0.9871539488804001,0.005615112846508664
2 mcg,461.5547,0.9888549841518685,0.00486739313527019
2 mcg,461.788,0.9841825389451516,0.0069243443487152796
2 mcg,462.02130000000005,0.9815598231128428,0.008083226317612631
2 mcg,462.25460000000004,0.9848064325851418,0.006649123331098705
2 mcg,462.4879,0.9827442885436136,0.00755947150807682
2 mcg,462.7212,0.9914006051901153,0.0037508203202693794
2 mcg,462.95450000000005,0.9907479735862047,0.004036807271571751
2 mcg,463.18780000000004,0.9815221807647813,0.008099881621893084
2 mcg,463.4211,0.9824564018019865,0.007686713091911355
2 mcg,463.6544,0.9889346479419373,0.004832407064060499
2 mcg,463.88770000000005,0.9954035376310539,0.0020008201211139955
2 mcg,464.12100000000004,0.9932657706584054,0.002934530671746277
2 mcg,464.3543,0.9893053595509141,0.004669638130633927
2 mcg,464.5876,0.9868325932045853,0.005756515024276469
2 mcg,464.82090000000005,0.9871011088141326,0.005638360247212452
2 mcg,465.05420000000004,0.9905646193670953,0.00411718805156924
2 mcg,465.2875,0.9935332569495077,0.0028175909920925856
2 mcg,465.5208,0.9903322092814568,0.004219095850839571
2 mcg,465.75410000000005,0.9879155541718163,0.005280176793541051
2 mcg,465.98740000000004,0.9886144523289837,0.004973044976951305
2 mcg,466.2207,0.9906631299734748,0.004074000070975813
2 mcg,466.454,0.992140283616602,0.0034269164615595943
2 mcg,466.68730000000005,0.9881071060372467,0.005195977436832787
2 mcg,466.92060000000004,0.9844224360183614,0.0068184968303349885
2 mcg,467.1539,0.9869845535610082,0.0056896440433438404
2 mcg,467.3872,0.9877750402729081,0.00534195206462959
2 mcg,467.62050000000005,0.9869129954208117,0.005721132309239165
2 mcg,467.85380000000004,0.9887973187243053,0.0048927199098077944
2 mcg,468.0871,0.988231330606512,0.005141381478954844
2 mcg,468.3204,0.9866088357982555,0.005854999434142666
2 mcg,468.55370000000005,0.9883219146624603,0.0051015746528362245
2 mcg,468.78700000000003,0.9882620584330613,0.0051278778410613025
2 mcg,469.0203,0.9876743353637484,0.005386231191116865
2 mcg,469.2536,0.9862932725776848,0.0059939291519146305
2 mcg,469.48690000000005,0.9870906503639896,0.005642961671734971
2 mcg,469.72020000000003,0.9880629601421679,0.0052153809476568076
2 mcg,469.9535,0.9931194196962592,0.0029985257273930526
2 mcg,470.1868,0.9909853890263278,0.0039327486550064395
2 mcg,470.42010000000005,0.9896398116329387,0.004522842052417834
2 mcg,470.65340000000003,0.9907338516612952,0.004042997663009097
2 mcg,470.8867,0.9889265482782764,0.004835964077302821
2 mcg,471.12000000000006,0.9878350023843588,0.005315589357848344
2 mcg,471.35330000000005,0.9893829190043361,0.004635591693888048
2 mcg,471.58660000000003,0.9942925313861132,0.0024858227697069466
2 mcg,471.8199,0.9885860322919651,0.004985529968078441
2 mcg,472.05320000000006,0.9905501277139209,0.004123541691626347
2 mcg,472.28650000000005,0.9922660650281618,0.003371861030924734
2 mcg,472.51980000000003,0.989030332056194,0.00479038904728053
2 mcg,472.7531,0.9861488908216809,0.006057509419255849
2 mcg,472.98640000000006,0.9865681020733651,0.005872930347088443
2 mcg,473.21970000000005,0.9860653146464599,0.006094317461341912
2 mcg,473.45300000000003,0.9860689165459204,0.006092731073320893
2 mcg,473.6863,0.9789806771116429,0.009225880113721493
2 mcg,473.91960000000006,0.970884015031758,0.012832649227269122
2 mcg,474.15290000000005,0.9626042810356316,0.01655221119593718
2 mcg,474.38620000000003,0.960978839688282,0.017286175190758892
2 mcg,474.6195,0.96340400262406,0.016191553668324105
2 mcg,474.85280000000006,0.9540228198709544,0.020441237009213034
2 mcg,475.08610000000004,0.9425388354312104,0.025700746516326523
2 mcg,475.31940000000003,0.9490622041859647,0.022705321767249716
2 mcg,475.5527,0.9527774564673851,0.021008527184013734
2 mcg,475.78600000000006,0.959596728733373,0.01791124121219627
2 mcg,476.01930000000004,0.9649808126080207,0.015481321952894901
2 mcg,476.25260000000003,0.9782144939767156,0.009565906626702368
2 mcg,476.4859,0.9862144184025501,0.006028652396149265
2 mcg,476.71920000000006,0.9899482195030228,0.004387521131973732
2 mcg,476.95250000000004,0.9959758934052726,0.001751173110203623
2 mcg,477.18580000000003,1.004701116940212,-0.0020368850710163664
2 mcg,477.4191,0.9993726552671114,0.000272537852278834
2 mcg,477.65240000000006,1.0127538417164283,-0.005503899283995522
2 mcg,477.88570000000004,1.0176816745993091,-0.0076119542441855466
2 mcg,478.119,1.0106793251435462,-0.004613381691768957
2 mcg,478.3523,1.0142779413826952,-0.006156980508653518
2 mcg,478.58560000000006,1.0282274461232188,-0.01208919215966508
2 mcg,478.81890000000004,1.0334704749624628,-0.014298073857316348
2 mcg,479.0522,1.0218779977144385,-0.00939904836012753
2 mcg,479.2855,1.0153098634127573,-0.006598605237546073
2 mcg,479.51880000000006,1.0180621878258962,-0.007774307474935928
2 mcg,479.75210000000004,1.0284712501829045,-0.012192155961288764
2 mcg,479.9854,1.0290244774477448,-0.012425705466079701
2 mcg,480.2187,1.031005155134146,-0.01326083680700423
2 mcg,480.45200000000006,1.0293854047268163,-0.012578006257708147
2 mcg,480.68530000000004,1.031807785311012,-0.013598800436743417
2 mcg,480.9186,1.026150344637665,-0.011210995340203603
2 mcg,481.1519,1.0256636835174289,-0.011004978381416333
2 mcg,481.38520000000005,1.0314663734297134,-0.013455074217104302
2 mcg,481.61850000000004,1.0261482616029016,-0.011210113742856527
2 mcg,481.8518,1.020812587820462,-0.00894601677212971
2 mcg,482.0851,1.029830768040426,-0.012765863011279292
2 mcg,482.31840000000005,1.026425955414013,-0.011327625586823278
2 mcg,482.55170000000004,1.0234601363132032,-0.010070931594165361
2 mcg,482.785,1.027251567785739,-0.011676812752283878
2 mcg,483.0183,1.0266087951067435,-0.011404980604623704
2 mcg,483.25160000000005,1.0216696762712307,-0.009310503468601494
2 mcg,483.48490000000004,1.0230683096564894,-0.009904632261959374
2 mcg,483.7182,1.0206302433432337,-0.008868433212827974
2 mcg,483.9515,1.0250304638595558,-0.010736772796162216
2 mcg,484.18480000000005,1.0203388425684896,-0.008744419821123816
2 mcg,484.41810000000004,1.015273930855701,-0.006583234966892008
2 mcg,484.6514,1.015965249974335,-0.00687885361474297
2 mcg,484.8847,1.017082331615371,-0.007356109971901924
2 mcg,485.11800000000005,1.020770990391438,-0.00892831920237868
2 mcg,485.35130000000004,1.0223650168513017,-0.009605980438374096
2 mcg,485.5846,1.0151813047040055,-0.006543611314141897
2 mcg,485.8179,1.016983389479074,-0.00731385959286084
2 mcg,486.05120000000005,1.0102362817702173,-0.004422961770516628
2 mcg,486.28450000000004,1.0156087395838844,-0.00672642943752965
2 mcg,486.5178,1.0204245827554936,-0.00878091252738564
2 mcg,486.7511,1.0216529067376987,-0.009303374965312024
2 mcg,486.98440000000005,1.0187858392244549,-0.00808289978841731
2 mcg,487.21770000000004,1.0178725320921853,-0.0076933948228313336
2 mcg,487.451,1.0129390298772742,-0.005583305395080826
2 mcg,487.6843,1.0130910994816364,-0.005648499874873321
2 mcg,487.91760000000005,1.0111260994169384,-0.004805320641374881
2 mcg,488.15090000000004,1.0148699031912498,-0.006410373335532411
2 mcg,488.3842,1.0180121363369652,-0.007752955518182491
2 mcg,488.6175,1.0071344428965956,-0.0030874486180070978
2 mcg,488.85080000000005,1.0118038243851741,-0.005096316608661295
2 mcg,489.08410000000003,1.0131709265371431,-0.005682718992920153
2 mcg,489.3174,1.0112106133556114,-0.00484161918355049
2 mcg,489.5507,1.0086869645638628,-0.0037564084017923795
2 mcg,489.78400000000005,1.0001541793443043,-6.695407711957935e-05
2 mcg,490.01730000000003,1.002962560910889,-0.001284721760918933
2 mcg,490.2506,1.0107951001308217,-0.004663127993322431
2 mcg,490.48390000000006,1.0068282921907548,-0.0029554108589312338
2 mcg,490.71720000000005,1.0082710505986867,-0.003577297938188472
2 mcg,490.95050000000003,1.0102406145818235,-0.004424824416088161
2 mcg,491.1838,1.0068181490297918,-0.002951035593497225
2 mcg,491.41710000000006,1.0072801462129453,-0.0031502739636316904
2 mcg,491.65040000000005,1.005025111206773,-0.0021769130224696693
2 mcg,491.88370000000003,1.0041624317037674,-0.001803969270004352
2 mcg,492.117,1.0068193220096038,-0.002951541562090916
2 mcg,492.35030000000006,1.0070045388304938,-0.0030314280358378783
2 mcg,492.58360000000005,1.0039823250490907,-0.0017260671902595013
2 mcg,492.81690000000003,1.0018012775017742,-0.0007815811682463608
2 mcg,493.0502,1.0025426072895167,-0.0011028388658011227
2 mcg,493.28350000000006,1.009421829329151,-0.004072692367831624
2 mcg,493.51680000000005,1.0060975552087768,-0.002640093676883449
2 mcg,493.75010000000003,1.00353214142699,-0.0015312867595689706
2 mcg,493.9834,1.003632051834024,-0.0015745224237374692
2 mcg,494.21670000000006,1.0093628816719484,-0.0040473299385324684
2 mcg,494.45000000000005,1.0021594956880389,-0.0009368458673866871
2 mcg,494.68330000000003,0.999805703263111,8.439019931837907e-05
2 mcg,494.9166,0.9999076037882448,4.012901882724242e-05
2 mcg,495.14990000000006,1.0074686282384608,-0.003231531443369283
2 mcg,495.38320000000004,1.0039743679693163,-0.0017226251679787173
2 mcg,495.61650000000003,1.0007285987231467,-0.0003163111870087533
2 mcg,495.8498,1.0016880143296043,-0.0007324772664394598
2 mcg,496.08310000000006,0.9970604987150102,0.0012784891698362653
2 mcg,496.31640000000004,0.9987706750629607,0.0005342174673683977
2 mcg,496.54970000000003,0.9989472320000742,0.00045745217086815427
2 mcg,496.783,0.9983219297576712,0.0007293888006122686
2 mcg,497.01630000000006,1.0046646634084673,-0.0020211272952652334
2 mcg,497.24960000000004,1.0005461524232335,-0.00023712623604680257
2 mcg,497.48290000000003,0.9991230740843249,0.00038101116992734395
2 mcg,497.7162,1.0012308757355488,-0.0005342338195426546
2 mcg,497.94950000000006,0.9991702303766038,0.0003605139611524025
2 mcg,498.18280000000004,0.9931609234774269,0.0029803763627237203
2 mcg,498.41610000000003,0.9924866060232999,0.0032753454912173574
2 mcg,498.6494,0.993889166318929,0.0026620433087817677
2 mcg,498.88270000000006,0.9985330285913003,0.0006375653473969439
2 mcg,499.11600000000004,0.9944252869638847,0.0024278406724765737
2 mcg,499.3493,0.9924611364260724,0.003286490676852476
2 mcg,499.5826,0.9908860908582312,0.003976267770086556
2 mcg,499.81590000000006,0.9967188598977076,0.001427323948338414
2 mcg,500.04920000000004,0.9910317998823902,0.00391240980143365
2 mcg,500.2825,0.986560399323958,0.005876321166855763
2 mcg,500.5158,0.9873719252487168,0.005519225590160045
2 mcg,500.74910000000006,0.9905789784009812,0.004110892648056594
2 mcg,500.98240000000004,0.9895119327139734,0.004578964185644137
2 mcg,501.2157,0.9923838603157371,0.0033203075122966506
2 mcg,501.449,0.9912344173441734,0.0038236269274367824
2 mcg,501.68230000000005,0.9892038725655745,0.004714192118091952
2 mcg,501.91560000000004,0.9892788274392535,0.0046812856003386714
2 mcg,502.1489,0.99424613805561,0.0025060872661916414
2 mcg,502.3822,0.9921176398936207,0.003436828523720916
2 mcg,502.61550000000005,0.9909502252252251,0.003948159291632
2 mcg,502.84880000000004,0.9900854631635542,0.0043273159293428795
2 mcg,503.0821,0.9929810188006408,0.003059053124889923
2 mcg,503.3154,0.9929483229157495,0.0030733533742414386
2 mcg,503.54870000000005,0.9946178328820483,0.002343758402767764
2 mcg,503.78200000000004,0.9905217510858075,0.0041359832523161855
2 mcg,504.0153,0.9873167124112924,0.005543511576489812
2 mcg,504.2486,0.9860704497461472,0.0060920558062383294
2 mcg,504.48190000000005,0.9872672323974245,0.005565277069973432
2 mcg,504.71520000000004,0.9860724077360269,0.006091193450656796
2 mcg,504.9485,0.9884491152989295,0.005045682965076634
2 mcg,505.1818,0.9896209859791948,0.004531103598899535
2 mcg,505.41510000000005,0.986590268992872,0.00586317241689466
2 mcg,505.64840000000004,0.988088604477224,0.00520410934945859
2 mcg,505.8817,0.9914871557530835,0.0037129075017357464
2 mcg,506.115,0.9901867961702135,0.004282869146373703
2 mcg,506.34830000000005,0.9908876430263106,0.003975587472411455
2 mcg,506.58160000000004,0.9882243999084193,0.005144427298692637
2 mcg,506.8149,0.9885449232718281,0.005003589895322284
2 mcg,507.0482,0.9932119950039842,0.002958044118899096
2 mcg,507.28150000000005,0.991560427829443,0.0036808138104714267
2 mcg,507.51480000000004,0.9890128012391235,0.004798087096922621
2 mcg,507.7481,0.9893028744644476,0.004670729058409217
2 mcg,507.9814,0.9887297700778904,0.00492238929292325
2 mcg,508.21470000000005,0.987161054443934,0.005611986793139875
2 mcg,508.44800000000004,0.9840525927802466,0.00698169004033015
2 mcg,508.6813,0.9860089006158971,0.006119164702883235
2 mcg,508.9146,0.9870652251308661,0.005654148264024147
2 mcg,509.14790000000005,0.983019386772996,0.007437917075789483
2 mcg,509.38120000000004,0.9845844257393864,0.006747038224993088
2 mcg,509.6145,0.9868124076127125,0.0057653985784728665
2 mcg,509.8478,0.9817728728265548,0.007988971975910173
2 mcg,510.08110000000005,0.9810714837115949,0.008299347512558623
2 mcg,510.31440000000003,0.9788461848471658,0.009285547543511007
2 mcg,510.5477,0.981771144278607,0.007989736612535464
2 mcg,510.78100000000006,0.9828044850602392,0.007532870270438204
2 mcg,511.01430000000005,0.9853045117073296,0.006429528572181466
2 mcg,511.24760000000003,0.9820083701475593,0.007884810488604573
2 mcg,511.4809,0.9771735575149797,0.010028293623189372
2 mcg,511.71420000000006,0.976509181779967,0.010323668835290479
2 mcg,511.94750000000005,0.9829943633804731,0.007448972462651314
2 mcg,512.1808,0.9815689857109393,0.008079172313845445
2 mcg,512.4141,0.9823940717775271,0.007714266929776019
2 mcg,512.6474000000001,0.9819071341711534,0.007929584539082223
2 mcg,512.8807,0.9850977472046899,0.0065206741060168365
2 mcg,513.114,0.981533116670089,0.008095042834788072
2 mcg,513.3473,0.9837122424259663,0.00713192372639583
2 mcg,513.5806,0.9841996958464024,0.006916773514749929
2 mcg,513.8139,0.9853681955831304,0.006401459420207311
2 mcg,514.0472,0.9840805378728275,0.006969357135288374
2 mcg,514.2805,0.9818919499105546,0.007936300542408032
2 mcg,514.5138000000001,0.9825820113416122,0.00763119099153584
2 mcg,514.7471,0.9822913893625543,0.007759662904993255
2 mcg,514.9804,0.9817531439172742,0.00799769929234169
2 mcg,515.2137,0.9821312028534934,0.007830490961431168
2 mcg,515.447,0.9768315460780141,0.010180323606187511
2 mcg,515.6803,0.9753499398315284,0.010839538484917123
2 mcg,515.9136,0.9781092793832618,0.009612620895596885
2 mcg,516.1469,0.9826873517314356,0.007584633760323378
2 mcg,516.3802000000001,0.9786561303311593,0.009369879119705597
2 mcg,516.6135,0.9760723759460709,0.010517978123666337
2 mcg,516.8468,0.980653340192548,0.008484488082227777
2 mcg,517.0801,0.9851772719319647,0.0064856159035693505
2 mcg,517.3134,0.979605371348065,0.0089488422279793
2 mcg,517.5467,0.9753381860739564,0.010844772117077408
2 mcg,517.78,0.9738283631982251,0.011517580579718743
2 mcg,518.0133,0.980313215685984,0.00863514256167242
2 mcg,518.2466000000001,0.9823817991969067,0.007719692397505921
2 mcg,518.4799,0.9778486473390539,0.009728360664566518
2 mcg,518.7132,0.9790812633249045,0.009181260445148866
2 mcg,518.9465,0.982902250504114,0.0074896705478524825
2 mcg,519.1798,0.9814728084810306,0.008121727943981397
2 mcg,519.4131,0.9823445850808681,0.007736144444341296
2 mcg,519.6464,0.9805921480370091,0.008511588632010481
2 mcg,519.8797,0.9820861882890345,0.007850396677612455
2 mcg,520.113,0.9823231217813737,0.007745633471418654
2 mcg,520.3463,0.9771473180609541,0.010039955628374463
2 mcg,520.5796,0.9808415276591564,0.008401154926580355
2 mcg,520.8129,0.9879005132976898,0.005286788915735845
2 mcg,521.0462,0.9845552848004874,0.006759892314415511
2 mcg,521.2795,0.98185071691265,0.00795453843453867
2 mcg,521.5128,0.9806079505121185,0.008504589929791743
2 mcg,521.7461,0.9835507468012437,0.007203227521780786
2 mcg,521.9794,0.9780785449372553,0.009626267642744678
2 mcg,522.2127,0.9804087908389237,0.008592803299478643
2 mcg,522.446,0.9811548986991483,0.00826242346633336
2 mcg,522.6793,0.9808132466129655,0.008413677315805104
2 mcg,522.9126,0.9760581757272605,0.010524296427189623
2 mcg,523.1459,0.9770091988806705,0.010101347228711512
2 mcg,523.3792,0.9769877105400133,0.010110899206739783
2 mcg,523.6125,0.9828903542798034,0.00749492691575318
2 mcg,523.8458,0.9839094595751635,0.00704486398332353
2 mcg,524.0791,0.976971414267318,0.010118143351427829
2 mcg,524.3124,0.9823209918893143,0.007746575118164755
2 mcg,524.5457,0.9821568673387843,0.007819142377165477
2 mcg,524.779,0.9774737951205332,0.009894876681047457
2 mcg,525.0123,0.9802754911387852,0.008651855462879804
2 mcg,525.2456,0.9806435619019287,0.00848881854097058
2 mcg,525.4789,0.983578606804733,0.007190925894783209
2 mcg,525.7122,0.9880055611395587,0.005240610912952491
2 mcg,525.9455,0.9889724251147963,0.004815817389105529
2 mcg,526.1788,0.9792822117564428,0.009092134196236515
2 mcg,526.4121,0.9760297244913174,0.010536955913243402
2 mcg,526.6454,0.9802773984227602,0.008651010473784977
2 mcg,526.8787,0.9875932253790745,0.00542189787191599
2 mcg,527.112,0.9856243647817771,0.006288569222375548
2 mcg,527.3453,0.9847516600265604,0.006673278414461778
2 mcg,527.5786,0.9843052452388552,0.006870200587450962
2 mcg,527.8119,0.9827196266406976,0.00757037023612519
2 mcg,528.0452,0.9828296963251424,0.0075217297303178275
2 mcg,528.2785,0.9865327578307733,0.005888489419448327
2 mcg,528.5118,0.9851297220681581,0.00650657775726358
2 mcg,528.7451,0.9866873106625699,0.005820457025879298
2 mcg,528.9784,0.986512121138717,0.005897574262454842
2 mcg,529.2117,0.9885668446598008,0.004993959344346834
2 mcg,529.445,0.9906805984712961,0.0040663421647759036
2 mcg,529.6783,0.9873727412674064,0.005518866665363295
2 mcg,529.9116,0.9925706766487132,0.003238559239205658
2 mcg,530.1449,0.9937992625972962,0.0027013298384674957
2 mcg,530.3782,0.9854288883645368,0.006374710304045945
2 mcg,530.6115,0.9821188483518866,0.007835954106890985
2 mcg,530.8448,0.987980308478658,0.005251711287152296
2 mcg,531.0781000000001,0.9948840425209559,0.0022275349607832388
2 mcg,531.3114,0.9911362755367142,0.0038666284161204163
2 mcg,531.5447,0.9884054745438111,0.00506485780902771
2 mcg,531.778,0.9899881073593648,0.004370022512779163
2 mcg,532.0113,0.9863311374325318,0.005977256441755866
2 mcg,532.2446,0.9893648829348104,0.004643508787175793
2 mcg,532.4779,0.9946035463365672,0.0023499965901639165
2 mcg,532.7112,0.9872195406125166,0.005586256981619115
2 mcg,532.9445000000001,0.9802400899370496,0.008667539649954469
2 mcg,533.1778,0.9864822385526657,0.005910729740740244
2 mcg,533.4111,0.9910767166583863,0.0038927266127479435
2 mcg,533.6444,0.9823258241037617,0.007744438750393426
2 mcg,533.8777,0.9752641038248178,0.010877760401967638
2 mcg,534.111,0.980342605108572,0.00862212277112899
2 mcg,534.3443,0.9861819803494867,0.006042937219888861
2 mcg,534.5776,0.9784736620311841,0.00945085992776476
2 mcg,534.8109000000001,0.9683729198585659,0.013957363923029622
2 mcg,535.0442,0.9725278152393797,0.012097968580944791
2 mcg,535.2775,0.9785639221484798,0.009410799919492965
2 mcg,535.5108,0.9744409487546958,0.011244474049729345
2 mcg,535.7441,0.9760701007520931,0.010518990451610227
2 mcg,535.9774,0.9719111526373908,0.012373434335996076
2 mcg,536.2107,0.9705370113926955,0.012987898155964977
2 mcg,536.444,0.9755346789074556,0.01075728742738532
2 mcg,536.6773000000001,0.9817879737275923,0.00798229203217021
2 mcg,536.9106,0.9806232547427814,0.008497812000795881
2 mcg,537.1439,0.9717542656263398,0.012443544307279689
2 mcg,537.3772,0.970748182494705,0.012893413898844363
2 mcg,537.6105,0.9764462178061284,0.01035167245115605
2 mcg,537.8438,0.9812511438606276,0.008219823982162033
2 mcg,538.0771,0.9794386766274107,0.009022750313498987
2 mcg,538.3104,0.9700985609580921,0.013184139645391696
2 mcg,538.5437000000001,0.9729570364956304,0.011906336735583993
2 mcg,538.777,0.9808595776865102,0.00839316285555913
2 mcg,539.0103,0.9850636490550779,0.006535707024892603
2 mcg,539.2436,0.9888393904565043,0.0048742417726898414
2 mcg,539.4769,0.9860458769751927,0.00610287851348592
2 mcg,539.7102,0.9780796476612453,0.00962577800244285
2 mcg,539.9435,0.9786676721970838,0.009364757260281536
2 mcg,540.1768,0.9768519340613812,0.010171259304048745
2 mcg,540.4101,0.9806222253981582,0.008498267873040699
2 mcg,540.6434,0.990550680631742,0.004123299271697355
2 mcg,540.8767,0.9860758009075901,0.006089699003454929
2 mcg,541.11,0.978202309043204,0.009571316362887734
2 mcg,541.3433,0.977227076654124,0.010004508257583127
2 mcg,541.5766,0.9792592525818888,0.009102316306750747
2 mcg,541.8099,0.9817321602773776,0.008006981846174098
2 mcg,542.0432,0.9818931499298911,0.007935769769691564
2 mcg,542.2765,0.9818105931598868,0.00797228642838195
2 mcg,542.5098,0.982903163915105,0.007489266958209052
2 mcg,542.7431,0.9798466880293112,0.008841870992745743
2 mcg,542.9764,0.9752702579527848,0.010875019918262886
2 mcg,543.2097,0.9792831791043406,0.009091705194625387
2 mcg,543.443,0.9818140221900804,0.007970769632473295
2 mcg,543.6763,0.9806397446188196,0.008490509092238328
2 mcg,543.9096,0.980439790188442,0.008579071646183494
2 mcg,544.1429,0.9829985430422516,0.00744712585980679
2 mcg,544.3762,0.98109582329392,0.008288573154777401
2 mcg,544.6095,0.97814074556103,0.009598649688237624
2 mcg,544.8428,0.9836094970321774,0.007177286675128743
2 mcg,545.0761,0.9876786225422198,0.005384346061732127
2 mcg,545.3094,0.9840227424875302,0.006994864147213779
2 mcg,545.5427,0.9822209854066241,0.007790791290816085
2 mcg,545.776,0.9865779988671279,0.005868573728064921
2 mcg,546.0093,0.9899604989671165,0.004382134112413767
2 mcg,546.2426,0.9865416861550993,0.005884558982865705
2 mcg,546.4759,0.9817455708614569,0.008001049369759998
2 mcg,546.7092,0.9779163063551041,0.009698312128030642
2 mcg,546.9425,0.9776140631597663,0.009832559649848242
2 mcg,547.1758,0.9870049413436468,0.005680673072098709
2 mcg,547.4091,0.9910312537412919,0.003912649133946224
2 mcg,547.6424,0.9850502706883218,0.006541605314124414
2 mcg,547.8757,0.9782874293785311,0.009533526957476968
2 mcg,548.109,0.976452950250675,0.010348678068686992
2 mcg,548.3423,0.9881101666454734,0.0051946322352879265
2 mcg,548.5756,0.9835864472687431,0.007187463988779812
2 mcg,548.8089,0.9846370455932208,0.0067238285327396105
2 mcg,549.0422,0.986022308975708,0.006113258937650908
2 mcg,549.2755,0.985288699301526,0.006436498291297424
2 mcg,549.5088,0.9810438173893095,0.008311594836757344
2 mcg,549.7421,0.9861915286546347,0.006038732360902061
2 mcg,549.9754,0.9910041235260642,0.003924538430072939
2 mcg,550.2087,0.9985040322580644,0.0006501769786656461
2 mcg,550.442,1.0014301162476344,-0.0006206479012092358
2 mcg,550.6753,0.9940464540688505,0.00259331955203243
2 mcg,550.9086,0.9864152192890039,0.005940235680124022
2 mcg,551.1419,0.9941896458502298,0.0025307642039859965
2 mcg,551.3752000000001,0.9946816517493898,0.0023158931344646524
2 mcg,551.6085,0.9900307858858554,0.004351300420160043
2 mcg,551.8418,0.9955371720538961,0.0019425193467739763
2 mcg,552.0751,0.9916027602148344,0.003662273005060231
2 mcg,552.3084,0.9942847578741704,0.002489218155302489
2 mcg,552.5417,0.9985246020036523,0.0006412303598239797
2 mcg,552.775,0.9948425534837402,0.0022456464540517515
2 mcg,553.0083,0.9897943121896803,0.004455046172198756
2 mcg,553.2416000000001,0.9899623218516117,0.004381334415911352
2 mcg,553.4749,0.9943841480254072,0.002445807616579252
2 mcg,553.7082,0.9969437885926865,0.001329328139930724
2 mcg,553.9415,0.9921882395210408,0.003405924993227936
2 mcg,554.1748,0.9952870010995148,0.002051667976831098
2 mcg,554.4081,1.000079932702947,-3.4712944482252535e-05
2 mcg,554.6414,0.995535239049438,0.0019433626040708926
2 mcg,554.8747,0.9928759143346144,0.0031050245026862195
2 mcg,555.1080000000001,0.9995425789733207,0.00019870087623813658
2 mcg,555.3413,1.007570413210885,-0.003275406178292785
2 mcg,555.5746,1.0043577844258629,-0.0018884499825379392
2 mcg,555.8079,1.0013168576760467,-0.0005715277943143907
2 mcg,556.0412,1.007034168081494,-0.0030442061618680314
2 mcg,556.2745,1.0041172668806884,-0.0017844353042360437
2 mcg,556.5078,1.001121070696595,-0.00048660211060596524
2 mcg,556.7411,1.0015874698352465,-0.0006888827439015672
2 mcg,556.9744000000001,0.9899878015106552,0.00437015668451961
2 mcg,557.2077,0.9894676083830952,0.004598418466921853
2 mcg,557.441,1.0065342843190723,-0.0028285723066454873
2 mcg,557.6743,1.0005952697693064,-0.0002584454612978316
2 mcg,557.9076,0.99984099435317,6.906076568111116e-05
2 mcg,558.1409,1.0058644192587984,-0.002539445992337813
2 mcg,558.3742,1.0046387370977536,-0.0020099197756075974
2 mcg,558.6075,1.0018074241889925,-0.0007842458325978965
2 mcg,558.8408000000001,1.0036593942899168,-0.0015863539669242548
2 mcg,559.0741,1.0080810256741668,-0.0034954404318942828
2 mcg,559.3074,1.0057333175588228,-0.0024828375125149527
2 mcg,559.5407,0.989546685306193,0.0045637116217261756
2 mcg,559.774,1.0046683161216294,-0.0020227062801188786
2 mcg,560.0073,1.0166254839423658,-0.007160992044659856
2 mcg,560.2406,1.0049067188940422,-0.00212574996568516
2 mcg,560.4739,0.9895271917735607,0.004572267071579092
2 mcg,560.7072000000001,0.9942980492484809,0.002483412643458204
2 mcg,560.9405,1.0084109789662399,-0.003637565364680791
2 mcg,561.1738,1.0115645741225545,-0.004993611565515928
2 mcg,561.4071,1.0049456699743375,-0.0021425832807408004
2 mcg,561.6404,0.9985530742251808,0.0006288469369402723
2 mcg,561.8737,0.9982638031761704,0.0007546760228822103
2 mcg,562.107,1.004626420336958,-0.002004595340225064
2 mcg,562.3403,1.0075210009710804,-0.0032541074293240403
2 mcg,562.5736,1.0002312897361147,-0.00010043624162726735
2 mcg,562.8069,0.99471997029961,0.0022991629431018076
2 mcg,563.0402,0.994533757466057,0.0023804710288216706
2 mcg,563.2735,1.0080256630155129,-0.003471588819975315
2 mcg,563.5068,1.0102378621414845,-0.004423641162057237
2 mcg,563.7401,1.0078434775691438,-0.003393089543743892
2 mcg,563.9734,1.0012628357774735,-0.0005480966044999186
2 mcg,564.2067,0.9965565801701336,0.001498038902176865
2 mcg,564.44,0.9991667831378408,0.000362012323803397
2 mcg,564.6733,1.0096329793208905,-0.0041635282145929785
2 mcg,564.9066,1.018221891103247,-0.007842429848385913
2 mcg,565.1399,1.0002968061081836,-0.00012888212942370112
2 mcg,565.3732,1.0023468361703656,-0.0010180238977629172
2 mcg,565.6065,1.0016138696633405,-0.000700329720737129
2 mcg,565.8398,1.0034397469082543,-0.001491299722474359
2 mcg,566.0731,1.0048070554355653,-0.0020826758815521303
2 mcg,566.3064,1.0009221528128707,-0.0004003013369531692
2 mcg,566.5397,1.0009843443736137,-0.00042728506641137023
2 mcg,566.773,1.007348607007709,-0.0031797902160493846
2 mcg,567.0063,0.996190700344841,0.0016575168174183636
2 mcg,567.2396,0.9975467769527748,0.001066730231531779
2 mcg,567.4729,0.9961538187390855,0.0016735958416150012
2 mcg,567.7062,0.9866419039757877,0.00584044342588617
2 mcg,567.9395,0.9816856140350878,0.008027573262273173
2 mcg,568.1728,0.9858973681522111,0.0061682927312796555
2 mcg,568.4061,0.9988906367602313,0.00048205777150940745
2 mcg,568.6394,1.0082605708036076,-0.00357278393292711
2 mcg,568.8727,0.9838412741828587,0.007074961839854048
2 mcg,569.106,0.9787294655201836,0.009337336663068548
2 mcg,569.3393,0.9813065866217635,0.008195286120314487
2 mcg,569.5726,0.9925256343917971,0.0032582677072791858
2 mcg,569.8059,1.000368549063758,-0.00016002933718053074
2 mcg,570.0392,0.9896768085411143,0.00450660659730545
2 mcg,570.2725,0.9822983257229834,0.007756596185224032
2 mcg,570.5058,0.985924979837942,0.006156129766637321
2 mcg,570.7391,0.9857551627611583,0.006230939689371819
2 mcg,570.9724,0.9867852626718903,0.005777345185614665
2 mcg,571.2057,0.9885190535149263,0.0050149553268947315
2 mcg,571.439,0.9864868376068376,0.005908705032017756
2 mcg,571.6723000000001,0.9838719646799116,0.007061414425266644
2 mcg,571.9056,0.9829406379737257,0.007472709409883188
2 mcg,572.1389,0.9911878602916243,0.003844025680263123
2 mcg,572.3722,0.9960950994465201,0.0016991965228521889
2 mcg,572.6055,0.9873398948813232,0.0055333143414115
2 mcg,572.8388,0.9881381997471387,0.005182311292665797
2 mcg,573.0721,0.9825402325021202,0.0076496573434498335
2 mcg,573.3054,0.9893439751470686,0.004652686627370228
2 mcg,573.5387000000001,1.006487001907056,-0.002808170643956616
2 mcg,573.772,0.9936893842259263,0.002749349806270934
2 mcg,574.0053,0.9804655697273147,0.008567652521418022
2 mcg,574.2386,0.9917551550576391,0.003595533422737535
2 mcg,574.4719,0.9964209672184356,0.0015571423845669237
2 mcg,574.7052,0.9951464758774049,0.0021129906277389467
2 mcg,574.9385,0.9909189719855545,0.003961856572512901
2 mcg,575.1718,0.9900489819408738,0.004343318472750119
2 mcg,575.4051000000001,0.9948113162901194,0.0022592831383281887
2 mcg,575.6384,0.9883528096674856,0.00508799879228942
2 mcg,575.8717,0.9834668046023727,0.00724029443434047
2 mcg,576.105,0.9779948878332255,0.009663415346982797
2 mcg,576.3383,0.9826578316684392,0.00759768022216023
2 mcg,576.5716,0.974694082156956,0.011131670740916377
2 mcg,576.8049,0.9732734437123288,0.011765126420716806
2 mcg,577.0382,0.9688753719586907,0.013732083373995597
2 mcg,577.2715000000001,0.9780487662432472,0.009639490424731398
2 mcg,577.5048,0.9843351723454544,0.006856996370834989
2 mcg,577.7381,0.9770137496378275,0.010099324357154894
2 mcg,577.9714,0.9750698874429419,0.010964255436767182
2 mcg,578.2047,0.96607784264665,0.01498787848113255
2 mcg,578.438,0.9728610651661361,0.011949177141702601
2 mcg,578.6713,0.9765824735176778,0.010291074156811887
2 mcg,578.9046,0.9678560924341404,0.014189211811301068
2 mcg,579.1379000000001,0.9600903263403263,0.017687906141890888
2 mcg,579.3712,0.9681468789414815,0.014058750258951152
2 mcg,579.6045,0.9767625828926049,0.010210985380243866
2 mcg,579.8378,0.9775163080084179,0.0098759884906761
2 mcg,580.0711,0.9710495418431044,0.012758612316279672
2 mcg,580.3044,0.9720330880185382,0.012318951432481672
2 mcg,580.5377,0.9755848905301492,0.010734934486018092
2 mcg,580.771,0.9782675522304499,0.009542351177403381
2 mcg,581.0043000000001,0.9727114164904862,0.012015986880018517
2 mcg,581.2376,0.9681780337022634,0.014044774979693633
2 mcg,581.4709,0.9696343370603255,0.013392013503924199
2 mcg,581.7042,0.9707106338326896,0.012910212789020142
2 mcg,581.9375,0.9705703412657227,0.012972984009233383
2 mcg,582.1708,0.9643640543978084,0.015758985838774976
2 mcg,582.4041,0.9654797889236129,0.015256813185281532
2 mcg,582.6374,0.9665194142029262,0.014789417997021109
2 mcg,582.8707,0.9688067837674138,0.013762828842667723
2 mcg,583.104,0.9686638582297146,0.013826903901265201
2 mcg,583.3373,0.9706906164400166,0.012919168632825287
2 mcg,583.5706,0.9726767100523486,0.012031482825907809
2 mcg,583.8039,0.9724245783609756,0.012144072749673485
2 mcg,584.0372,0.971885839176409,0.012384745698724981
2 mcg,584.2705000000001,0.9670998898423143,0.014528666178800002
2 mcg,584.5038000000001,0.9641928263387876,0.01583610402192832
2 mcg,584.7371,0.9705113216614188,0.012999393911475757
2 mcg,584.9704,0.974131226955503,0.011382534595932426
2 mcg,585.2037,0.9743207483969758,0.011298048945236665
2 mcg,585.437,0.9750343693141199,0.010980075439521564
2 mcg,585.6703,0.9711161188644127,0.01272883727332423
2 mcg,585.9036,0.9723987179213026,0.012155622432641303
2 mcg,586.1369000000001,0.9730591557591778,0.011860756608479307
2 mcg,586.3702000000001,0.9728326224064223,0.011961874447217425
2 mcg,586.6035,0.9722423311501911,0.01222547379355466
2 mcg,586.8368,0.974051589363282,0.011418040675324185
2 mcg,587.0701,0.9741960661509155,0.011353628462051634
2 mcg,587.3034,0.9743811807794218,0.01127111260382905
2 mcg,587.5367,0.9738020237070957,0.011529327259921769
2 mcg,587.77,0.9712738779744813,0.012658291284892566
2 mcg,588.0033000000001,0.9691077268408159,0.013627943721078799
2 mcg,588.2366000000001,0.9699800057126535,0.013237217793713394
2 mcg,588.4699,0.9771419536909576,0.01004233983661023
2 mcg,588.7032,0.9796219142970803,0.008941508202443244
2 mcg,588.9365,0.9791176680717298,0.009165112565166248
2 mcg,589.1698,0.9806528474423464,0.008484706302814527
2 mcg,589.4031,0.9854489349519283,0.006365875537950929
2 mcg,589.6364,0.9812599481206254,0.00821592729943759
2 mcg,589.8697000000001,0.9762350319848164,0.010445611835496846
2 mcg,590.1030000000001,0.981863943724589,0.007948687959870953
2 mcg,590.3363,0.9880748692699571,0.005210146425644995
2 mcg,590.5696,0.9844622173590665,0.006800946978723696
2 mcg,590.8029,0.9735055955520708,0.01166154788262072
2 mcg,591.0362,0.9760051054489932,0.010547910547933026
2 mcg,591.2695,0.9799657246949977,0.00878911393622368
2 mcg,591.5028000000001,0.9786602267854018,0.009368061255703782
2 mcg,591.7361000000001,0.9739232125937645,0.011475283020174554
2 mcg,591.9694000000001,0.9771623626762168,0.010033269079711806
2 mcg,592.2027,0.976640980811155,0.01026505624814963
2 mcg,592.436,0.9735929865385399,0.011622563289271247
2 mcg,592.6693,0.9735337213513002,0.011649000750881522
2 mcg,592.9026,0.9814516265682909,0.008131100885348987
2 mcg,593.1359,0.9783795796405133,0.009492620303324867
2 mcg,593.3692000000001,0.9709109671226301,0.012820593222953694
2 mcg,593.6025000000001,0.9706591576108512,0.012933243784142689
2 mcg,593.8358000000001,0.9796552805677731,0.008926716229890384
2 mcg,594.0691,0.979393044787244,0.009042984472636212
2 mcg,594.3024,0.9719573644818628,0.012352785255176283
2 mcg,594.5357,0.9684796029565625,0.013909521477336536
2 mcg,594.769,0.9741605388129855,0.011369466760628095
2 mcg,595.0023,0.9750492050368398,0.010973467443231398
2 mcg,595.2356000000001,0.9735548840419589,0.011639560153519711
2 mcg,595.4689000000001,0.9692085014875413,0.013582785070092546
2 mcg,595.7022000000001,0.9736452213082647,0.011599263343564549
2 mcg,595.9355,0.980229825470883,0.008672087336180957
2 mcg,596.1688,0.9811091314031183,0.008282682191781264
2 mcg,596.4021,0.9805674496976905,0.008522527417911646
2 mcg,596.6354,0.9791422857015397,0.009154193380750585
2 mcg,596.8687,0.9697404376624879,0.013344494162441309
2 mcg,597.1020000000001,0.973143599257885,0.011823069532505741
2 mcg,597.3353000000001,0.976395233119371,0.01037434952830926
2 mcg,597.5686000000001,0.971711698300459,0.012462568828506722
2 mcg,597.8019,0.968924331424889,0.013710138044997709
2 mcg,598.0352,0.977357582683618,0.009946513278160953
2 mcg,598.2685,0.9798015672109843,0.008861870216963025
2 mcg,598.5018,0.9760473636434501,0.010529107261688132
2 mcg,598.7351,0.9655811518324607,0.01521122026680482
2 mcg,598.9684000000001,0.9687383997993477,0.013793484932905997
2 mcg,599.2017000000001,0.9693384233517168,0.013524572036349084
2 mcg,599.4350000000001,0.9700367308763729,0.013211820666842513
2 mcg,599.6683,0.9648613948206161,0.01553506985619756
2 mcg,599.9016,0.9658964083175805,0.015069448852098941
2 mcg,600.1349,0.9661943642111487,0.014935500071541746
2 mcg,600.3682,0.969464920296477,0.013467901074495312
2 mcg,600.6015,0.9671524075355749,0.014505082756490657
2 mcg,600.8348000000001,0.9701940048749553,0.013141413339897072
2 mcg,601.0681000000001,0.9724545647444403,0.012130680739256671
2 mcg,601.3014000000001,0.9714013146116269,0.012601313125501574
2 mcg,601.5347,0.967703619765148,0.014257634437070855
2 mcg,601.768,0.9702404388393314,0.01312062828882709
2 mcg,602.0013,0.9717155274391812,0.012460857445857065
2 mcg,602.2346,0.9740705450977354,0.011409589079063167
2 mcg,602.4679,0.9719224550736074,0.012368383918448482
2 mcg,602.7012000000001,0.9690928620553755,0.013634605254800921
2 mcg,602.9345000000001,0.9678514164926663,0.014191309995629595
2 mcg,603.1678,0.9741749187784275,0.01136305601691635
2 mcg,603.4011,0.9764533291604727,0.010348509541977857
2 mcg,603.6344,0.9743690736688548,0.011276508935451431
2 mcg,603.8677,0.9717663468469524,0.012438145025776734
2 mcg,604.101,0.9762365169127658,0.010444951240964954
2 mcg,604.3343,0.9743839154635451,0.011269893720930572
2 mcg,604.5676000000001,0.9705503823150882,0.01298191499638959
2 mcg,604.8009000000001,0.9729887770086006,0.011892169095826162
2 mcg,605.0342,0.9739549805406543,0.011461117202121337
2 mcg,605.2675,0.9683196241564337,0.013981266559947952
2 mcg,605.5008,0.9698374284956026,0.013301059367286126
2 mcg,605.7341,0.9728720130794567,0.011944289916012
2 mcg,605.9674,0.9714729075629364,0.012569306500104974
2 mcg,606.2007,0.9704945127594871,0.01300691579855776
2 mcg,606.4340000000001,0.9702772261498134,0.013104162037334987
2 mcg,606.6673000000001,0.963360811868198,0.01621102413695853
2 mcg,606.9006,0.9654774857772165,0.015257849193466766
2 mcg,607.1339,0.9742767735010133,0.011317650791638928
2 mcg,607.3672,0.9735852291142664,0.011626023688045946
2 mcg,607.6005,0.97012534465099,0.013172149266345594
2 mcg,607.8338,0.9734595130762964,0.011682106407122589
2 mcg,608.0671,0.9716043412851922,0.012510553364651785
2 mcg,608.3004000000001,0.9695514419852449,0.013429143390184115
2 mcg,608.5337000000001,0.9641209662114664,0.015868472671573902
2 mcg,608.767,0.9641663384165213,0.015848034951278286
2 mcg,609.0003,0.9687700145560408,0.01377931197316242
2 mcg,609.2336,0.9663782387601904,0.014852858206362207
2 mcg,609.4669,0.9637658606333772,0.016028461725551398
2 mcg,609.7002,0.9684899110025138,0.013904899073686281
2 mcg,609.9335000000001,0.9634684419022382,0.016162505951106947
2 mcg,610.1668000000001,0.9685754916300992,0.013866524329816712
2 mcg,610.4001000000001,0.9674773873705381,0.014359176856815694
2 mcg,610.6334,0.9619954060262127,0.016827001914608744
2 mcg,610.8667,0.9591084534280606,0.018132281189881156
2 mcg,611.1,0.9614816978035202,0.017058978319509945
2 mcg,611.3333,0.9631640320975402,0.016299743853303482
2 mcg,611.5666,0.9690381574311536,0.013659121570985517
2 mcg,611.7999000000001,0.9640567014933894,0.015897422091453298
2 mcg,612.0332000000001,0.9639449508839795,0.01594776714485153
2 mcg,612.2665000000001,0.9626661878606348,0.01652428182919656
2 mcg,612.4998,0.9626048417193088,0.016551958234506392
2 mcg,612.7331,0.9611885532608726,0.01719140982531593
2 mcg,612.9664,0.9637890120452974,0.01601802930612903
2 mcg,613.1997,0.9651925546801617,0.015386036818984166
2 mcg,613.433,0.9659807142798325,0.015031544149162576
2 mcg,613.6663000000001,0.9595857213034223,0.017916222985646164
2 mcg,613.8996000000001,0.9604918929264759,0.017506296468247827
2 mcg,614.1329000000001,0.9614718614718615,0.01706342134367035
2 mcg,614.3662,0.9657383373288143,0.015140527878274166
2 mcg,614.5995,0.9675637209790768,0.014320423974869928
2 mcg,614.8328,0.9681610712990718,0.014052383851597414
2 mcg,615.0661,0.9648712616441724,0.015530628715596972
2 mcg,615.2994,0.9624932814037527,0.01660229336175804
2 mcg,615.5327000000001,0.9559874565223346,0.019547806049080293
2 mcg,615.7660000000001,0.9654319552503605,0.015278330378296267
2 mcg,615.9993000000001,0.967198603699973,0.014484339117750327
2 mcg,616.2326,0.9605859751035056,0.01746375850449101
2 mcg,616.4659,0.9592033712850957,0.018089303503931453
2 mcg,616.6992,0.9669708013977965,0.014586639653573963
2 mcg,616.9325,0.9707225290612403,0.01290489091421203
2 mcg,617.1658,0.9686418905913957,0.013836753068448584
2 mcg,617.3991000000001,0.9545810060475055,0.02018721133875142
2 mcg,617.6324000000001,0.9699058421492709,0.013270424723272216
2 mcg,617.8657000000001,0.9686861152781386,0.013816925205163175
2 mcg,618.099,0.9623179838984954,0.016681397989632456
2 mcg,618.3323,0.9627236619170624,0.016498353921069932
2 mcg,618.5656,0.963813531725157,0.01600698059518387
2 mcg,618.7989,0.9628157699149038,0.016456805049547586
2 mcg,619.0322,0.9713346759583055,0.012631106982794385
2 mcg,619.2655000000001,0.9654126589484082,0.015287010804880236
2 mcg,619.4988000000001,0.961265039647136,0.017156852303995256
2 mcg,619.7321000000001,0.9603892964321442,0.01755268881321956
2 mcg,619.9654,0.9654064008092526,0.01528982606122294
2 mcg,620.1987,0.9642673414158002,0.01580254202534432
2 mcg,620.432,0.9596094504314242,0.01790548366167966
2 mcg,620.6653,0.9600091934809862,0.017724607940698356
2 mcg,620.8986,0.9668920758699869,0.014621998998575494
2 mcg,621.1319000000001,0.9671479232123452,0.014507096421900054
2 mcg,621.3652000000001,0.9663598260581511,0.014861133031635628
2 mcg,621.5985000000001,0.9597268853035492,0.01785233891986345
2 mcg,621.8318,0.9612401409022108,0.017168101571500356
2 mcg,622.0651,0.9686194049845027,0.013846834697621286
2 mcg,622.2984,0.9645096931736117,0.015693403405624695
2 mcg,622.5317,0.9611728914311353,0.01719848637821951
2 mcg,622.765,0.9692706697341947,0.013554928875523885
2 mcg,622.9983000000001,0.9652784007718543,0.01534741154587727
2 mcg,623.2316000000001,0.9610296700301506,0.017263204078112607
2 mcg,623.4649000000001,0.9583163794311335,0.01849108887798076
2 mcg,623.6982,0.9655150693444057,0.015240943549994163
2 mcg,623.9315,0.9693792543788712,0.01350627882121014
2 mcg,624.1648,0.9600195140605272,0.0177199390826473
2 mcg,624.3981,0.9532430543909667,0.02079635043998906
2 mcg,624.6314,0.9601479567277242,0.01766183796122282
2 mcg,624.8647000000001,0.9681102418066397,0.014075185375264936
2 mcg,625.0980000000001,0.9681638944956863,0.014051117433271296
2 mcg,625.3313,0.9635994021433555,0.016103478127743865
2 mcg,625.5646,0.9620385497701742,0.0168075250338834
2 mcg,625.7979,0.9608780999602325,0.01733170481071946
2 mcg,626.0312,0.9573423309433431,0.01893273740077722
2 mcg,626.2645,0.9588716838482161,0.018239506202833995
2 mcg,626.4978,0.9670583987878479,0.014547298920610003
2 mcg,626.7311000000001,0.9614152678094786,0.01708898531455184
2 mcg,626.9644000000001,0.9630129462756455,0.016367874393346256
2 mcg,627.1977,0.9629281079089803,0.016406136036339062
2 mcg,627.431,0.9586857562408222,0.01832372514980221
2 mcg,627.6643,0.9571071630005641,0.01903943349352476
2 mcg,627.8976,0.9599632176102764,0.017745407267645417
2 mcg,628.1309,0.9626905348181345,0.016513298151035267
2 mcg,628.3642,0.9629017275028336,0.016418034143440646
2 mcg,628.5975000000001,0.9558647718942085,0.01960354388937018
2 mcg,628.8308000000001,0.95894362807554,0.0182069222717829
2 mcg,629.0641,0.9585016670490825,0.01840712744988523
2 mcg,629.2974,0.9559938830140572,0.01954488657509234
2 mcg,629.5307,0.953768115942029,0.020557199937259376
2 mcg,629.764,0.9574603713768115,0.01887919213587904
2 mcg,629.9973,0.959607007979101,0.01790658905399913
2 mcg,630.2306000000001,0.9584321071752953,0.018438645981998476
2 mcg,630.4639000000001,0.9525858348213908,0.02109588083896194
2 mcg,630.6972000000001,0.9578148107147623,0.018718451734877677
2 mcg,630.9305,0.9590640380074535,0.018152393429182505
2 mcg,631.1638,0.9574163468372424,0.018899161687364725
2 mcg,631.3971,0.956266268826371,0.019421163183248574
2 mcg,631.6304,0.9541585431264209,0.020379456863826997
2 mcg,631.8637,0.9539807248216917,0.020460400126246062
2 mcg,632.0970000000001,0.959682155713963,0.017872580372856002
2 mcg,632.3303000000001,0.9619729781662895,0.016837127128605012
2 mcg,632.5636000000001,0.9620323312372584,0.016810332284445263
2 mcg,632.7969,0.9546726931867794,0.02014549952361159
2 mcg,633.0302,0.9496880498210728,0.022419026805476684
2 mcg,633.2635,0.9517182600763924,0.02149159804764638
2 mcg,633.4968,0.9502673842473945,0.022154176643399973
2 mcg,633.7301,0.9508768475717628,0.021875726893683153
2 mcg,633.9634000000001,0.9556880847191481,0.019683828632849638
2 mcg,634.1967000000001,0.9524764498824284,0.0211457535132869
2 mcg,634.4300000000001,0.957621037634362,0.01880632163657012
2 mcg,634.6633,0.955993598062116,0.0195450160247429
2 mcg,634.8966,0.9515803420793202,0.021554538276910035
2 mcg,635.1299,0.9487596098680436,0.02284381215941279
2 mcg,635.3632,0.95031451427256,0.022132637650651023
2 mcg,635.5965,0.9521317157712306,0.021302968132600065
2 mcg,635.8298000000001,0.953967839842765,0.020466265981700482
2 mcg,636.0631000000001,0.9556311195975344,0.019709716132885448
2 mcg,636.2964000000001,0.9602054692366405,0.01763582466082456
2 mcg,636.5297,0.9560224579569206,0.0195319055772407
2 mcg,636.763,0.9475843838841314,0.02338210502908844
2 mcg,636.9963,0.9474165198040286,0.023459046885682996
2 mcg,637.2296,0.9555538025074432,0.019744854946731675
2 mcg,637.4629,0.9579372134162978,0.01866295518078334
2 mcg,637.6962000000001,0.9536513560843266,0.020610369324187614
2 mcg,637.9295000000001,0.9531358956358955,0.0208451743698414
2 mcg,638.1628000000001,0.9599328655157056,0.017759138997506484
2 mcg,638.3961,0.9624634499675604,0.016615754057175715
2 mcg,638.6294,0.9562969384415333,0.019407234603447808
2 mcg,638.8627,0.9504714447956192,0.022060926198831307
2 mcg,639.096,0.946630441461766,0.023819533729959767
2 mcg,639.3293,0.9533924139538864,0.020728308032087653
2 mcg,639.5626000000001,0.9630812435276458,0.016337075152226745
2 mcg,639.7959000000001,0.9669078104801581,0.014614931613350576
2 mcg,640.0292000000001,0.962788394505432,0.016469153370655257
2 mcg,640.2625,0.9592707054962839,0.018058817945926505
2 mcg,640.4958,0.958452210274791,0.01842953675709534
2 mcg,640.7291,0.9606945181136294,0.017414687449470688
2 mcg,640.9624,0.963379455380755,0.0162026195016637
2 mcg,641.1957,0.9665387557869846,0.014780727163647854
2 mcg,641.4290000000001,0.9664973142955818,0.014799348452013191
2 mcg,641.6623000000001,0.9611207185346818,0.01722206071766769
2 mcg,641.8956000000001,0.9659052391799545,0.015065478263498938
2 mcg,642.1289,0.9684530940861936,0.013921408990145843
2 mcg,642.3622,0.9647296191892376,0.015594387534638671
2 mcg,642.5955,0.9586680828272375,0.018331731461250896
2 mcg,642.8288,0.95871719550976,0.018309483071992216
2 mcg,643.0621,0.9651149420014618,0.015420960537781553
2 mcg,643.2954000000001,0.9750662941200132,0.010965855899682917
2 mcg,643.5287000000001,0.9644335727357165,0.015727679878903455
2 mcg,643.7620000000001,0.9632818106541541,0.01624664028179108
2 mcg,643.9953,0.9652548005908419,0.015358029781687871
2 mcg,644.2286,0.9711196721972524,0.012727248184242748
2 mcg,644.4619,0.9761545911831786,0.01048139874593357
2 mcg,644.6952,0.9775266320035352,0.00987140173299534
2 mcg,644.9285,0.9751704550797966,0.010919465090848816
2 mcg,645.1618000000001,0.9734411426025459,0.011690302198065253
2 mcg,645.3951000000001,0.9741952541476633,0.011353990451481622
2 mcg,645.6284,0.9795898490169765,0.008955723893132492
2 mcg,645.8617,0.9776731715056323,0.009806302199795147
2 mcg,646.095,0.972337543126642,0.012182945290031862
2 mcg,646.3283,0.9758075207138306,0.010635839029727166
2 mcg,646.5616,0.9775120076849184,0.009877899058161237
2 mcg,646.7949,0.9740607026606622,0.011413977403632468
2 mcg,647.0282000000001,0.9747967479674796,0.011085928340549282
2 mcg,647.2615000000001,0.9695791292749942,0.01341674150519914
2 mcg,647.4948,0.9662809784873843,0.014896569585426653
2 mcg,647.7281,0.9674203116998561,0.014384798520273384
2 mcg,647.9614,0.9715760133324237,0.012523215775058131
2 mcg,648.1947,0.976272885403461,0.010428772435570038
2 mcg,648.428,0.9724722759415053,0.01212277105855037
2 mcg,648.6613,0.9694542772861358,0.013472668886034708
2 mcg,648.8946000000001,0.9666959246000045,0.014710112303419324
2 mcg,649.1279000000001,0.9656233693318802,0.01519223229651
2 mcg,649.3612,0.9645693398213475,0.01566654684916341
2 mcg,649.5945,0.9604459801705452,0.01752705680290802
2 mcg,649.8278,0.955793556700175,0.01963590151871023
2 mcg,650.0611,0.9574164408310749,0.018899119050740733
2 mcg,650.2944,0.9532707241946783,0.02078374434901493
2 mcg,650.5277000000001,0.9508931188904501,0.021868295349338696
2 mcg,650.7610000000001,0.9531409058255964,0.020842891492833485
2 mcg,650.9943000000001,0.9615262068417361,0.017038874367104214
2 mcg,651.2276,0.9680384130982368,0.01410740894615338
2 mcg,651.4609,0.964000224365379,0.01592286501767265
2 mcg,651.6942,0.9599900112197919,0.017733285809071443
2 mcg,651.9275,0.9696593906467533,0.013380792269943365
2 mcg,652.1608,0.9700258509729267,0.013216691728296476
2 mcg,652.3941000000001,0.9705914852010571,0.012963522979950202
2 mcg,652.6274000000001,0.9806954263454049,0.008465850107926727
2 mcg,652.8607000000001,0.9752446376102769,0.010886428980968928
2 mcg,653.094,0.9746963592957327,0.011130656117284038
2 mcg,653.3273,0.9714027773095236,0.01260065918244281
2 mcg,653.5606,0.9693750730142938,0.013508152130826647
2 mcg,653.7939,0.9697380708347569,0.013345554138325185
2 mcg,654.0272,0.960482023363956,0.017510759096818512
2 mcg,654.2605000000001,0.9605946809724918,0.017459822476040037
2 mcg,654.4938000000001,0.9765179475200497,0.010319770361489863
2 mcg,654.7271000000001,0.9788032677428223,0.009304589422100613
2 mcg,654.9604,0.9769698692214472,0.010118830173392896
2 mcg,655.1937,0.9707198989061329,0.012906067628837482
2 mcg,655.427,0.9707529832935561,0.012891266117028401
2 mcg,655.6603,0.9811135534694307,0.00828072473913033
2 mcg,655.8936,0.970301256545769,0.013093406205035402
2 mcg,656.1269000000001,0.9505898999561562,0.022006804407566884
2 mcg,656.3602000000001,0.9413871635610767,0.026231727882616563
2 mcg,656.5935000000001,0.9433973113934029,0.025305365792959528
2 mcg,656.8268,0.9615075335397317,0.017047308656996645
2 mcg,657.0601,0.982544697838366,0.007647683616145289
2 mcg,657.2934,0.9772399763373042,0.009998775481259306
2 mcg,657.5267,0.9666925515257215,0.01471162768179904
2 mcg,657.76,0.9702559216484049,0.013113698001626314
2 mcg,657.9933000000001,0.977329062622565,0.009959186516779015
2 mcg,658.2266000000001,0.9712521121779336,0.0126680237315967
2 mcg,658.4599000000001,0.9807565263718699,0.008438793208256305
2 mcg,658.6932,1.0002191180498494,-9.515133562811778e-05
2 mcg,658.9265,1.0001515360876974,-6.580630080740164e-05
2 mcg,659.1598,0.9844538835507536,0.006804623445142836
2 mcg,659.3931,0.9822773415319845,0.007765873830784078
2 mcg,659.6264,0.9800056625404385,0.008771414916728358
2 mcg,659.8597000000001,0.9806017952716086,0.0085073159890457
2 mcg,660.0930000000001,0.9851665717539864,0.006490332875448455
2 mcg,660.3263000000001,0.966686880082734,0.014714175631108599
2 mcg,660.5596,0.9765646258503401,0.010299011237887176
2 mcg,660.7929,1.003844054000397,-0.0016662509091545574
2 mcg,661.0262,0.9916790306627101,0.0036288699507757566
2 mcg,661.2595,0.9545661344428927,0.020193977350321222
2 mcg,661.4928,0.9566831983167776,0.019231853237530197
2 mcg,661.7261000000001,0.9910044688198253,0.003924387109664261
2 mcg,661.9594000000001,0.9948153306509854,0.00225753063388206
2 mcg,662.1927000000001,0.9602426547150166,0.017619006244470315
2 mcg,662.426,0.9652301490100021,0.015369121342418962
2 mcg,662.6593,0.9751915380217268,0.010910075854004279
2 mcg,662.8926,0.9784357394829674,0.009467692136163957
2 mcg,663.1259,0.979641525514009,0.008932814074718784
2 mcg,663.3592,0.9709434927946515,0.012806044532336575
2 mcg,663.5925000000001,0.9709865260501754,0.012786796562292277
2 mcg,663.8258000000001,0.9823247275193093,0.007744923559843336
2 mcg,664.0591000000001,1.0005989720574153,-0.0002600523850661892
2 mcg,664.2924,0.9922400240637008,0.003383258775916973
2 mcg,664.5257,0.9721030815349746,0.01228768016820859
2 mcg,664.759,0.9673382069590842,0.01442165855787791
2 mcg,664.9923,0.9779677525959682,0.009675465356081275
2 mcg,665.2256,0.9613055224336267,0.017138562779403236
2 mcg,665.4589000000001,0.9342655996012665,0.029529641924469392
2 mcg,665.6922000000001,0.9214551280966324,0.035525808675520035
2 mcg,665.9255,0.9345152354570639,0.02941361389885077
2 mcg,666.1588,0.9579305572953014,0.018665972838540112
2 mcg,666.3921,0.9689393662956882,0.013703399117557098
2 mcg,666.6254,0.9566189326702603,0.01926102815477602
2 mcg,666.8587,0.9607527177736584,0.017388378331286314
2 mcg,667.092,0.9623332716392128,0.01667449868107944
2 mcg,667.3253000000001,0.9853040152963671,0.006429747376209554
2 mcg,667.5586000000001,1.020197923534387,-0.008684435252337945
2 mcg,667.7919,1.0130022883600531,-0.005610426427428665
2 mcg,668.0252,0.9972772425348572,0.0011840912718575982
2 mcg,668.2585,1.0059281884205524,-0.00256697824886258
2 mcg,668.4918,1.0141215379399575,-0.006090006371696082
2 mcg,668.7251,1.0047411104179662,-0.0020541724022633974
2 mcg,668.9584,1.003637510513036,-0.0015768845122360266
2 mcg,669.1917000000001,1.0126819454289007,-0.005473067241672695
2 mcg,669.4250000000001,0.9915037684612059,0.0037056308093625424
2 mcg,669.6583,1.0027573996270254,-0.001195875445834145
2 mcg,669.8916,1.0113885365437538,-0.004918026868203249
2 mcg,670.1249,1.0261008159841378,-0.011190032973277133
2 mcg,670.3582,1.0231133781091084,-0.00992376348613222
2 mcg,670.5915,1.0125905378332563,-0.005433864798794071
2 mcg,670.8248000000001,0.9909853874990436,0.003932749324331238
2 mcg,671.0581000000001,0.9849207268571076,0.006598723080032781
2 mcg,671.2914000000001,0.9901478142527869,0.004299966894951644
2 mcg,671.5247,0.9958214945019664,0.0018185038460095762
2 mcg,671.758,0.9896221903395505,0.004530575066516099
2 mcg,671.9913,0.9704510509495174,0.013026365312855746
2 mcg,672.2246,0.9614066022544284,0.017092899772567473
2 mcg,672.4579,0.971985911900001,0.012340029753180349
2 mcg,672.6912000000001,0.9671865283685297,0.014489761253938322
2 mcg,672.9245000000001,0.9664781154938784,0.01480797549766595
2 mcg,673.1578000000001,0.9851083615323017,0.006515994652541852
2 mcg,673.3911,0.9935654257505402,0.0028035295537747838
2 mcg,673.6244,0.9733129496713566,0.011747498412970795
2 mcg,673.8577,0.9630985552115584,0.01632926864444297
2 mcg,674.091,0.9641668615579174,0.015847799310029585
2 mcg,674.3243,0.9851562221031958,0.006494895372763151
2 mcg,674.5576000000001,0.9785263817970079,0.00942746094679668
2 mcg,674.7909000000001,0.9820698478373301,0.00785762275117959
2 mcg,675.0242000000001,0.9978011161564105,0.0009560145877582356
2 mcg,675.2575,1.009552012148823,-0.004128698720305349
2 mcg,675.4908,0.9890078233117746,0.004800273005757046
2 mcg,675.7241,0.9946217409205372,0.002342051982311262
2 mcg,675.9574,1.0197205910116156,-0.008481189011884792
2 mcg,676.1907,1.0166325609389104,-0.0071640152718941
2 mcg,676.4240000000001,0.9656408775981523,0.01518435792774667
2 mcg,676.6573000000001,0.9560908802583398,0.019500824336014834
2 mcg,676.8906000000001,0.97972470681773,0.008895939721543573
2 mcg,677.1239,0.9898350396451681,0.00443717645414633
2 mcg,677.3572,0.9711956303868511,0.012693280246523253
2 mcg,677.5905,0.9498573811427272,0.022341598113744494
2 mcg,677.8238,0.9633829763666937,0.01620103223305306
2 mcg,678.0571,1.0028647891182265,-0.0012423833711546215
2 mcg,678.2904000000001,0.9925721282139829,0.0032379241143318327
2 mcg,678.5237000000001,0.9705792228357549,0.012969009851933003
2 mcg,678.7570000000001,0.9769387967886561,0.010132643087308855
2 mcg,678.9903,0.9844911455187104,0.006788185538719323
2 mcg,679.2236,1.0163441073653796,-0.007040773526857387
2 mcg,679.4569,1.032586753278975,-0.013926549323690949
2 mcg,679.6902,1.0074698528598296,-0.003232059346635671
2 mcg,679.9235,0.963794036215511,0.016015765362791437
2 mcg,680.1568000000001,0.9358920282438564,0.02877425194851456
2 mcg,680.3901000000001,0.9406404199475067,0.026576363264829202
2 mcg,680.6234000000001,0.9513900988395231,0.021641372615228645
2 mcg,680.8567,0.9214147930303891,0.03554481956337344
2 mcg,681.09,0.9229401676626297,0.034826452491112624
2 mcg,681.3233,0.9419672667757775,0.025964188614395867
2 mcg,681.5566,0.9202197520581734,0.03610844905665321
2 mcg,681.7899,0.8635765249723645,0.0636991718189697
2 mcg,682.0232000000001,0.8522593809097242,0.0694282097471716
2 mcg,682.2565000000001,0.8647563828705117,0.063106223722145
2 mcg,682.4898000000001,0.862808335623899,0.0640856678138418
2 mcg,682.7231,0.8442084615308022,0.07355029921108297
2 mcg,682.9564,0.8592074096568479,0.06590198634749192
2 mcg,683.1897,0.8432759321496199,0.07403029464950336
2 mcg,683.423,0.8426672210178282,0.07434389940729212
2 mcg,683.6563,0.8583968268423235,0.06631189645615031
2 mcg,683.8896000000001,0.8076026079214176,0.09280228729643673
2 mcg,684.1229000000001,0.7526709688984495,0.12339483471682958
2 mcg,684.3562000000001,0.7541288113660258,0.12255446674624937
2 mcg,684.5895,0.7448567030581283,0.12792726961009993
2 mcg,684.8228,0.7382677626153804,0.13178609517488288
2 mcg,685.0561,0.7205548189168811,0.14233297300757988
2 mcg,685.2894,0.7056197505726648,0.1514292716337807
2 mcg,685.5227,0.7009138425223403,0.15433536294168887
2 mcg,685.7560000000001,0.678554710118334,0.16841513054719917
2 mcg,685.9893000000001,0.6615252662425845,0.17945356375134122
2 mcg,686.2226,0.6617323208353107,0.1793176526956469
2 mcg,686.4559,0.6914097841940028,0.1602644790149027
2 mcg,686.6892,0.6565563567184162,0.1827279895115158
2 mcg,686.9225,0.6143491048686679,0.21158477017419744
2 mcg,687.1558,0.571506323899817,0.24297895963510452
2 mcg,687.3891,0.5391171239837399,0.268316873451392
2 mcg,687.6224000000001,0.5282834108527131,0.2771330268073706
2 mcg,687.8557000000001,0.5247942783375855,0.28001090857896593
2 mcg,688.089,0.5093261417517142,0.29300403258652896
2 mcg,688.3223,0.4694690265486726,0.3283930552460602
2 mcg,688.5556,0.45447381983096263,0.3424911294506521
2 mcg,688.7889,0.4422265237244391,0.35435521299721484
2 mcg,689.0222,0.43156220247920046,0.36495659914561596
2 mcg,689.2555,0.41599026085053414,0.38091683694148654
2 mcg,689.4888000000001,0.40125298562982104,0.39658172309116557
2 mcg,689.7221000000001,0.39349510354724543,0.4050606674107431
2 mcg,689.9554,0.38937112090303944,0.4096362626196674
2 mcg,690.1887,0.3798207509780608,0.4204213118763014
2 mcg,690.422,0.38368157803144964,0.41602905238196075
2 mcg,690.6553,0.37919330794072004,0.42113933575924384
2 mcg,690.8886,0.373498573598607,0.4277110524280653
2 mcg,691.1219000000001,0.37155893646624605,0.4299722888967517
2 mcg,691.3552000000001,0.37084006721393936,0.4308133488807065
2 mcg,691.5885000000001,0.37596678402503647,0.42485052249747934
2 mcg,691.8218,0.38743562929662095,0.41180044325706283
2 mcg,692.0551,0.3926743452361855,0.40596747175304687
2 mcg,692.2884,0.39939214999061856,0.3986004753923591
2 mcg,692.5217,0.4051865787989307,0.3923449484304596
2 mcg,692.755,0.4126160659264907,0.38445386602020537
2 mcg,692.9883000000001,0.4263362925851003,0.37024769574002503
2 mcg,693.2216000000001,0.4420414873893728,0.35453696843659255
2 mcg,693.4549000000001,0.4584708933515578,0.33868823089484923
2 mcg,693.6882,0.4777850483729112,0.3207674450230188
2 mcg,693.9215,0.49143380652877594,0.3085349710063465
2 mcg,694.1548,0.508449003180272,0.29375259976789536
2 mcg,694.3881,0.523104669622254,0.28141140311894947
2 mcg,694.6214,0.5396849629940811,0.26785968232328383
2 mcg,694.8547000000001,0.5614064161948876,0.2507226282136723
2 mcg,695.0880000000001,0.582031314379893,0.23505364886120866
2 mcg,695.3213000000001,0.5949400178807566,0.22552681782865652
2 mcg,695.5546,0.6105059405974099,0.21431010574674497
2 mcg,695.7879,0.6197745706941902,0.20776624680236994
2 mcg,696.0212,0.6310472626225624,0.19993811282003218
2 mcg,696.2545,0.6395943054239176,0.19409541161432536
2 mcg,696.4878,0.6536341827141282,0.18466524384415983
2 mcg,696.7211000000001,0.6749731051344743,0.1707135316495554
2 mcg,696.9544000000001,0.6841982694843837,0.16481802859341965
2 mcg,697.1877000000001,0.6859114590693687,0.16373194161005974
2 mcg,697.421,0.7103814498258944,0.1485083878029882
2 mcg,697.6543,0.7385305986390633,0.1316315063847935
2 mcg,697.8876,0.735703863062389,0.13329696354119797
2 mcg,698.1209,0.7458525188760985,0.12734703924363666
2 mcg,698.3542,0.7673356665446891,0.11501461487948236
2 mcg,698.5875000000001,0.7778297474275023,0.10911545165323998
2 mcg,698.8208000000001,0.7783565422814505,0.10882141988028747
2 mcg,699.0541000000001,0.7814350384651683,0.1071071195113918
2 mcg,699.2874,0.7859098345755318,0.10462727659734473
2 mcg,699.5207,0.7866003203134625,0.10424588107610565
2 mcg,699.754,0.7868242315726649,0.10412227371934045
2 mcg,699.9873,0.7849356870398297,0.10516592530306065
2 mcg,700.2206,0.783516202888341,0.1059520180183175
2 mcg,700.4539000000001,0.7861227942317093,0.1045096108410279
2 mcg,700.6872000000001,0.7894495640327772,0.10267561076263745
2 mcg,700.9205000000001,0.7909526838434976,0.10184949597173472
2 mcg,701.1538,0.7913832120902083,0.10161316682449818
2 mcg,701.3871,0.7816114863617908,0.10700906696214911
2 mcg,701.6204,0.7919879633522979,0.10128141877591162
2 mcg,701.8537,0.7956430711578395,0.09928171491428335
2 mcg,702.087,0.7913974579356947,0.10160534907412744
2 mcg,702.3203000000001,0.7934535952120036,0.10047846769007689
2 mcg,702.5536000000001,0.8081537980796546,0.09250598167437842
2 mcg,702.7869000000001,0.8158234037881964,0.08840384009482884
2 mcg,703.0202,0.8130342043332457,0.08989118326114486
2 mcg,703.2535,0.8068411969380653,0.09321193501790277
2 mcg,703.4868,0.8176592450749018,0.08742764842641744
2 mcg,703.7201,0.821829326184692,0.08521836541906744
2 mcg,703.9534,0.8248188980762271,0.08364139714718657
2 mcg,704.1867000000001,0.8248485855062835,0.08362576601280941
2 mcg,704.4200000000001,0.8264052287581698,0.08280694365005677
2 mcg,704.6533000000001,0.8363134060234508,0.07763094146064299
2 mcg,704.8866,0.8407150126591405,0.07535119731126586
2 mcg,705.1199,0.8408880447050404,0.0752618220420394
2 mcg,705.3532,0.8512111320603226,0.06996270534888957
2 mcg,705.5865,0.8543444192930525,0.06836701310050357
2 mcg,705.8198,0.8548441759577904,0.06811304280304384
2 mcg,706.0531000000001,0.8576454475340409,0.0666922133202856
2 mcg,706.2864000000001,0.8580492214747871,0.06648779839633981
2 mcg,706.5197000000001,0.8624727280670857,0.06425462870365256
2 mcg,706.753,0.8740034490440868,0.058486853523652835
2 mcg,706.9863,0.8712277145169333,0.059868317744557996
2 mcg,707.2196,0.8712846716516277,0.05983992636036127
2 mcg,707.4529,0.8738637933416218,0.05855625433351429
2 mcg,707.6862,0.87353964672807,0.058717379216274346
2 mcg,707.9195000000001,0.8765757181808148,0.05721056380542261
2 mcg,708.1528000000001,0.8818103655068877,0.05462480043373208
2 mcg,708.3861,0.8850641175979016,0.05302526612669195
2 mcg,708.6194,0.8942839937176014,0.04852454236895367
2 mcg,708.8527,0.8796440276548406,0.055693041602035954
2 mcg,709.086,0.8821466844298369,0.054459193845780775
2 mcg,709.3193,0.8909218000530278,0.050160414140338096
2 mcg,709.5526000000001,0.8971385125423476,0.04714049944333024
2 mcg,709.7859000000001,0.8949112227000793,0.048220045582197925
2 mcg,710.0192000000001,0.8942660910413657,0.048533236599623504
2 mcg,710.2525,0.8960296868721542,0.04767760124057672
2 mcg,710.4858,0.8933128429947663,0.048996422194265025
2 mcg,710.7191,0.8987077756532824,0.046381500761006215
2 mcg,710.9524,0.9052862249253095,0.043214087918957055
2 mcg,711.1857,0.9094814458603832,0.041206156460471106
2 mcg,711.4190000000001,0.9113825044713167,0.04029931269069414
2 mcg,711.6523000000001,0.9103350097123546,0.04079875482728741
2 mcg,711.8856000000001,0.9068334392206694,0.04247247376689577
2 mcg,712.1189,0.9079045577259012,0.04195980371635571
2 mcg,712.3522,0.9166783915580782,0.037783005955135604
2 mcg,712.5855,0.9101345487828361,0.040894399465202624
2 mcg,712.8188,0.9069310282389803,0.04242573961486219
2 mcg,713.0521,0.91105530680523,0.04045525781158735
2 mcg,713.2854000000001,0.9174114620960123,0.03743583811514145
2 mcg,713.5187000000001,0.9246860431991779,0.03400569736994591
2 mcg,713.7520000000001,0.9261084451825651,0.03333815544896699
2 mcg,713.9853,0.917414161197676,0.03743456038613683
2 mcg,714.2186,0.9199929365688065,0.0362155070250607
2 mcg,714.4519,0.9255893485798988,0.03358165176545851
2 mcg,714.6852,0.9206725607830754,0.035894800128710186
2 mcg,714.9185,0.9183206186918337,0.03700566453026438
2 mcg,715.1518000000001,0.9231007813116566,0.034750881446271475
2 mcg,715.3851000000001,0.931772192173083,0.03069025478712374
2 mcg,715.6184000000001,0.9364119760479042,0.028533040620158837
2 mcg,715.8517,0.9361733120680489,0.028643743668718757
2 mcg,716.085,0.9338633171688263,0.02971668366629732
2 mcg,716.3183,0.9203253941542805,0.036058594501832
2 mcg,716.5516,0.925971392672684,0.03340243037671514
2 mcg,716.7849,0.9344890081251771,0.029425802619720033
2 mcg,717.0182000000001,0.9333906420424084,0.02993655756455129
2 mcg,717.2515000000001,0.9290158149604956,0.03197689279687142
2 mcg,717.4848000000001,0.9330885165633847,0.030077155362199764
2 mcg,717.7181,0.9367489940703092,0.0283767646018703
2 mcg,717.9514,0.9334463768115944,0.02991062567818912
2 mcg,718.1847,0.9247074821409461,0.03399562832408777
2 mcg,718.418,0.9292981199782804,0.03184494145100291
2 mcg,718.6513,0.9379091558802508,0.02783922453195402
2 mcg,718.8846000000001,0.9432274541101358,0.025383566908922958
2 mcg,719.1179000000001,0.9370406465414785,0.02824157006653947
2 mcg,719.3512000000001,0.9278273599456252,0.03253282507203921
2 mcg,719.5845,0.9309561833434293,0.031070759169008748
2 mcg,719.8178,0.9449153917570478,0.02460707671620535
2 mcg,720.0511,0.9458219179905802,0.024190626087065414
2 mcg,720.2844,0.9241335238734836,0.034265275000679746
2 mcg,720.5177,0.9192871319923716,0.03654881901286857
2 mcg,720.7510000000001,0.9393446000015845,0.027175056908879763
2 mcg,720.9843000000001,0.9545649847525406,0.02019450041986926
2 mcg,721.2176000000001,0.9432832616319293,0.025357871959439268
2 mcg,721.4509,0.9344985405352859,0.029421372549426093
2 mcg,721.6842,0.9407219097930036,0.026538740963486022
2 mcg,721.9175,0.9414598659862811,0.026198189032558692
2 mcg,722.1508,0.9378352452557707,0.02787344985216601
2 mcg,722.3841,0.9438719818480144,0.025086905434127504
2 mcg,722.6174000000001,0.9437893275469679,0.02512493800564268
2 mcg,722.8507000000001,0.9365127695434622,0.02848629655414349
2 mcg,723.0840000000001,0.9369375840285835,0.028289339544280805
2 mcg,723.3173,0.9432438089333641,0.02537603664899278
2 mcg,723.5506,0.944209694568846,0.02493154481120346
2 mcg,723.7839,0.93939568838288,0.027151437463202612
2 mcg,724.0172,0.9425888192060383,0.025677716057307856
2 mcg,724.2505,0.9396546546546548,0.027031730586843883
2 mcg,724.4838000000001,0.9413431023102311,0.02625205533839538
2 mcg,724.7171000000001,0.9498831816159565,0.022329801762838136
2 mcg,724.9504000000001,0.9451370950007817,0.024505191190284884
4 mcg,375.0004,0.8308256880733945,0.08049008409642741
4 mcg,375.23370000000006,0.8245480266628303,0.08378404334608469
4 mcg,375.46700000000004,0.8465386567139747,0.07235320528777427
4 mcg,375.7003,0.8784398242055442,0.05628798364004142
4 mcg,375.9336,0.9007347856154908,0.045403064846850125
4 mcg,376.16690000000006,0.9188101580536318,0.0367742120379034
4 mcg,376.40020000000004,0.9090854424223129,0.04139529672448344
4 mcg,376.6335,0.8411814137419673,0.07511033179940921
4 mcg,376.8668,0.8483455242075932,0.071427227114021
4 mcg,377.10010000000005,0.857407314921174,0.06681281565119686
4 mcg,377.33340000000004,0.8677835267326401,0.06158859840710417
4 mcg,377.5667,0.8655596003922936,0.06270302226540747
4 mcg,377.8,0.82697348610913,0.08250841429399175
4 mcg,378.03330000000005,0.8234727298618693,0.08435077836017675
4 mcg,378.26660000000004,0.8740936290038718,0.05844204518956265
4 mcg,378.4999,0.8517677756033919,0.06967879434251877
4 mcg,378.7332,0.8573703209217228,0.06683155427886708
4 mcg,378.96650000000005,0.9009081473793462,0.04531948551348839
4 mcg,379.19980000000004,0.8945938533792704,0.04837409012561964
4 mcg,379.4331,0.9012612519221134,0.04514930022848626
4 mcg,379.6664,0.9206409780745922,0.035909698401850175
4 mcg,379.89970000000005,0.8847859053655711,0.05316180429289433
4 mcg,380.13300000000004,0.8721403331650681,0.05941362858159248
4 mcg,380.3663,0.8397646867900032,0.075842391968491
4 mcg,380.5996,0.8090370719447064,0.0920315775568983
4 mcg,380.83290000000005,0.8223063287500599,0.08496636724947168
4 mcg,381.06620000000004,0.8415806551549837,0.07490425590896888
4 mcg,381.2995,0.8129861143872561,0.08991687199079226
4 mcg,381.5328,0.8119413057124922,0.09047536426437233
4 mcg,381.76610000000005,0.8222582697201016,0.08499174998182756
4 mcg,381.99940000000004,0.8239127321334798,0.0841187858271142
4 mcg,382.2327,0.8121722934372603,0.09035183017786133
4 mcg,382.466,0.8442293591435696,0.07353954877917586
4 mcg,382.69930000000005,0.8450553030673249,0.07311486852835052
4 mcg,382.93260000000004,0.8357739242132305,0.07791118278196492
4 mcg,383.1659,0.8458375939361479,0.07271301619055269
4 mcg,383.3992,0.8072508160455438,0.09299150728460374
4 mcg,383.63250000000005,0.8194030785612503,0.08650240870158338
4 mcg,383.86580000000004,0.8881886300975963,0.051494790628092764
4 mcg,384.0991,0.9395294453667505,0.027089604323536003
4 mcg,384.3324,0.9235910372978748,0.03452029021021249
4 mcg,384.56570000000005,0.9107256716469351,0.04061242130549178
4 mcg,384.79900000000004,0.8924800351179323,0.04940149032511903
4 mcg,385.0323,0.8493637574415506,0.07090627440132413
4 mcg,385.2656,0.7847518203793507,0.10526766819907
4 mcg,385.49890000000005,0.793578078078078,0.10041033770521478
4 mcg,385.73220000000003,0.8788922155688623,0.056064382097882046
4 mcg,385.9655,0.8815987706903177,0.0547290240762101
4 mcg,386.1988,0.8395795508838987,0.0759381478009705
4 mcg,386.43210000000005,0.8462253978982603,0.0725139442593452
4 mcg,386.66540000000003,0.8823551275553302,0.05435658618734868
4 mcg,386.8987,0.8975891580995677,0.046922401861051295
4 mcg,387.132,0.8820177871925488,0.05452265658963135
4 mcg,387.36530000000005,0.8553642751177845,0.06784889231068798
4 mcg,387.59860000000003,0.8391118373624261,0.07618015226726534
4 mcg,387.8319,0.8663356997468104,0.06231378893287298
4 mcg,388.0652,0.851454878503461,0.06983836183665063
4 mcg,388.29850000000005,0.8681380536216856,0.0614112066683506
4 mcg,388.53180000000003,0.8959609862194357,0.04771090087192131
4 mcg,388.7651,0.8970041269679523,0.047205558834073374
4 mcg,388.9984,0.8811182325565989,0.0549658120173301
4 mcg,389.23170000000005,0.9180451516247352,0.03713595864706623
4 mcg,389.46500000000003,1.008867685200962,-0.0038342114746135014
4 mcg,389.6983,1.0354629683359444,-0.01513457166507103
4 mcg,389.9316,1.0090519912127527,-0.0039135437543474
4 mcg,390.16490000000005,0.9445338240448651,0.02478248524556958
4 mcg,390.39820000000003,0.9026595655596311,0.044476011232107635
4 mcg,390.6315,0.9083244846707456,0.04175897887109561
4 mcg,390.86480000000006,0.908215808185479,0.041810943144176514
4 mcg,391.09810000000004,0.9061451476793249,0.04280223081407533
4 mcg,391.33140000000003,0.9107148316095174,0.04061759058598793
4 mcg,391.5647,0.9193801645793607,0.03650487029057784
4 mcg,391.79800000000006,0.8918983452720866,0.04968464181580623
4 mcg,392.03130000000004,0.9007413036136441,0.04539992216774605
4 mcg,392.26460000000003,0.8838391376451077,0.05362677117498367
4 mcg,392.4979,0.8321624605432972,0.07979187944263685
4 mcg,392.73120000000006,0.8209111345598019,0.0857038536712595
4 mcg,392.96450000000004,0.8753847413228553,0.05780102776750117
4 mcg,393.19780000000003,0.9384615384615385,0.02758352163208854
4 mcg,393.4311,0.9064096059529848,0.0426755005516885
4 mcg,393.66440000000006,0.9148656726614405,0.03864266757778771
4 mcg,393.89770000000004,0.9312256657841458,0.030945062811432517
4 mcg,394.13100000000003,0.943734309623431,0.02515025581373163
4 mcg,394.3643,0.9570083258523879,0.019084283899206217
4 mcg,394.59760000000006,0.9394758140896489,0.027114395917483693
4 mcg,394.83090000000004,0.9154284561456599,0.03837559163020235
4 mcg,395.0642,0.9155161675840361,0.03833398185869751
4 mcg,395.2975,0.9273442934459885,0.03275899618622424
4 mcg,395.53080000000006,0.884410286063059,0.05334621503673238
4 mcg,395.76410000000004,0.8807320946482453,0.055156177297453236
4 mcg,395.9974,0.8975283479723718,0.04695182556463149
4 mcg,396.2307,0.8855400864138262,0.05279177449166151
4 mcg,396.46400000000006,0.8590175930250663,0.06599794155238407
4 mcg,396.69730000000004,0.8629132733920195,0.06403285061151202
4 mcg,396.9306,0.9011772207779467,0.04518979455081546
4 mcg,397.1639,0.8937135847899419,0.04880164057209741
4 mcg,397.39720000000005,0.8691502838643083,0.06090512365490144
4 mcg,397.63050000000004,0.9194797907279959,0.036457811691555105
4 mcg,397.8638,0.983298874339536,0.0073144580090384
4 mcg,398.0971,0.968757623279317,0.013784866952611356
4 mcg,398.33040000000005,0.943179086029698,0.025405837813939437
4 mcg,398.56370000000004,0.9434434434434434,0.025284129348151843
4 mcg,398.797,0.9151768764753461,0.03849496161270729
4 mcg,399.0303,0.8338070024588555,0.07893446191244305
4 mcg,399.26360000000005,0.8701741057296614,0.0603938444011992
4 mcg,399.49690000000004,0.9058059600125892,0.042964826077367214
4 mcg,399.7302,0.8886477571482225,0.05127035088738445
4 mcg,399.9635,0.8461108516269655,0.07257273495609456
4 mcg,400.19680000000005,0.8413686329153119,0.07501368296047908
4 mcg,400.43010000000004,0.8519921383647798,0.06956441260483408
4 mcg,400.6634,0.859905078310394,0.0655494862462049
4 mcg,400.8967,0.8511685975278773,0.0699844073374813
4 mcg,401.13000000000005,0.8675714734527176,0.06169473642472984
4 mcg,401.36330000000004,0.8740267927501971,0.05847525413308269
4 mcg,401.5966,0.8837297811607993,0.05368050929772479
4 mcg,401.8299,0.8848517817723115,0.05312947026185948
4 mcg,402.06320000000005,0.8520682367149759,0.06952562396321389
4 mcg,402.29650000000004,0.8527057012181317,0.06920083329992087
4 mcg,402.5298,0.904177302573488,0.04374639919379546
4 mcg,402.7631,0.9206478261579402,0.035906467963688814
4 mcg,402.99640000000005,0.9615692102700764,0.01701945135619374
4 mcg,403.22970000000004,0.9535589482612385,0.020652454046141768
4 mcg,403.463,0.9186023078173248,0.03687246783267146
4 mcg,403.6963,0.8875565083655683,0.05180398701642624
4 mcg,403.92960000000005,0.8821480696256012,0.05445851189297735
4 mcg,404.16290000000004,0.8992115472207827,0.04613812474869326
4 mcg,404.3962,0.9419400996694133,0.025976714203067804
4 mcg,404.6295,0.9227969256054527,0.0348938610460582
4 mcg,404.86280000000005,0.9374949080184453,0.028031082454106793
4 mcg,405.09610000000004,0.942282698978844,0.02581878278292361
4 mcg,405.3294,0.9444428202504507,0.024824330597015682
4 mcg,405.5627,0.9308803136804858,0.031106154087983773
4 mcg,405.79600000000005,0.9297648554178581,0.03162687392681598
4 mcg,406.02930000000003,0.9299223768309983,0.03155330168360682
4 mcg,406.2626,0.9169158452420257,0.037670522153482204
4 mcg,406.4959,0.9170461124411272,0.037608825861908765
4 mcg,406.72920000000005,0.9136803610333021,0.03920570986608974
4 mcg,406.96250000000003,0.9491504404825177,0.02266494637850514
4 mcg,407.1958,0.9673926194797339,0.014397230294113371
4 mcg,407.4291,0.9277717892237273,0.03255883721792066
4 mcg,407.66240000000005,0.8936087459266268,0.048852589345126776
4 mcg,407.89570000000003,0.9063523368343805,0.04270294117873887
4 mcg,408.129,0.9173519391422039,0.03746401666980108
4 mcg,408.3623,0.8846708746618576,0.05321827043607059
4 mcg,408.59560000000005,0.8887536021967741,0.05121862602475239
4 mcg,408.82890000000003,0.8734828964904487,0.05874559443896849
4 mcg,409.0622,0.8707488701438266,0.06010708039613415
4 mcg,409.2955,0.8800697536360937,0.055482904646771976
4 mcg,409.52880000000005,0.8874074074074074,0.05187695044171353
4 mcg,409.76210000000003,0.8650370370370372,0.06296529757973755
4 mcg,409.9954,0.8506059446357955,0.07027158645446499
4 mcg,410.2287,0.832877978777718,0.07941862047222402
4 mcg,410.46200000000005,0.8585487373844909,0.06623504613339931
4 mcg,410.69530000000003,0.8928270787343636,0.049232646400928226
4 mcg,410.9286,0.8829868058576194,0.0540457858743463
4 mcg,411.16190000000006,0.8633159582432794,0.06383023115771588
4 mcg,411.39520000000005,0.8767284508092146,0.05713489988006208
4 mcg,411.62850000000003,0.8799583153658185,0.05553790039004499
4 mcg,411.8618,0.8675789800731544,0.06169097872887489
4 mcg,412.09510000000006,0.8489617441041158,0.07111187948374378
4 mcg,412.32840000000004,0.8626054963418573,0.06418777894762051
4 mcg,412.56170000000003,0.8543960513435633,0.06834076743591216
4 mcg,412.795,0.838424923118064,0.07653582027951829
4 mcg,413.02830000000006,0.8220494791666667,0.08510204148386426
4 mcg,413.26160000000004,0.830666614249584,0.08057324413756713
4 mcg,413.49490000000003,0.8668815712517511,0.06204022947298387
4 mcg,413.7282,0.9182713208029664,0.03702897923686773
4 mcg,413.96150000000006,0.9108844105088942,0.04053673067041868
4 mcg,414.19480000000004,0.9151034969096112,0.03852978506485548
4 mcg,414.42810000000003,0.9026144318793754,0.04449772683684679
4 mcg,414.6614,0.893877174242724,0.0487221525836077
4 mcg,414.89470000000006,0.8940932751183313,0.04861717163350168
4 mcg,415.12800000000004,0.8918792566837259,0.04969393677341034
4 mcg,415.3613,0.9025602744928563,0.044523785538028
4 mcg,415.5946,0.9429029768915241,0.025532993125286674
4 mcg,415.82790000000006,0.9581865969413462,0.018549908321460157
4 mcg,416.06120000000004,1.000618095925093,-0.00026835272423297656
4 mcg,416.2945,1.0018537271448664,-0.0008043182068334821
4 mcg,416.5278,0.931349933107327,0.03088711229081933
4 mcg,416.76110000000006,0.9013721014357171,0.04509588800014735
4 mcg,416.99440000000004,0.952460836958936,0.021152872494647715
4 mcg,417.2277,1.0149034407442734,-0.0064247248632628646
4 mcg,417.461,1.0136589574004846,-0.005891862460483419
4 mcg,417.69430000000006,1.0122119846842825,-0.005271475090372076
4 mcg,417.92760000000004,1.0582812128335362,-0.02460108637020494
4 mcg,418.1609,1.0542371946088374,-0.022938334520198767
4 mcg,418.3942,0.9964821781794205,0.0015304641361457928
4 mcg,418.62750000000005,0.9691339582477498,0.013616188576844416
4 mcg,418.86080000000004,0.9665868248762454,0.014759128835604186
4 mcg,419.0941,0.9739019896831245,0.011484746901194746
4 mcg,419.3274,0.9848954489544895,0.006609869352214448
4 mcg,419.56070000000005,0.9731549184165976,0.011818018048240496
4 mcg,419.79400000000004,1.0379044586792001,-0.016157377618295214
4 mcg,420.0273,1.0484890906797832,-0.020563916077261934
4 mcg,420.2606,0.9962566463262321,0.0016287682777089913
4 mcg,420.49390000000005,0.9725126223418326,0.012104753212710274
4 mcg,420.72720000000004,1.0051612297802959,-0.0022357290080830916
4 mcg,420.9605,1.0412275963073672,-0.017545669968495745
4 mcg,421.1938,1.0462086604806091,-0.019618310781621358
4 mcg,421.42710000000005,1.036104933981932,-0.015403741839253313
4 mcg,421.66040000000004,1.045346122439591,-0.01926011262593342
4 mcg,421.8937,1.0479637188208617,-0.02034624735319698
4 mcg,422.127,1.0588926117710766,-0.024851918105521786
4 mcg,422.36030000000005,1.055139576343443,-0.023309912928772627
4 mcg,422.59360000000004,1.0310671348015745,-0.013286943968905316
4 mcg,422.8269,1.037551463078203,-0.01600964714469634
4 mcg,423.0602,1.0545392376563667,-0.023062743753656828
4 mcg,423.29350000000005,1.0623976242575806,-0.026287090852089093
4 mcg,423.52680000000004,1.0568106176620726,-0.023997167938117934
4 mcg,423.7601,1.073589499636825,-0.030838255179531367
4 mcg,423.9934,1.0783515815085156,-0.032760379603199725
4 mcg,424.22670000000005,1.0858026740711677,-0.035750906883965955
4 mcg,424.46000000000004,1.0943083335832309,-0.039139706555944
4 mcg,424.6933,1.1033875943616145,-0.042728096777256024
4 mcg,424.9266,1.0929794570161968,-0.03861199928881485
4 mcg,425.15990000000005,1.0501701192202795,-0.02125965702629456
4 mcg,425.39320000000004,1.1100872819139338,-0.04535712704192626
4 mcg,425.6265,1.140261061522219,-0.057004293966920076
4 mcg,425.8598,1.1212503136937793,-0.04970257755534429
4 mcg,426.09310000000005,1.1135784968514024,-0.04672083614135775
4 mcg,426.32640000000004,1.1173336924319957,-0.04818289481603091
4 mcg,426.5597,1.1235416165771734,-0.05058916355095146
4 mcg,426.793,1.1266429324894516,-0.051786296684529665
4 mcg,427.02630000000005,1.13491370292887,-0.05496283970829799
4 mcg,427.25960000000003,1.110008398421097,-0.0453262647093069
4 mcg,427.4929,1.0954626450874612,-0.03959757285155346
4 mcg,427.7262,1.1246795827123697,-0.05102881108694174
4 mcg,427.95950000000005,1.1411575189869225,-0.057345596131761954
4 mcg,428.19280000000003,1.1023288393580932,-0.0423111696655007
4 mcg,428.4261,1.074926948603529,-0.031378950859631494
4 mcg,428.6594,1.1007063081145603,-0.041671455411282636
4 mcg,428.89270000000005,1.0944100393554614,-0.039180068309411564
4 mcg,429.12600000000003,1.084176743445571,-0.035100087041988394
4 mcg,429.3593,1.0765740917545383,-0.03204392411107474
4 mcg,429.5926,1.0899400479616306,-0.03740261027502145
4 mcg,429.82590000000005,1.091265470727298,-0.037930413693117705
4 mcg,430.05920000000003,1.0730557182381808,-0.030622273219567737
4 mcg,430.2925,1.0617540609953953,-0.026023930754799335
4 mcg,430.5258,1.0593834655494565,-0.02505319035088172
4 mcg,430.75910000000005,1.0412618470423893,-0.017559955664176077
4 mcg,430.99240000000003,1.0484470001057944,-0.020546481398058997
4 mcg,431.2257,1.0488694786887058,-0.02072144795329048
4 mcg,431.45900000000006,1.0427677496991576,-0.01818759101922833
4 mcg,431.69230000000005,1.0637642776376972,-0.026845402148018234
4 mcg,431.92560000000003,1.0687937528819265,-0.028893906680089326
4 mcg,432.1589,1.061129758829353,-0.025768494266908044
4 mcg,432.39220000000006,1.0667002705693545,-0.028042405249897148
4 mcg,432.62550000000005,1.0645026744053718,-0.02714675687630129
4 mcg,432.85880000000003,1.0736270569414532,-0.030853447806569304
4 mcg,433.0921,1.0714393674184963,-0.029967599418323856
4 mcg,433.32540000000006,1.0566541935971578,-0.02393288098335862
4 mcg,433.55870000000004,1.0621123299551902,-0.02617045054946717
4 mcg,433.79200000000003,1.049726870220229,-0.02107631413027817
4 mcg,434.0253,1.048472701571923,-0.020557127494719864
4 mcg,434.25860000000006,1.0652538740776314,-0.02745312230218187
4 mcg,434.49190000000004,1.0625917069034672,-0.026366422094971198
4 mcg,434.72520000000003,1.0568475606717496,-0.024012349338226702
4 mcg,434.9585,1.0551298286948412,-0.023305900787015527
4 mcg,435.19180000000006,1.0435335641662957,-0.018506422254167352
4 mcg,435.42510000000004,1.032673744045699,-0.013963135129729519
4 mcg,435.65840000000003,1.0263958530811115,-0.011314888702386105
4 mcg,435.8917,1.0333315169761286,-0.01423967572628332
4 mcg,436.12500000000006,1.0384319008487133,-0.016378021280020465
4 mcg,436.35830000000004,1.0337732611851655,-0.014425294836978407
4 mcg,436.5916,1.0379161765346576,-0.016162280739382518
4 mcg,436.8249,1.039998966902127,-0.017032907886349247
4 mcg,437.05820000000006,1.0343070686597415,-0.014649492748838982
4 mcg,437.29150000000004,1.038586961067202,-0.016442865946202624
4 mcg,437.5248,1.034816559195466,-0.014863369705962463
4 mcg,437.7581,1.0428626339700104,-0.01822710685636024
4 mcg,437.99140000000006,1.0526791467841268,-0.022296019794301482
4 mcg,438.22470000000004,1.0344050733254062,-0.014690641910838815
4 mcg,438.458,1.02458645652402,-0.010548610865172604
4 mcg,438.6913,1.025120454781795,-0.010774899317112051
4 mcg,438.92460000000005,1.0278722597981236,-0.011939145484276204
4 mcg,439.15790000000004,1.0283317956253155,-0.012133264231180326
4 mcg,439.3912,1.0198659989019976,-0.008543113173219614
4 mcg,439.6245,1.0150837576562615,-0.0065018786897873965
4 mcg,439.85780000000005,1.0081548860521747,-0.0035272592824840635
4 mcg,440.09110000000004,1.0057778979628627,-0.002502087739239324
4 mcg,440.3244,0.9992634087352397,0.0003200153964508299
4 mcg,440.5577,0.998571272266517,0.0006209322480548725
4 mcg,440.79100000000005,1.0036544838790389,-0.0015842291728187068
4 mcg,441.02430000000004,1.0005829153446355,-0.00025308316172689097
4 mcg,441.2576,0.9971218871964908,0.0012517507140599204
4 mcg,441.4909,0.9951172744393084,0.002125734690859057
4 mcg,441.72420000000005,0.9962631417780953,0.0016259367485884403
4 mcg,441.95750000000004,0.9920719502390155,0.0034568293996223654
4 mcg,442.1908,0.993389858853435,0.0028802778685525746
4 mcg,442.4241,0.9965539436384858,0.001499187891289428
4 mcg,442.65740000000005,0.994416814742018,0.0024315407542507862
4 mcg,442.89070000000004,0.9929992013173334,0.003051100813394629
4 mcg,443.124,0.9923481358036793,0.0033359418231128203
4 mcg,443.3573,0.9924067388688326,0.0033102953433879383
4 mcg,443.59060000000005,0.9906364097937062,0.0040857140257784955
4 mcg,443.82390000000004,0.9811563524675216,0.008261779976589176
4 mcg,444.0572,0.9855939499262303,0.006301971090483551
4 mcg,444.2905,0.9868130778653004,0.005765103601535715
4 mcg,444.52380000000005,0.9836706159628001,0.007150301586281961
4 mcg,444.75710000000004,0.9797794257463395,0.008871684474145028
4 mcg,444.9904,0.9805003168567806,0.00855226165032347
4 mcg,445.2237,0.982050232959393,0.00786629700010649
4 mcg,445.45700000000005,0.9818473910852972,0.007956009524683559
4 mcg,445.69030000000004,0.9803171019387236,0.008633420892773469
4 mcg,445.9236,0.9766493547371735,0.010261332531510549
4 mcg,446.1569,0.9769253987568031,0.0101385991730138
4 mcg,446.39020000000005,0.9775451594760276,0.009863170445425869
4 mcg,446.62350000000004,0.9770165579433885,0.010098076033007716
4 mcg,446.8568,0.9776203060197682,0.009829786335617595
4 mcg,447.0901,0.9760781372089388,0.010515414709979264
4 mcg,447.32340000000005,0.9809215208605712,0.008365737187409811
4 mcg,447.55670000000003,0.98091523758569,0.008368519061689039
4 mcg,447.79,0.9786053976564448,0.009392393147974744
4 mcg,448.0233,0.9814210258666141,0.008144641973575166
4 mcg,448.25660000000005,0.9815910726468967,0.008069400075083744
4 mcg,448.48990000000003,0.974217174758151,0.011344218392923678
4 mcg,448.7232,0.9731947011706715,0.01180026437192485
4 mcg,448.9565,0.9775170014429212,0.00987568040919547
4 mcg,449.18980000000005,0.9805378968567001,0.00853561660334496
4 mcg,449.42310000000003,0.9748000208807374,0.011084470184493322
4 mcg,449.6564,0.9746684215855016,0.011143104473292333
4 mcg,449.8897,0.9733304559966451,0.011739687120518079
4 mcg,450.12300000000005,0.9768253354566906,0.010183084826538446
4 mcg,450.35630000000003,0.9805481466441477,0.00853107684728076
4 mcg,450.5896,0.9785839622062703,0.009401906072905964
4 mcg,450.82290000000006,0.9757243319268637,0.010672864744791916
4 mcg,451.05620000000005,0.9776795224977043,0.009803481019943593
4 mcg,451.28950000000003,0.9785618514096794,0.009411718930878532
4 mcg,451.5228,0.9825137266830742,0.007661373389105347
4 mcg,451.75610000000006,0.9818153082236972,0.00797020077021943
4 mcg,451.98940000000005,0.9786299862448417,0.009381481135707923
4 mcg,452.22270000000003,0.9774353249082608,0.009911969445860458
4 mcg,452.456,0.9798124260843257,0.008857057076428164
4 mcg,452.68930000000006,0.9809584557023985,0.00834938491490681
4 mcg,452.92260000000005,0.9816672328990179,0.008035705092452312
4 mcg,453.15590000000003,0.9806213130729916,0.008498671920552188
4 mcg,453.3892,0.9813102101799316,0.008193682453903586
4 mcg,453.62250000000006,0.9824214796946322,0.007702150670668585
4 mcg,453.85580000000004,0.9825893689678049,0.00762793898360671
4 mcg,454.08910000000003,0.9816648801834734,0.008036745946795452
4 mcg,454.3224,0.9821472540699396,0.007823393235845461
4 mcg,454.55570000000006,0.9845242579882454,0.006773578682138142
4 mcg,454.78900000000004,0.9857882681923966,0.006216354663362786
4 mcg,455.02230000000003,0.9833700238488351,0.0072830344793119
4 mcg,455.2556,0.9828713294833012,0.007503333188200885
4 mcg,455.48890000000006,0.9799777533979399,0.008783783170953425
4 mcg,455.72220000000004,0.9806888598024769,0.008468758067757902
4 mcg,455.95550000000003,0.9853522162957513,0.0064085022420016105
4 mcg,456.1888,0.9862068965517242,0.0060319647699130455
4 mcg,456.42210000000006,0.9835052618697994,0.007223312211441322
4 mcg,456.65540000000004,0.9835519411579331,0.007202700144615554
4 mcg,456.88870000000003,0.982476104890894,0.00767800343622585
4 mcg,457.122,0.9829223903514809,0.007480771865440677
4 mcg,457.35530000000006,0.9856343998944789,0.006284147485209623
4 mcg,457.58860000000004,0.9860933332105507,0.0060819773711675755
4 mcg,457.8219,0.9853045374656078,0.006429517218657965
4 mcg,458.0552,0.9846054797796314,0.0067377515091970215
4 mcg,458.28850000000006,0.9851916996654082,0.00647925579019838
4 mcg,458.52180000000004,0.9864741164528927,0.005914305474287455
4 mcg,458.7551,0.9842123520003929,0.0069111888122520195
4 mcg,458.9884,0.984790992535777,0.0066559323654262975
4 mcg,459.22170000000006,0.983928779918272,0.007036336129527054
4 mcg,459.45500000000004,0.9812955686631761,0.008200162338964815
4 mcg,459.6883,0.9802505818392561,0.008662891247084123
4 mcg,459.9216,0.9842582068081778,0.0068909553473376645
4 mcg,460.15490000000005,0.9871014223871368,0.005638222284644521
4 mcg,460.38820000000004,0.9851770177990677,0.006485727932675375
4 mcg,460.6215,0.98023611879727,0.008669299063392338
4 mcg,460.8548,0.9816740576496673,0.008032685799208008
4 mcg,461.08810000000005,0.9856737549155197,0.006266807052224783
4 mcg,461.32140000000004,0.9885648622628032,0.004994830246446087
4 mcg,461.5547,0.9897589031039943,0.004470582981621713
4 mcg,461.788,0.9853510483446375,0.006409017017343964
4 mcg,462.02130000000005,0.9831904629371926,0.007362342808582787
4 mcg,462.25460000000004,0.9863267206854801,0.005979201197522411
4 mcg,462.4879,0.9841173316472489,0.00695311960810785
4 mcg,462.7212,0.9929051315991225,0.003092244748564709
4 mcg,462.95450000000005,0.9925268362908021,0.0032577417986562342
4 mcg,463.18780000000004,0.98286050139725,0.00750811774522723
4 mcg,463.4211,0.9832080574002838,0.007354571059210773
4 mcg,463.6544,0.9896788840211261,0.004505695826674546
4 mcg,463.88770000000005,0.9961661482805019,0.0016682205485995785
4 mcg,464.12100000000004,0.9942596912769851,0.0025001671535437656
4 mcg,464.3543,0.9899284975068209,0.0043961733415272975
4 mcg,464.5876,0.9872341091384774,0.005579848089280557
4 mcg,464.82090000000005,0.9873231848650003,0.005540664524798416
4 mcg,465.05420000000004,0.9906429382476071,0.004082851964446918
4 mcg,465.2875,0.9934013212508009,0.002875266716927468
4 mcg,465.5208,0.9903136325137515,0.004227242474063186
4 mcg,465.75410000000005,0.9880809739007922,0.0052074632288769945
4 mcg,465.98740000000004,0.9889942960450271,0.004806213158445745
4 mcg,466.2207,0.99115037261589,0.003860451424813132
4 mcg,466.454,0.9922136709149055,0.0033947934639091413
4 mcg,466.68730000000005,0.9882341628281643,0.005140136814437083
4 mcg,466.92060000000004,0.9848720367226309,0.0066201932134616875
4 mcg,467.1539,0.9879686844504164,0.005256820985166714
4 mcg,467.3872,0.9891882245175149,0.0047210622030817
4 mcg,467.62050000000005,0.9882270645823464,0.005143256257355739
4 mcg,467.85380000000004,0.9901313103500661,0.004307205827880465
4 mcg,468.0871,0.9896402936868711,0.004522630507460377
4 mcg,468.3204,0.9882170395651624,0.0051476619571019875
4 mcg,468.55370000000005,0.9902610298659217,0.004250311576304357
4 mcg,468.78700000000003,0.990576631211404,0.004111921715613316
4 mcg,469.0203,0.9903503020281977,0.004211161636216677
4 mcg,469.2536,0.989177900132903,0.004725595057956405
4 mcg,469.48690000000005,0.9899515420037965,0.004386063539240803
4 mcg,469.72020000000003,0.9907819243462807,0.004021925207188837
4 mcg,469.9535,0.9959632014954177,0.0017567074424821227
4 mcg,470.1868,0.9935423890167759,0.0028135991899374364
4 mcg,470.42010000000005,0.992305587374316,0.003354563256034022
4 mcg,470.65340000000003,0.9936863446402786,0.0027506782669690405
4 mcg,470.8867,0.9916526637387817,0.0036404171968565605
4 mcg,471.12000000000006,0.9895930694643142,0.004543354914854017
4 mcg,471.35330000000005,0.9899927042414162,0.004368005927065639
4 mcg,471.58660000000003,0.9936606456571867,0.0027619102527294036
4 mcg,471.8199,0.9872924429158305,0.005554187216202873
4 mcg,472.05320000000006,0.9888202426564495,0.004882651494732387
4 mcg,472.28650000000005,0.9895295698924732,0.004571223338078369
4 mcg,472.51980000000003,0.9852966155810984,0.00643300897620961
4 mcg,472.7531,0.9818982353184806,0.007933520491871755
4 mcg,472.98640000000006,0.9822264752791068,0.007788363919890346
4 mcg,473.21970000000005,0.982430762451263,0.007698047105122873
4 mcg,473.45300000000003,0.9858187878031851,0.0062029092879102845
4 mcg,473.6863,0.9846948992533398,0.00669831173205954
4 mcg,473.91960000000006,0.9843475983579919,0.006851513975441006
4 mcg,474.15290000000005,0.982864283725746,0.007506446458985152
4 mcg,474.38620000000003,0.9869052849366373,0.005724525347760561
4 mcg,474.6195,0.9949241230074711,0.0022100390690390098
4 mcg,474.85280000000006,0.9900422103426038,0.004346288909438895
4 mcg,475.08610000000004,0.9816929163334921,0.008024342761528507
4 mcg,475.31940000000003,0.9907573137920634,0.004032713010617555
4 mcg,475.5527,0.996648782035882,0.001457859638862049
4 mcg,475.78600000000006,1.0030204026219716,-0.0013097671739764095
4 mcg,476.01930000000004,1.0048589506986554,-0.0021051053064746563
4 mcg,476.25260000000003,1.0132031682680895,-0.005696539151669823
4 mcg,476.4859,1.016599156044315,-0.0071497448262076106
4 mcg,476.71920000000006,1.016149440249935,-0.006957582262212677
4 mcg,476.95250000000004,1.0184598180188436,-0.007943899161481903
4 mcg,477.18580000000003,1.0230970674917677,-0.009916839847243654
4 mcg,477.4191,1.014893260517041,-0.006420368548653815
4 mcg,477.65240000000006,1.027146035200146,-0.011632194106353104
4 mcg,477.88570000000004,1.0299475049917255,-0.012815089876618785
4 mcg,478.119,1.0207338768833842,-0.008912528701937622
4 mcg,478.3523,1.0234833824148086,-0.010080795719443918
4 mcg,478.58560000000006,1.0370216412022701,-0.015787819606648053
4 mcg,478.81890000000004,1.0414922705846759,-0.017656051187384496
4 mcg,479.0522,1.028575082928077,-0.012235999396005578
4 mcg,479.2855,1.0208794349630361,-0.008974455287672102
4 mcg,479.51880000000006,1.0237068445029915,-0.010175606988979893
4 mcg,479.75210000000004,1.0335274191010213,-0.014322002788477792
4 mcg,479.9854,1.0325423542354235,-0.013907875179252236
4 mcg,480.2187,1.0339791654663628,-0.014511787873830609
4 mcg,480.45200000000006,1.0323429397958626,-0.013823991981253074
4 mcg,480.68530000000004,1.0336863684814581,-0.014388789145434532
4 mcg,480.9186,1.0262043419216014,-0.011233847844802667
4 mcg,481.1519,1.0241369023623317,-0.010358015200780352
4 mcg,481.38520000000005,1.0296142370853107,-0.012674539184636447
4 mcg,481.61850000000004,1.0240502099655449,-0.010321250952686652
4 mcg,481.8518,1.017869243617275,-0.007691991730823793
4 mcg,482.0851,1.0265763278025457,-0.011391245485564805
4 mcg,482.31840000000005,1.0238176751592356,-0.010222622926535026
4 mcg,482.55170000000004,1.0208736196967294,-0.008971981395874023
4 mcg,482.785,1.0240686519555335,-0.010329072036351791
4 mcg,483.0183,1.0233720988454675,-0.01003357221921986
4 mcg,483.25160000000005,1.0190976420402502,-0.008215796732372575
4 mcg,483.48490000000004,1.0215027601182536,-0.00923954444130778
4 mcg,483.7182,1.0195794903861184,-0.008421090722571406
4 mcg,483.9515,1.0237370218739645,-0.01018840916237091
4 mcg,484.18480000000005,1.0192887984065435,-0.008297251508226583
4 mcg,484.41810000000004,1.0143925892207315,-0.006206067753450719
4 mcg,484.6514,1.0142277486910996,-0.006135488423023205
4 mcg,484.8847,1.0142406529792947,-0.0061410140315576916
4 mcg,485.11800000000005,1.017271844685064,-0.007437024575281313
4 mcg,485.35130000000004,1.018562534067267,-0.007987697417328583
4 mcg,485.5846,1.0113718388661892,-0.0049108567561966686
4 mcg,485.8179,1.012851671318018,-0.00554584906730409
4 mcg,486.05120000000005,1.005920981590162,-0.0025638667962574265
4 mcg,486.28450000000004,1.0115645024328417,-0.004993580787008463
4 mcg,486.5178,1.0164141854290918,-0.007070717585127966
4 mcg,486.7511,1.0174068776942848,-0.007494669146112574
4 mcg,486.98440000000005,1.0148293143211344,-0.006393003744838329
4 mcg,487.21770000000004,1.0145354452868904,-0.006267224778526586
4 mcg,487.451,1.0105685357674647,-0.004565772276155599
4 mcg,487.6843,1.0114496562026207,-0.004944271113229832
4 mcg,487.91760000000005,1.0095031623678228,-0.004107683751915669
4 mcg,488.15090000000004,1.0130970140945423,-0.005651035358849777
4 mcg,488.3842,1.0162357549064025,-0.006994470918086692
4 mcg,488.6175,1.0052261896033434,-0.0022637949345137597
4 mcg,488.85080000000005,1.0095337544520187,-0.004120844455661619
4 mcg,489.08410000000003,1.0103111653447223,-0.004455152574305027
4 mcg,489.3174,1.0081979426974554,-0.003545806892992402
4 mcg,489.5507,1.0059978582554516,-0.002597056118686788
4 mcg,489.78400000000005,0.9972683756483363,0.0011879526424400629
4 mcg,490.01730000000003,0.9994154966951316,0.00025392077595623143
4 mcg,490.2506,1.0068697194977805,-0.0029732801230805627
4 mcg,490.48390000000006,1.0025622086890613,-0.001111329972692128
4 mcg,490.71720000000005,1.0034163769795286,-0.0014811849653996307
4 mcg,490.95050000000003,1.005493308208919,-0.002379184611914161
4 mcg,491.1838,1.002857005458174,-0.0012390126139349836
4 mcg,491.41710000000006,1.0037511497938176,-0.0016260557699994459
4 mcg,491.65040000000005,1.0009884249294494,-0.0004290554829821712
4 mcg,491.88370000000003,0.9991565862620189,0.00036644448625514927
4 mcg,492.117,1.0013571752789125,-0.0005890141272496855
4 mcg,492.35030000000006,1.0012731622268174,-0.0005525756450486973
4 mcg,492.58360000000005,0.9979893674865432,0.0008740856329905999
4 mcg,492.81690000000003,0.9957246273953159,0.0018607512732390064
4 mcg,493.0502,0.9963594970105748,0.0015839352727581553
4 mcg,493.28350000000006,1.0024930491195552,-0.0010813700807617045
4 mcg,493.51680000000005,0.9980864898094293,0.0008318230217995942
4 mcg,493.75010000000003,0.9948451228417309,0.0022445248126899712
4 mcg,493.9834,0.9949650510882276,0.002192173913671223
4 mcg,494.21670000000006,1.000727129221993,-0.00031567345494876305
4 mcg,494.45000000000005,0.993366610423697,0.0028904418367134664
4 mcg,494.68330000000003,0.9909696387995639,0.003939651169419134
4 mcg,494.9166,0.9912055605720167,0.003836270273065082
4 mcg,495.14990000000006,0.9990412911802077,0.00041656166277907053
4 mcg,495.38320000000004,0.9960960265675063,0.0016987923010653252
4 mcg,495.61650000000003,0.9933843608742253,0.002882681505572503
4 mcg,495.8498,0.994247427915243,0.002505523845790767
4 mcg,496.08310000000006,0.9896237642101364,0.004529884375893092
4 mcg,496.31640000000004,0.9913514001932261,0.003772375672201861
4 mcg,496.54970000000003,0.9916021559874011,0.0036625376399831854
4 mcg,496.783,0.9910012270108769,0.003925807791492406
4 mcg,497.01630000000006,0.9977643452576,0.0009720194733494207
4 mcg,497.24960000000004,0.9939879300776914,0.0026188891766117544
4 mcg,497.48290000000003,0.9918461112648768,0.0035557050765910553
4 mcg,497.7162,0.9928575054805584,0.0031130768058354147
4 mcg,497.94950000000006,0.9900708143651997,0.0043337415760094184
4 mcg,498.18280000000004,0.9842278093672215,0.006904368133371034
4 mcg,498.41610000000003,0.9836997013428175,0.007137460465385304
4 mcg,498.6494,0.9848026104266568,0.006650808886254798
4 mcg,498.88270000000006,0.9888213209606237,0.0048821778987468735
4 mcg,499.11600000000004,0.9844956423370457,0.006786201834815193
4 mcg,499.3493,0.9823081341624835,0.007752259692152249
4 mcg,499.5826,0.9805925694392539,0.008511401997199458
4 mcg,499.81590000000006,0.9865915976409478,0.005862587549845697
4 mcg,500.04920000000004,0.9810670828244448,0.008301295673649168
4 mcg,500.2825,0.9768928167147144,0.010153083837940668
4 mcg,500.5158,0.9781016669707351,0.009616000928573884
4 mcg,500.74910000000006,0.9811712853460565,0.008255170207025968
4 mcg,500.98240000000004,0.9797884793655735,0.008867671408954135
4 mcg,501.2157,0.9827717465056318,0.007547337451496316
4 mcg,501.449,0.982002935862692,0.007887213814821386
4 mcg,501.68230000000005,0.9795433975008442,0.008976318344451168
4 mcg,501.91560000000004,0.9789397181552059,0.009244050667346385
4 mcg,502.1489,0.9835201852015129,0.007216722443500542
4 mcg,502.3822,0.981401428767998,0.008153314089354637
4 mcg,502.61550000000005,0.9802243243243243,0.008674524646530552
4 mcg,502.84880000000004,0.9793806338986634,0.009048487896012583
4 mcg,503.0821,0.9824601078836301,0.0076850748230084245
4 mcg,503.3154,0.9826980074537077,0.007579924534866004
4 mcg,503.54870000000005,0.9848377296859555,0.006635321692767804
4 mcg,503.78200000000004,0.9810236680122338,0.008320514777934848
4 mcg,504.0153,0.9781518271999569,0.009593729468528746
4 mcg,504.2486,0.9768843509906995,0.01015684743727614
4 mcg,504.48190000000005,0.977973405703664,0.00967295493958183
4 mcg,504.71520000000004,0.9768758110840469,0.010160644048965965
4 mcg,504.9485,0.979353137816541,0.009060680871814534
4 mcg,505.1818,0.9804570330167346,0.00857143384995529
4 mcg,505.41510000000005,0.9770410107583619,0.010087206626926122
4 mcg,505.64840000000004,0.9779575687321913,0.009679987814883346
4 mcg,505.8817,0.9805497514638789,0.008530366057315211
4 mcg,506.115,0.9786956235872393,0.009352353702359508
4 mcg,506.34830000000005,0.9794298702743697,0.009026655170246499
4 mcg,506.58160000000004,0.9771739647867688,0.010028112615575721
4 mcg,506.8149,0.9775913779285322,0.009842637435577612
4 mcg,507.0482,0.9819894553932079,0.007893175643936998
4 mcg,507.28150000000005,0.9797088953213853,0.00890294873231671
4 mcg,507.51480000000004,0.9767855678556784,0.010200765777900087
4 mcg,507.7481,0.9774594326853063,0.009901258000140231
4 mcg,507.9814,0.977598997734386,0.009839252353821217
4 mcg,508.21470000000005,0.9764545020109799,0.010347987896772411
4 mcg,508.44800000000004,0.9731843919672994,0.01180486494552651
4 mcg,508.6813,0.9745794195589087,0.011182763964752046
4 mcg,508.9146,0.9753749118563793,0.010828419323149242
4 mcg,509.14790000000005,0.9714164260506897,0.012594557149929247
4 mcg,509.38120000000004,0.9731523388988547,0.011819169223439098
4 mcg,509.6145,0.9755938192904656,0.010730959748782413
4 mcg,509.8478,0.9704554191960698,0.013024410447536402
4 mcg,510.08110000000005,0.9694162351742907,0.013489711261118777
4 mcg,510.31440000000003,0.9668451439217557,0.01464307971826914
4 mcg,510.5477,0.9694855952794169,0.013458639331163081
4 mcg,510.78100000000006,0.9698903327138884,0.013277369434568687
4 mcg,511.01430000000005,0.9720508035903567,0.012311036367583536
4 mcg,511.24760000000003,0.9686514943202569,0.013832447219388635
4 mcg,511.4809,0.9638189287810354,0.016004548688028843
4 mcg,511.71420000000006,0.9626428012383269,0.016534832531527148
4 mcg,511.94750000000005,0.9683080071845239,0.013986476840659897
4 mcg,512.1808,0.9664000936987586,0.014843036615273862
4 mcg,512.4141,0.9666748872604286,0.014719563568987275
4 mcg,512.6474000000001,0.9661169796143017,0.014970285049149346
4 mcg,512.8807,0.9687821194714322,0.013773885437415456
4 mcg,513.114,0.9651866065296355,0.015388713235102814
4 mcg,513.3473,0.9671869703628376,0.01448956278586678
4 mcg,513.5806,0.9672127174222982,0.014478001777125693
4 mcg,513.8139,0.9677764832300476,0.014224935365967774
4 mcg,514.0472,0.9665386357675894,0.014780781091919205
4 mcg,514.2805,0.9648634466308884,0.015534146315327842
4 mcg,514.5138000000001,0.9656308472710741,0.01518886906478214
4 mcg,514.7471,0.9656684917774084,0.015171938699771906
4 mcg,514.9804,0.9653468582455583,0.015316612505050186
4 mcg,515.2137,0.9660475260887379,0.015001507321191945
4 mcg,515.447,0.9613077853178238,0.017137540464498786
4 mcg,515.6803,0.9602880866425992,0.01759845897070878
4 mcg,515.9136,0.9636664561510486,0.016073257921831903
4 mcg,516.1469,0.9690011727388204,0.01367569734171125
4 mcg,516.3802000000001,0.9655451117294634,0.015227430514841007
4 mcg,516.6135,0.9630040641503006,0.01637188002569945
4 mcg,516.8468,0.9673102079811863,0.014434229112307292
4 mcg,517.0801,0.9714319510878806,0.012587616373631058
4 mcg,517.3134,0.9658387761062881,0.015095362705667918
4 mcg,517.5467,0.9619574026330159,0.016844158950775994
4 mcg,517.78,0.9604620180781165,0.01751980484209989
4 mcg,518.0133,0.966514481099096,0.014791634636654099
4 mcg,518.2466000000001,0.9681783571557896,0.014044629888550042
4 mcg,518.4799,0.9633400824229478,0.016220369317325768
4 mcg,518.7132,0.9643110714462789,0.015782846989034694
4 mcg,518.9465,0.96789922208181,0.014169859191833117
4 mcg,519.1798,0.9662352333854544,0.014917130184322445
4 mcg,519.4131,0.9668084701974995,0.014659553398933474
4 mcg,519.6464,0.964646161540385,0.015631959475526435
4 mcg,519.8797,0.9657555906934718,0.015132769074628433
4 mcg,520.113,0.9660988550684165,0.014978432576070358
4 mcg,520.3463,0.9611113199555913,0.01722630760457318
4 mcg,520.5796,0.964458922556378,0.015716264740674626
4 mcg,520.8129,0.9709858417293988,0.012787102639497144
4 mcg,521.0462,0.967465986394558,0.014364294713000682
4 mcg,521.2795,0.9649005548247447,0.01551744387522117
4 mcg,521.5128,0.9642084981239226,0.01582904514915164
4 mcg,521.7461,0.9675077738696028,0.01434553676371979
4 mcg,521.9794,0.9623273891175126,0.016677153431359497
4 mcg,522.2127,0.9641920439796929,0.015836456414485313
4 mcg,522.446,0.9644582084479978,0.015716586302782214
4 mcg,522.6793,0.9644185409579682,0.015734448897723585
4 mcg,522.9126,0.9601326214568955,0.017668774472038188
4 mcg,523.1459,0.9609376560135793,0.017304787698337275
4 mcg,523.3792,0.9603583507047273,0.017566682904194338
4 mcg,523.6125,0.9658616498577708,0.015085077524884914
4 mcg,523.8458,0.9674398511749549,0.01437602694455147
4 mcg,524.0791,0.9606891337054615,0.017417121548203046
4 mcg,524.3124,0.9655032081517458,0.01524627881852171
4 mcg,524.5457,0.9651844678895979,0.015389675536682468
4 mcg,524.779,0.9605075143578604,0.017499233164194564
4 mcg,525.0123,0.962841790640285,0.016445068115961546
4 mcg,525.2456,0.9629308657632478,0.016404892206020594
4 mcg,525.4789,0.9660156628938338,0.015015831914510456
4 mcg,525.7122,0.9708654853202273,0.012840937991054392
4 mcg,525.9455,0.9717755942042777,0.012434012286293445
4 mcg,526.1788,0.9614467935664284,0.017074744602690758
4 mcg,526.4121,0.9581890136564211,0.018548812955796423
4 mcg,526.6454,0.9626659404101245,0.01652439346332928
4 mcg,526.8787,0.9698091816876018,0.013313708509436669
4 mcg,527.112,0.9675163664058126,0.014341679766813331
4 mcg,527.3453,0.9662714475431609,0.014900853284464083
4 mcg,527.5786,0.9656904989892543,0.015162041409094367
4 mcg,527.8119,0.9643661645792924,0.015758035534616004
4 mcg,528.0452,0.9641248923824071,0.015866704106256412
4 mcg,528.2785,0.9671818861373009,0.014491845753862177
4 mcg,528.5118,0.9655091755287083,0.015243594631814114
4 mcg,528.7451,0.967026054980767,0.01456182438449338
4 mcg,528.9784,0.9666709730554637,0.014721322093059146
4 mcg,529.2117,0.9684206688112273,0.013935950069965416
4 mcg,529.445,0.9701894617010894,0.013143447036199142
4 mcg,529.6783,0.9667930123017902,0.014666497207023512
4 mcg,529.9116,0.9716446129913721,0.012492552809720585
4 mcg,530.1449,0.9720103782602757,0.012329098039664352
4 mcg,530.3782,0.9635156722510163,0.016141216849960616
4 mcg,530.6115,0.9607404999864575,0.017393901241815966
4 mcg,530.8448,0.9669659166304891,0.014588833549027909
4 mcg,531.0781000000001,0.9733927238369131,0.01171190445504435
4 mcg,531.3114,0.9696635793050549,0.013378916242881215
4 mcg,531.5447,0.9675745111131261,0.014315580811111473
4 mcg,531.778,0.9701985877834159,0.013139361866537457
4 mcg,532.0113,0.9673306718023743,0.01442504154192788
4 mcg,532.2446,0.9705306346187387,0.012990751634819787
4 mcg,532.4779,0.9755996988959518,0.010728342396690363
4 mcg,532.7112,0.9685061584553929,0.013897613380915089
4 mcg,532.9445000000001,0.9620234178841037,0.016814356097260588
4 mcg,533.1778,0.9685669617850902,0.013870348999099433
4 mcg,533.4111,0.9735209496461843,0.01165469826019037
4 mcg,533.6444,0.9653732709378026,0.015304730009683602
4 mcg,533.8777,0.9586086874394083,0.018358639510827255
4 mcg,534.111,0.9633298910503443,0.016224963832157782
4 mcg,534.3443,0.9692955790578931,0.013543768068574442
4 mcg,534.5776,0.9625846326731281,0.01656107596276938
4 mcg,534.8109000000001,0.9538125577332562,0.020536964017525323
4 mcg,535.0442,0.9583164756124972,0.01849104529004431
4 mcg,535.2775,0.9637567239137638,0.01603257895555706
4 mcg,535.5108,0.9590450265568775,0.01816100249967902
4 mcg,535.7441,0.9607532283241095,0.017388147544341245
4 mcg,535.9774,0.9564911237577507,0.01931905587287521
4 mcg,536.2107,0.9546297161596167,0.02016505083791063
4 mcg,536.444,0.9591813045623462,0.018099294676238952
4 mcg,536.6773000000001,0.9646910575420972,0.01561174726418899
4 mcg,536.9106,0.9628140023605952,0.016457602335810746
4 mcg,537.1439,0.9539035125325103,0.02049555201910035
4 mcg,537.3772,0.9529357719388631,0.02093636990998516
4 mcg,537.6105,0.9583504274244036,0.01847565911674552
4 mcg,537.8438,0.9625214610041573,0.01658957839943675
4 mcg,538.0771,0.9601825942682135,0.017646170978582752
4 mcg,538.3104,0.9506739469668781,0.021968407682083614
4 mcg,538.5437000000001,0.9531972469480626,0.02081722066569
4 mcg,538.777,0.96127180677824,0.017153794960566727
4 mcg,539.0103,0.9653936855651086,0.015295546135928558
4 mcg,539.2436,0.9685540418934933,0.013876142171148834
4 mcg,539.4769,0.9649675633826631,0.015487284874529468
4 mcg,539.7102,0.9569764665304715,0.019098742036764902
4 mcg,539.9435,0.958096885813149,0.01859057145749453
4 mcg,540.1768,0.9566989256858741,0.019224713723130085
4 mcg,540.4101,0.9601073664841495,0.017680198143426872
4 mcg,540.6434,0.9691406779507848,0.013613177311161377
4 mcg,540.8767,0.9653467817844459,0.015316646903712434
4 mcg,541.11,0.9576599621242717,0.018788669196867384
4 mcg,541.3433,0.956057163554941,0.01951614007297669
4 mcg,541.5766,0.9573607492810975,0.018924382076617115
4 mcg,541.8099,0.9598802178187319,0.01778295861253546
4 mcg,542.0432,0.959978619083528,0.017738439582772186
4 mcg,542.2765,0.959151466584102,0.018112804813268928
4 mcg,542.5098,0.9589540716106457,0.018202192541236
4 mcg,542.7431,0.955436975633804,0.01979795542968852
4 mcg,542.9764,0.9512681918998573,0.021697024764153836
4 mcg,543.2097,0.9542292983115823,0.02034725315153278
4 mcg,543.443,0.9550965633934302,0.019952717600685458
4 mcg,543.6763,0.953603291907701,0.02063225838521271
4 mcg,543.9096,0.9540082826843792,0.02044785474191526
4 mcg,544.1429,0.956172540996311,0.019463732366868304
4 mcg,544.3762,0.9535020885080888,0.02067835135783396
4 mcg,544.6095,0.9501760094202225,0.022195939090404168
4 mcg,544.8428,0.9558937831927522,0.01959036288715855
4 mcg,545.0761,0.9602172251422532,0.01763050757625526
4 mcg,545.3094,0.9569099635101879,0.019128923445961794
4 mcg,545.5427,0.9553419428276749,0.019841154800308448
4 mcg,545.776,0.9598425371268721,0.017800007445768245
4 mcg,546.0093,0.9631752337117921,0.016294693030383108
4 mcg,546.2426,0.9602171886384824,0.017630524086463685
4 mcg,546.4759,0.9552859305236903,0.01986661850769541
4 mcg,546.7092,0.9512307609463444,0.02171411392632218
4 mcg,546.9425,0.9517955165264985,0.021456345295180534
4 mcg,547.1758,0.9625460940237711,0.01657846400039807
4 mcg,547.4091,0.9667770044426325,0.014673688180031178
4 mcg,547.6424,0.9606158159319411,0.017450267254184595
4 mcg,547.8757,0.9549014509501799,0.020041446758635024
4 mcg,548.109,0.9543884175343874,0.02027483990710425
4 mcg,548.3423,0.9666552548263931,0.014728383850203211
4 mcg,548.5756,0.9620462400306922,0.01680405342210718
4 mcg,548.8089,0.9635525057835815,0.016124614842697598
4 mcg,549.0422,0.9656466030110235,0.015181782945780986
4 mcg,549.2755,0.9650112800102454,0.015467610161312116
4 mcg,549.5088,0.9604575099138072,0.017521843314669425
4 mcg,549.7421,0.9654413246512119,0.015274115623106597
4 mcg,549.9754,0.9707139790528869,0.012908716145099183
4 mcg,550.2087,0.9776861559139783,0.009800534403752255
4 mcg,550.442,0.9801165855636658,0.008722261597845686
4 mcg,550.6753,0.9726952036022584,0.012023225642157501
4 mcg,550.9086,0.9654993996434652,0.015247991932863336
4 mcg,551.1419,0.9735631251689645,0.011635883873020754
4 mcg,551.3752000000001,0.9743782207756985,0.011272431918345188
4 mcg,551.6085,0.9696708278358538,0.013375669771394606
4 mcg,551.8418,0.9756311801458181,0.010714328541899125
4 mcg,552.0751,0.9712400571078932,0.012673414178446746
4 mcg,552.3084,0.9730329517934424,0.011872452085460464
4 mcg,552.5417,0.977881067101376,0.00971396222926285
4 mcg,552.775,0.9753792795577075,0.010826474569070205
4 mcg,553.0083,0.9701518277847926,0.013160293765453161
4 mcg,553.2416000000001,0.9693727051127773,0.013509212987296914
4 mcg,553.4749,0.9741500966583817,0.01137412204509976
4 mcg,553.7082,0.9773025597287375,0.009970963733941433
4 mcg,553.9415,0.9724329011507594,0.01214035572494006
4 mcg,554.1748,0.9739876313261118,0.011446558194203016
4 mcg,554.4081,0.9790394811704382,0.009199794296220655
4 mcg,554.6414,0.9750809703218984,0.010959319169241697
4 mcg,554.8747,0.9722663694970681,0.012214736149233678
4 mcg,555.1080000000001,0.9783875559099288,0.009489079718724468
4 mcg,555.3413,0.9864942924430039,0.0059054231007704605
4 mcg,555.5746,0.9836016646052905,0.007180744951335404
4 mcg,555.8079,0.9798496525983954,0.008840557017750938
4 mcg,556.0412,0.9850350169779287,0.00654833050748928
4 mcg,556.2745,0.982713341738802,0.007573147739358805
4 mcg,556.5078,0.9805840997040346,0.008515153173038754
4 mcg,556.7411,0.9811952132113672,0.008244579178411985
4 mcg,556.9744000000001,0.9696491798350932,0.013385365548510032
4 mcg,557.2077,0.9687232606056788,0.01380027202800612
4 mcg,557.441,0.9856382618490044,0.0062824458174775616
4 mcg,557.6743,0.9802042647992651,0.008683412234776729
4 mcg,557.9076,0.9799482521801166,0.008796857354442586
4 mcg,558.1409,0.9862839496906597,0.005998034317831335
4 mcg,558.3742,0.985264116575592,0.006447333973688477
4 mcg,558.6075,0.98263533418112,0.007607623303192233
4 mcg,558.8408000000001,0.9844077671982606,0.006824968274764808
4 mcg,559.0741,0.9887081776044865,0.004931873779717223
4 mcg,559.3074,0.986259325783079,0.006008877200031925
4 mcg,559.5407,0.9702395955787608,0.013121005745339004
4 mcg,559.774,0.9844517355134824,0.00680557105860359
4 mcg,560.0073,0.9955061846655128,0.0019560375373640073
4 mcg,560.2406,0.9834597766705763,0.007243397948246324
4 mcg,560.4739,0.9683706138026078,0.01395839814089084
4 mcg,560.7072000000001,0.9730252638311481,0.011875883472635544
4 mcg,560.9405,0.9861439068468839,0.006059704339558591
4 mcg,561.1738,0.9890614872669469,0.004776708654913026
4 mcg,561.4071,0.9832280565363393,0.007345737297086032
4 mcg,561.6404,0.9780896142008446,0.00962135260507457
4 mcg,561.8737,0.9779907627030721,0.00966524718175346
4 mcg,562.107,0.9840112439218398,0.006999939022610929
4 mcg,562.3403,0.9873102512174606,0.0055463536938915575
4 mcg,562.5736,0.9810500195430863,0.008308849238039763
4 mcg,562.8069,0.9757923971284864,0.010642570009372788
4 mcg,563.0402,0.9752799882899382,0.010870686954535363
4 mcg,563.2735,0.9895238302014466,0.004573742437502932
4 mcg,563.5068,0.9924369991660321,0.003297053111927899
4 mcg,563.7401,0.9901920371997499,0.004280570444560912
4 mcg,563.9734,0.9834168399653761,0.007262359151999303
4 mcg,564.2067,0.9787929801987275,0.009309154023853867
4 mcg,564.44,0.9816713792695644,0.008033870721308081
4 mcg,564.6733,0.9918841650995184,0.003539042962190676
4 mcg,564.9066,0.9997921984960869,9.025642451584355e-05
4 mcg,565.1399,0.9822350073484606,0.007784591455352491
4 mcg,565.3732,0.9849813258636789,0.006572003158466444
4 mcg,565.6065,0.9843858648267547,0.006834631125082153
4 mcg,565.8398,0.9865383232671843,0.005886039392841764
4 mcg,566.0731,0.9882055435565156,0.005152714169277574
4 mcg,566.3064,0.98454381569846,0.006764951448028128
4 mcg,566.5397,0.9847442747134221,0.006676535492261801
4 mcg,566.773,0.9924378357124046,0.0032966870359748446
4 mcg,567.0063,0.9830378825971137,0.007429745763104025
4 mcg,567.2396,0.9861831649398747,0.00604241555069383
4 mcg,567.4729,0.9855041163263124,0.006341557387511404
4 mcg,567.7062,0.9760024127750087,0.010549108712839813
4 mcg,567.9395,0.9715543859649123,0.012532883316024084
4 mcg,568.1728,0.9765846217797645,0.010290118807551532
4 mcg,568.4061,0.9897107451282545,0.0044917146449904456
4 mcg,568.6394,0.999902503606647,4.2344209876087964e-05
4 mcg,568.8727,0.9763657594916734,0.010387459411106158
4 mcg,569.106,0.9709391618693386,0.01280798172144574
4 mcg,569.3393,0.9732627013760333,0.011769919896951711
4 mcg,569.5726,0.9836883252197359,0.0071424829494231455
4 mcg,569.8059,0.9908262792122041,0.0040024833483140645
4 mcg,570.0392,0.9800345166102453,0.008758628277523975
4 mcg,570.2725,0.972169295696693,0.012258099492778535
4 mcg,570.5058,0.9753957128369141,0.010819157597603005
4 mcg,570.7391,0.9759636061148905,0.010566376962583427
4 mcg,570.9724,0.9767693786630557,0.01020796381144933
4 mcg,571.2057,0.9774322465263446,0.009913337235984877
4 mcg,571.439,0.9745046153846153,0.011216099664549969
4 mcg,571.6723000000001,0.9717378162676176,0.012450895884155811
4 mcg,571.9056,0.9703632389851062,0.01306566454082689
4 mcg,572.1389,0.9770369616819262,0.01008900644410602
4 mcg,572.3722,0.981073092598437,0.008298635301352619
4 mcg,572.6055,0.9723229888520639,0.012189446004201293
4 mcg,572.8388,0.9725945644813173,0.012068161893449609
4 mcg,573.0721,0.9653117792054805,0.015332394304320566
4 mcg,573.3054,0.9701546698393814,0.013159021503955622
4 mcg,573.5387000000001,0.9873378165880425,0.005534228507098731
4 mcg,573.772,0.9754015846401685,0.010816543187837816
4 mcg,574.0053,0.961926713604566,0.01685801433385169
4 mcg,574.2386,0.9725156681279428,0.012103393059639797
4 mcg,574.4719,0.9789266471924699,0.009249849476795224
4 mcg,574.7052,0.9791643301427696,0.009144415770742303
4 mcg,574.9385,0.9752090166416452,0.010902291947089462
4 mcg,575.1718,0.9742969715942689,0.01130864736493438
4 mcg,575.4051000000001,0.9801952302979249,0.008687415127134808
4 mcg,575.6384,0.9758801715038345,0.010603506154600663
4 mcg,575.8717,0.9724088562112634,0.012151094474765674
4 mcg,576.105,0.9683863241940436,0.013951352407711429
4 mcg,576.3383,0.9749366007071635,0.011023625181741225
4 mcg,576.5716,0.9699596286913788,0.013246341405335779
4 mcg,576.8049,0.9700696741543473,0.013197071904811342
4 mcg,577.0382,0.9664455335783884,0.014822616682396964
4 mcg,577.2715000000001,0.9777771937509124,0.009760096693416006
4 mcg,577.5048,0.9869124123117636,0.0057213889084712175
4 mcg,577.7381,0.9815528800227201,0.008086298322315014
4 mcg,577.9714,0.9804283972668766,0.008584118270939111
4 mcg,578.2047,0.9729844314706699,0.01189410873521687
4 mcg,578.438,0.9812962855219303,0.008199845077074056
4 mcg,578.6713,0.9859048012106203,0.0061650184309457135
4 mcg,578.9046,0.9773539594008619,0.009948123307746904
4 mcg,579.1379000000001,0.9699576181394363,0.013247241620657466
4 mcg,579.3712,0.9783531514665946,0.009504351706308903
4 mcg,579.6045,0.9865357829105776,0.005887157711563673
4 mcg,579.8378,0.986057537326928,0.0060977428533790365
4 mcg,580.0711,0.9787828586616296,0.009313645014826247
4 mcg,580.3044,0.9796563029496731,0.008926262994354683
4 mcg,580.5377,0.9818885049633651,0.007937824258107658
4 mcg,580.771,0.9830246583708679,0.007435588108773474
4 mcg,581.0043000000001,0.9763085170643311,0.010412921999138475
4 mcg,581.2376,0.9706446305713431,0.01293974355314874
4 mcg,581.4709,0.9708705348818127,0.01283867919098088
4 mcg,581.7042,0.9718003864863726,0.012422932553455486
4 mcg,581.9375,0.9712946351348015,0.012649010047060727
4 mcg,582.1708,0.9642652382350063,0.01580348927386151
4 mcg,582.4041,0.9641192098541348,0.01586926383473586
4 mcg,582.6374,0.9639311783361203,0.015953972254657528
4 mcg,582.8707,0.9657498558741325,0.015135347996058039
4 mcg,583.104,0.9650638203958488,0.015443965485987853
4 mcg,583.3373,0.9662056092890214,0.014930445553496064
4 mcg,583.5706,0.9675368027344364,0.014332506494581277
4 mcg,583.8039,0.967160823014257,0.014501303848404288
4 mcg,584.0372,0.9658023006434,0.015111764398973906
4 mcg,584.2705000000001,0.9601353434124029,0.01766754325818836
4 mcg,584.5038000000001,0.9568226851158065,0.01916853663343885
4 mcg,584.7371,0.9630563106517576,0.016348318596801453
4 mcg,584.9704,0.9668621630622016,0.01463543500517745
4 mcg,585.2037,0.9670621590582831,0.014545610230942939
4 mcg,585.437,0.9681047983148873,0.01407762733380921
4 mcg,585.6703,0.964327839859656,0.01577529510427553
4 mcg,585.9036,0.9652938255413076,0.015340471746198169
4 mcg,586.1369000000001,0.9659159084269703,0.015060681137107818
4 mcg,586.3702000000001,0.9662059290592265,0.014930301821756947
4 mcg,586.6035,0.9659313673201871,0.01505373057522351
4 mcg,586.8368,0.9677259258732067,0.014247623822460868
4 mcg,587.0701,0.9682708572052163,0.014003139246012722
4 mcg,587.3034,0.9684979208623026,0.013901307272178934
4 mcg,587.5367,0.9680305001908039,0.014110958956186938
4 mcg,587.77,0.9649244578048453,0.015506685456927991
4 mcg,588.0033000000001,0.9621257241481757,0.016768173558680946
4 mcg,588.2366000000001,0.9627258799729004,0.016497353334567883
4 mcg,588.4699,0.9694131604411699,0.013491088731081529
4 mcg,588.7032,0.9713074590458768,0.012643276136000742
4 mcg,588.9365,0.9706449000976397,0.012939622959304805
4 mcg,589.1698,0.971699688268447,0.012467936596408477
4 mcg,589.4031,0.975545940455056,0.010752273971834501
4 mcg,589.6364,0.9711415610107648,0.01271745939706859
4 mcg,589.8697000000001,0.9658333749029051,0.015097791391947472
4 mcg,590.1030000000001,0.9712198025197731,0.01268247120560793
4 mcg,590.3363,0.9772035201455419,0.010014977252191951
4 mcg,590.5696,0.9735361941167012,0.011647897648871508
4 mcg,590.8029,0.9629477035664219,0.016397298201785315
4 mcg,591.0362,0.9656133695963356,0.015196729756484756
4 mcg,591.2695,0.9692620023489372,0.013558812428939413
4 mcg,591.5028000000001,0.9681218690030402,0.014069969443550347
4 mcg,591.7361000000001,0.9636843348822556,0.016065200608816586
4 mcg,591.9694000000001,0.9670643453164292,0.014544628413211049
4 mcg,592.2027,0.9665191708577063,0.01478952734143565
4 mcg,592.436,0.9635788858804293,0.016112724910808864
4 mcg,592.6693,0.9641956301215132,0.015834841135955183
4 mcg,592.9026,0.9723535434957845,0.01217579878529909
4 mcg,593.1359,0.9691281441812266,0.013618794021180656
4 mcg,593.3692000000001,0.9614214062874971,0.017086212424720252
4 mcg,593.6025000000001,0.9611391939542966,0.017213712447241146
4 mcg,593.8358000000001,0.9704807545022868,0.013013072636600547
4 mcg,594.0691,0.9706599340869729,0.012932896371606089
4 mcg,594.3024,0.9630471998043533,0.016352427192971593
4 mcg,594.5357,0.9590389480475234,0.0181637551039504
4 mcg,594.769,0.9643306582544074,0.015774025814466488
4 mcg,595.0023,0.9644926210736575,0.015701090611337228
4 mcg,595.2356000000001,0.9628334296703324,0.016448839388578548
4 mcg,595.4689000000001,0.9585845611935362,0.01836956996393554
4 mcg,595.7022000000001,0.9628965922444184,0.016420350288771174
4 mcg,595.9355,0.9693285442741121,0.013528998200266578
4 mcg,596.1688,0.9699935659490225,0.013231146436954225
4 mcg,596.4021,0.9693859649122807,0.013503272425591538
4 mcg,596.6354,0.9684198656227773,0.013936310265144728
4 mcg,596.8687,0.9597283609916153,0.017851671143747968
4 mcg,597.1020000000001,0.9632284477427335,0.016270699554637568
4 mcg,597.3353000000001,0.9669082450116931,0.014614736440032654
4 mcg,597.5686000000001,0.9629822602654756,0.016381713228296898
4 mcg,597.8019,0.9604781024611493,0.0175125319878121
4 mcg,598.0352,0.9691971099265452,0.013587889566336083
4 mcg,598.2685,0.9721748263902008,0.012255628788499109
4 mcg,598.5018,0.9688726618035702,0.013733298191808234
4 mcg,598.7351,0.9591017202692596,0.01813533004631325
4 mcg,598.9684000000001,0.9627840481565085,0.016471113925669502
4 mcg,599.2017000000001,0.9634081998586665,0.016189661594123488
4 mcg,599.4350000000001,0.9641244967466577,0.01586688232223176
4 mcg,599.6683,0.9595551267459128,0.01793006985625735
4 mcg,599.9016,0.9608189035916823,0.017358461012316997
4 mcg,600.1349,0.9613275514819785,0.01712861070454196
4 mcg,600.3682,0.9642517006802721,0.01580958648275918
4 mcg,600.6015,0.9617793428301251,0.01692455497195451
4 mcg,600.8348000000001,0.9644691163698141,0.015711674505232382
4 mcg,601.0681000000001,0.9660009561280393,0.015022443728475656
4 mcg,601.3014000000001,0.964398066446712,0.015743669024950228
4 mcg,601.5347,0.9606386589794829,0.017439940033478284
4 mcg,601.768,0.96309673946478,0.0163300874283
4 mcg,602.0013,0.9639484647430949,0.015946184018303496
4 mcg,602.2346,0.9655005551682289,0.015247472162754273
4 mcg,602.4679,0.9627388789611165,0.016491489411245997
4 mcg,602.7012000000001,0.9601904585274882,0.017642613956781912
4 mcg,602.9345000000001,0.9588820147964838,0.018234827109967457
4 mcg,603.1678,0.9648779727095517,0.015527608034349844
4 mcg,603.4011,0.9669355553816864,0.014602469944687802
4 mcg,603.6344,0.9647671147233512,0.015577508414526792
4 mcg,603.8677,0.9621129439808058,0.016773942444067703
4 mcg,604.101,0.9664951827416485,0.01480030626443363
4 mcg,604.3343,0.964851844001141,0.015539368803950276
4 mcg,604.5676000000001,0.9614607073024922,0.01706845968384514
4 mcg,604.8009000000001,0.9640518145584225,0.015899623595022096
4 mcg,605.0342,0.9645921426317451,0.01565628007282759
4 mcg,605.2675,0.9586414952037522,0.01834377631649976
4 mcg,605.5008,0.9600820871795275,0.01769163312186964
4 mcg,605.7341,0.9630333668771742,0.01635866531618041
4 mcg,605.9674,0.9618530238263292,0.01689128536114646
4 mcg,606.2007,0.9606629644321035,0.017428951936840822
4 mcg,606.4340000000001,0.9601734318320226,0.017650315205407812
4 mcg,606.6673000000001,0.9535544262044583,0.02065451360309608
4 mcg,606.9006,0.9560296924596083,0.0195286191557946
4 mcg,607.1339,0.9647553731706859,0.015582793962182808
4 mcg,607.3672,0.9641236014346595,0.01586728561998247
4 mcg,607.6005,0.9613434635987045,0.017121422220983964
4 mcg,607.8338,0.9653126671666546,0.015331994810116708
4 mcg,608.0671,0.9634338061465721,0.01617811869698358
4 mcg,608.3004000000001,0.9605381623071764,0.017485375882785405
4 mcg,608.5337000000001,0.9555208074393045,0.019759851301085922
4 mcg,608.767,0.9564630443928176,0.019331805486483004
4 mcg,609.0003,0.9607879130950455,0.017372469082610142
4 mcg,609.2336,0.957627465224527,0.018803406644665475
4 mcg,609.4669,0.9553486046942906,0.019838126353955234
4 mcg,609.7002,0.9604384661801435,0.017530454492524106
4 mcg,609.9335000000001,0.9546620131365278,0.02015035806085539
4 mcg,610.1668000000001,0.9587301587301587,0.018303610832449912
4 mcg,610.4001000000001,0.9581713111665867,0.018556836596811777
4 mcg,610.6334,0.9541910552628023,0.020364658902867816
4 mcg,610.8667,0.9517708746348609,0.02146758928184911
4 mcg,611.1,0.9537911789280703,0.02054669842613848
4 mcg,611.3333,0.9554959850956336,0.019771133469748042
4 mcg,611.5666,0.9616718695802983,0.016973087567010138
4 mcg,611.7999000000001,0.9561678098857868,0.01946588124710608
4 mcg,612.0332000000001,0.9557360058106794,0.019662052339743056
4 mcg,612.2665000000001,0.9553078097072482,0.0198566718523829
4 mcg,612.4998,0.9562678935769721,0.019420425292930713
4 mcg,612.7331,0.9547944720731905,0.020090104071503714
4 mcg,612.9664,0.9565678411582711,0.019284223759133967
4 mcg,613.1997,0.9574892720904568,0.018866083258052443
4 mcg,613.433,0.9578621013364954,0.018697009647290312
4 mcg,613.6663000000001,0.9516912286447247,0.021503933387657645
4 mcg,613.8996000000001,0.9526008257457689,0.021089046363505115
4 mcg,614.1329000000001,0.9537097923173873,0.02058375817758785
4 mcg,614.3662,0.9579510071367556,0.018656701646140143
4 mcg,614.5995,0.9593534355300937,0.018021364860222815
4 mcg,614.8328,0.9596001450394567,0.017909695062449032
4 mcg,615.0661,0.9562789464526872,0.019415405595810804
4 mcg,615.2994,0.9540009757469011,0.02045118110169295
4 mcg,615.5327000000001,0.9472009969052118,0.023557853536902262
4 mcg,615.7660000000001,0.9569151865906077,0.01912655295249769
4 mcg,615.9993000000001,0.958694825753855,0.01831961658679629
4 mcg,616.2326,0.9518876485694032,0.021414308428327
4 mcg,616.4659,0.9504375339347186,0.02207642120667444
4 mcg,616.6992,0.958485887203267,0.018414277313688877
4 mcg,616.9325,0.9627247863534395,0.016497846676625894
4 mcg,617.1658,0.9611036260324527,0.017229784248400416
4 mcg,617.3991000000001,0.9474241036683801,0.023455570466190418
4 mcg,617.6324000000001,0.9625653330201263,0.01656978357822895
4 mcg,617.8657000000001,0.9611533400936952,0.017207320506189134
4 mcg,618.099,0.9544767566097482,0.020234643068152324
4 mcg,618.3323,0.9552267866566675,0.01989350747301203
4 mcg,618.5656,0.9572480649282333,0.018975502903324955
4 mcg,618.7989,0.9567849994850254,0.01918564218922136
4 mcg,619.0322,0.9646403703173148,0.015634566756696278
4 mcg,619.2655000000001,0.9577772755049935,0.018735471365099603
4 mcg,619.4988000000001,0.9529478959085488,0.02093084452223759
4 mcg,619.7321000000001,0.9519748249416473,0.021374536419611904
4 mcg,619.9654,0.9572705603572336,0.01896529705778836
4 mcg,620.1987,0.9570372480512989,0.019071159079647335
4 mcg,620.432,0.953042786268994,0.02088760154067787
4 mcg,620.6653,0.9527817244741607,0.021006581747933982
4 mcg,620.8986,0.9589884376026341,0.018186629029174946
4 mcg,621.1319000000001,0.9588295414023827,0.018258593880769728
4 mcg,621.3652000000001,0.9584922981042134,0.01841137251390929
4 mcg,621.5985000000001,0.9526961215257137,0.021045602813697842
4 mcg,621.8318,0.9546983724619554,0.020133817805259878
4 mcg,622.0651,0.9622041914495784,0.016732755602797498
4 mcg,622.2984,0.9585614369332536,0.018380046723294644
4 mcg,622.5317,0.9556207940780619,0.01971440867613176
4 mcg,622.765,0.9633962402972445,0.01619505287454968
4 mcg,622.9983000000001,0.9602833518115728,0.01760060032400226
4 mcg,623.2316000000001,0.9565143966663014,0.019308488944913927
4 mcg,623.4649000000001,0.9539851478212132,0.020458386584690413
4 mcg,623.6982,0.9612792701183515,0.01715042309964095
4 mcg,623.9315,0.9651963079297791,0.015384348023913304
4 mcg,624.1648,0.956159160501742,0.01946980984281246
4 mcg,624.3981,0.9498921124713511,0.022325718520753
4 mcg,624.6314,0.9561160232969917,0.019489403518607302
4 mcg,624.8647000000001,0.9635496567713522,0.016125898957586916
4 mcg,625.0980000000001,0.9640787393080502,0.015887494468011205
4 mcg,625.3313,0.9594124278461055,0.017994660156104705
4 mcg,625.5646,0.9577510094554444,0.018747381604662043
4 mcg,625.7979,0.9567687929580523,0.01919299855961784
4 mcg,626.0312,0.9534584563475327,0.020698225084762892
4 mcg,626.2645,0.9555050022410717,0.019767034993052043
4 mcg,626.4978,0.9631345392314887,0.016313042507181245
4 mcg,626.7311000000001,0.9564098870463423,0.019355942941588714
4 mcg,626.9644000000001,0.9580201512333361,0.018625355767593988
4 mcg,627.1977,0.9585063334183457,0.01840501313589066
4 mcg,627.431,0.9546986897097028,0.020133673488555066
4 mcg,627.6643,0.9528778905809363,0.020962749775818617
4 mcg,627.8976,0.955290156466627,0.019864697303184638
4 mcg,628.1309,0.9579927350390939,0.01863778439159781
4 mcg,628.3642,0.9577101283766701,0.018765919623082744
4 mcg,628.5975000000001,0.9501065809507699,0.022227673740120416
4 mcg,628.8308000000001,0.953454231433506,0.020700149511465846
4 mcg,629.0641,0.9532722034791328,0.020783070411841607
4 mcg,629.2974,0.9506084478854846,0.021998330527534887
4 mcg,629.5307,0.9477567247504651,0.023303125380390397
4 mcg,629.764,0.9507390738224638,0.021938656929662775
4 mcg,629.9973,0.9524059403129171,0.021177904492404264
4 mcg,630.2306000000001,0.9509088328792007,0.021861118473116795
4 mcg,630.4639000000001,0.9444465131499143,0.024822632450034875
4 mcg,630.6972000000001,0.9496308533376479,0.02244518367371184
4 mcg,630.9305,0.9509698159369577,0.021833267479049397
4 mcg,631.1638,0.9493990049751244,0.022551227783067732
4 mcg,631.3971,0.948453537936914,0.022983939115692905
4 mcg,631.6304,0.9463108485090999,0.023966181127691805
4 mcg,631.8637,0.945262583828279,0.024447532372403158
4 mcg,632.0970000000001,0.9507435714878006,0.021936602415789555
4 mcg,632.3303000000001,0.9532320373063058,0.020801369817473485
4 mcg,632.5636000000001,0.9535156631349241,0.0206721685254786
4 mcg,632.7969,0.9466647263098122,0.023803804835094918
4 mcg,633.0302,0.9421006256057803,0.025902707810743046
4 mcg,633.2635,0.9438903141212017,0.02507847046845066
4 mcg,633.4968,0.942026880801868,0.02593670440738058
4 mcg,633.7301,0.9425706214689267,0.02568610068158996
4 mcg,633.9634000000001,0.9473677411576256,0.023481407528431305
4 mcg,634.1967000000001,0.9450990837722578,0.024522657861366398
4 mcg,634.4300000000001,0.9506718464746446,0.021969367246818687
4 mcg,634.6633,0.9493188568791994,0.022587892393977307
4 mcg,634.8966,0.9451960302473766,0.02447811104017565
4 mcg,635.1299,0.9428132530120482,0.02557432127971715
4 mcg,635.3632,0.9447177140883979,0.02469794125571594
4 mcg,635.5965,0.946770363951473,0.023755344927345143
4 mcg,635.8298000000001,0.948745510362041,0.02285026625283191
4 mcg,636.0631000000001,0.9501905085750657,0.022189312049903133
4 mcg,636.2964000000001,0.9548912264694441,0.02004609693413983
4 mcg,636.5297,0.9503409213475941,0.02212056976421951
4 mcg,636.763,0.9410650401566355,0.026380359989322772
4 mcg,636.9963,0.9405971738708939,0.026596330474183208
4 mcg,637.2296,0.9488597882902229,0.02279795793169899
4 mcg,637.4629,0.9507916530984044,0.02191463955346579
4 mcg,637.6962000000001,0.9458387784277783,0.024182884323596252
4 mcg,637.9295000000001,0.9452772902772905,0.024440775646727406
4 mcg,638.1628000000001,0.9520475132808881,0.02134137699284195
4 mcg,638.3961,0.9546915873453198,0.02013690438136636
4 mcg,638.6294,0.9488973612745143,0.02278076106354094
4 mcg,638.8627,0.9434401237230787,0.025285657514765775
4 mcg,639.096,0.9396437757314535,0.027036758693331952
4 mcg,639.3293,0.9457488217813308,0.024224191081145107
4 mcg,639.5626000000001,0.9547891691213116,0.020092516160389585
4 mcg,639.7959000000001,0.9584038918931888,0.018451431365130926
4 mcg,640.0292000000001,0.9547126003452804,0.020127345556691812
4 mcg,640.2625,0.9511067515877922,0.02177073540368359
4 mcg,640.4958,0.9497759856630825,0.022378815408724557
4 mcg,640.7291,0.9517550247378624,0.021474821673914363
4 mcg,640.9624,0.9541601605396248,0.02037872068320049
4 mcg,641.1957,0.9570016843111107,0.01908729786957497
4 mcg,641.4290000000001,0.9570178228980161,0.019079974120561435
4 mcg,641.6623000000001,0.9525585424079724,0.02110832393218668
4 mcg,641.8956000000001,0.9573697798025818,0.01892028551515347
4 mcg,642.1289,0.9593194504144451,0.01803675002389785
4 mcg,642.3622,0.9547877306135605,0.02009317047913274
4 mcg,642.5955,0.9486172765537672,0.02290897008722312
4 mcg,642.8288,0.9491449687908303,0.02266745001992461
4 mcg,643.0621,0.9553902095164698,0.019819213518185677
4 mcg,643.2954000000001,0.9648791234633224,0.015527090076920234
4 mcg,643.5287000000001,0.9545613664021285,0.020196146648906545
4 mcg,643.7620000000001,0.954109853712393,0.02040161888661063
4 mcg,643.9953,0.9557114721811916,0.019673200770480383
4 mcg,644.2286,0.9608795585457319,0.017331045564605924
4 mcg,644.4619,0.965939638204143,0.015050011901200007
4 mcg,644.6952,0.9678077919961388,0.014210885629643913
4 mcg,644.9285,0.9662920573418724,0.014891590228599398
4 mcg,645.1618000000001,0.9650244265180681,0.015461693736258974
4 mcg,645.3951000000001,0.9661060907937765,0.014975179882195256
4 mcg,645.6284,0.9714835930089054,0.012564529625049135
4 mcg,645.8617,0.9692099000475966,0.013582158387107999
4 mcg,646.095,0.9635093216851833,0.01614407930966603
4 mcg,646.3283,0.9671077119184194,0.014525153541907893
4 mcg,646.5616,0.9694972782580852,0.013453405810808538
4 mcg,646.7949,0.9658860392842168,0.015074111089275973
4 mcg,647.0282000000001,0.9658944696166331,0.015070320548029545
4 mcg,647.2615000000001,0.9600289835556796,0.017715655285132588
4 mcg,647.4948,0.9567077041454266,0.01922072875048094
4 mcg,647.7281,0.9573427249099007,0.018932558679476297
4 mcg,647.9614,0.960107659971217,0.01768006538765506
4 mcg,648.1947,0.9625467207825177,0.01657818121105615
4 mcg,648.428,0.9567606126943301,0.019196711743627016
4 mcg,648.6613,0.9528856112749918,0.02095923091860309
4 mcg,648.8946000000001,0.9502006962730651,0.022184655681242612
4 mcg,649.1279000000001,0.9495676871759304,0.022474072402195785
4 mcg,649.3612,0.9485168121162667,0.02295496699501716
4 mcg,649.5945,0.9438681045842752,0.025088689444817232
4 mcg,649.8278,0.9385850776603268,0.027526354812736062
4 mcg,650.0611,0.94007561310181,0.026837213387326198
4 mcg,650.2944,0.9366293626134956,0.028432231540987483
4 mcg,650.5277000000001,0.9355239260165313,0.02894510094421896
4 mcg,650.7610000000001,0.9386067050023663,0.027516347699565055
4 mcg,650.9943000000001,0.9461919128039784,0.0240207682295544
4 mcg,651.2276,0.9508228379513015,0.021900395436588123
4 mcg,651.4609,0.9458732545951081,0.02416705442034589
4 mcg,651.6942,0.9422145547782598,0.02585019131932909
4 mcg,651.9275,0.9523755328172477,0.02119177044791163
4 mcg,652.1608,0.9528008826106238,0.02099784922390817
4 mcg,652.3941000000001,0.9530711941291288,0.0208746564838481
4 mcg,652.6274000000001,0.9635417244708834,0.016129474246601178
4 mcg,652.8607000000001,0.9601299052573465,0.01767000308579224
4 mcg,653.094,0.9609090569979111,0.01731771317736679
4 mcg,653.3273,0.9585568779055175,0.018382112282392706
4 mcg,653.5606,0.9580662423358544,0.0186044620212999
4 mcg,653.7939,0.9588983790760354,0.01822741550399585
4 mcg,654.0272,0.9485864428566029,0.022923086551785463
4 mcg,654.2605000000001,0.9481779096754558,0.02311016694345699
4 mcg,654.4938000000001,0.9642400529471307,0.015814832599285792
4 mcg,654.7271000000001,0.966391736381132,0.014846792360587231
4 mcg,654.9604,0.9634518748347012,0.01616997381155799
4 mcg,655.1937,0.9550681198910083,0.0199656514134157
4 mcg,655.427,0.9540278440731901,0.020438949875702207
4 mcg,655.6603,0.9638451355913679,0.015992740123116786
4 mcg,655.8936,0.9529160166249431,0.020945373363323496
4 mcg,656.1269000000001,0.9352138387341067,0.02908907536910765
4 mcg,656.3602000000001,0.9271344959388437,0.03285725980679546
4 mcg,656.5935000000001,0.9278632293036404,0.03251603578146715
4 mcg,656.8268,0.9430563467492261,0.02546235779163748
4 mcg,657.0601,0.9628615110205123,0.016436173233445966
4 mcg,657.2934,0.9588941519945184,0.018229329994898926
4 mcg,657.5267,0.9496178800724776,0.022451116774918314
4 mcg,657.76,0.9527671555057705,0.021013222587899262
4 mcg,657.9933000000001,0.9586325009805202,0.018347850999123585
4 mcg,658.2266000000001,0.9520017115736433,0.021362270810567182
4 mcg,658.4599000000001,0.9587804120049724,0.018280847234389722
4 mcg,658.6932,0.9761070026476765,0.01050257156256822
4 mcg,658.9265,0.9757035604071665,0.01068211023771635
4 mcg,659.1598,0.9610531476670288,0.017252594537201113
4 mcg,659.3931,0.9572105197557025,0.018992537130531322
4 mcg,659.6264,0.9511763695689509,0.021738947595932267
4 mcg,659.8597000000001,0.9494973333146035,0.02250625065142809
4 mcg,660.0930000000001,0.9538116932422173,0.020537357641885773
4 mcg,660.3263000000001,0.9374375969538852,0.02805763261421356
4 mcg,660.5596,0.9468549391587621,0.023716551037344227
4 mcg,660.7929,0.9726369863013699,0.012049219611378748
4 mcg,661.0262,0.9612838773491593,0.017148341612830645
4 mcg,661.2595,0.9250418724294649,0.0338386082842333
4 mcg,661.4928,0.9264622753562061,0.03317226003444054
4 mcg,661.7261000000001,0.9619657729027016,0.016840380045274165
4 mcg,661.9594000000001,0.9696559372743214,0.013382338981372437
4 mcg,662.1927000000001,0.9375898511576904,0.02798710227528852
4 mcg,662.426,0.9426979995917536,0.02562741449191373
4 mcg,662.6593,0.9513789698009253,0.021646452874448347
4 mcg,662.8926,0.9545327225820038,0.020209178854174472
4 mcg,663.1259,0.9562879514221797,0.019411316004419588
4 mcg,663.3592,0.9479343601554628,0.023221734401637356
4 mcg,663.5925000000001,0.9492443481120835,0.022621980009647297
4 mcg,663.8258000000001,0.9636074954931114,0.01609983046838415
4 mcg,664.0591000000001,0.9833030163938141,0.0073126285881218315
4 mcg,664.2924,0.9761814766258606,0.010469437486195972
4 mcg,664.5257,0.9596037142648239,0.01790807971046424
4 mcg,664.759,0.9579768786127167,0.018644972771235342
4 mcg,664.9923,0.9696113729787393,0.013402299125662279
4 mcg,665.2256,0.9531529196260391,0.020837417491743667
4 mcg,665.4589000000001,0.9280121659048817,0.03244633029975392
4 mcg,665.6922000000001,0.9153129213705016,0.03843040670785564
4 mcg,665.9255,0.9267007156048016,0.03306050161350809
4 mcg,666.1588,0.9461410446826404,0.024044116915967976
4 mcg,666.3921,0.9533959739706866,0.020726686356959338
4 mcg,666.6254,0.936114488992141,0.02867103278235749
4 mcg,666.8587,0.9342619952159842,0.029531317430512894
4 mcg,667.092,0.9313239558270096,0.030899225833146304
4 mcg,667.3253000000001,0.9512772466539198,0.021692890902596948
4 mcg,667.5586000000001,0.9833070278837766,0.007310856840886059
4 mcg,667.7919,0.973249537991447,0.011775793772464526
4 mcg,668.0252,0.9578680709313225,0.018694303042644043
4 mcg,668.2585,0.9669721034412543,0.014586054868689654
4 mcg,668.4918,0.9736623976863095,0.011591601887170748
4 mcg,668.7251,0.9626630623137172,0.01652569188181912
4 mcg,668.9584,0.960866274179983,0.017337049820363545
4 mcg,669.1917000000001,0.9676768978528112,0.01426962709584659
4 mcg,669.4250000000001,0.9457157240195974,0.02423939007106808
4 mcg,669.6583,0.9554440501846733,0.01979473970001937
4 mcg,669.8916,0.9634881426589819,0.016153625699198915
4 mcg,670.1249,0.9793449248837032,0.009064322914944764
4 mcg,670.3582,0.9781368046099046,0.009600399474025516
4 mcg,670.5915,0.9686022499614733,0.01385452646776002
4 mcg,670.8248000000001,0.9509394843546783,0.021847119705136548
4 mcg,671.0581000000001,0.9503872915846134,0.022099379635163674
4 mcg,671.2914000000001,0.9597857126000047,0.017825719276656323
4 mcg,671.5247,0.9696628942932819,0.013379223047163104
4 mcg,671.758,0.9664656437192488,0.014813579823063864
4 mcg,671.9913,0.9492774973635698,0.02260681396134976
4 mcg,672.2246,0.9403929146537844,0.02669065170613272
4 mcg,672.4579,0.9506867125846562,0.021962576029544326
4 mcg,672.6912000000001,0.9453722359027932,0.024397156392391404
4 mcg,672.9245000000001,0.9426251351283405,0.02566098394621062
4 mcg,673.1578000000001,0.9586529933958445,0.018338567308277685
4 mcg,673.3911,0.963675875156317,0.016069013090027326
4 mcg,673.6244,0.9428678775943824,0.02554915991568206
4 mcg,673.8577,0.9322291021671828,0.030477343461642586
4 mcg,674.091,0.9335663366508155,0.029854816849550995
4 mcg,674.3243,0.9565461524727726,0.019294070821529074
4 mcg,674.5576000000001,0.9527546358505777,0.02101892938924921
4 mcg,674.7909000000001,0.9554436490005535,0.019794922057202933
4 mcg,675.0242000000001,0.9687624778300882,0.013782690660751646
4 mcg,675.2575,0.9800626423690206,0.008746164750621403
4 mcg,675.4908,0.9597979683866656,0.017820173677815247
4 mcg,675.7241,0.9673081894694511,0.014435135367007869
4 mcg,675.9574,0.9966554386383285,0.0014549590021396112
4 mcg,676.1907,0.997716922459625,0.0009926615708865567
4 mcg,676.4240000000001,0.9458814472671286,0.024163292799193745
4 mcg,676.6573000000001,0.9298830358773271,0.03157167517470219
4 mcg,676.8906000000001,0.9479159212880144,0.02323018221891918
4 mcg,677.1239,0.9534789521118774,0.020688889490088257
4 mcg,677.3572,0.9338885548206054,0.02970494701854566
4 mcg,677.5905,0.9133232661198787,0.03937547893505651
4 mcg,677.8238,0.9231086809856105,0.03474716487469378
4 mcg,678.0571,0.9528958708684979,0.02095455495245686
4 mcg,678.2904000000001,0.9321780261409182,0.030501138732571376
4 mcg,678.5237000000001,0.9023660425085602,0.04461725625594034
4 mcg,678.7570000000001,0.9054259201334586,0.043147076872133976
4 mcg,678.9903,0.9133384202884728,0.03936827303387911
4 mcg,679.2236,0.9417198751667935,0.026078263620670908
4 mcg,679.4569,0.9549525775056107,0.020018194739813894
4 mcg,679.6902,0.9261854187410111,0.0333020605372946
4 mcg,679.9235,0.8776649800040311,0.056671230223141515
4 mcg,680.1568000000001,0.847903937805622,0.07165334779530855
4 mcg,680.3901000000001,0.8529406824146982,0.06908117070321294
4 mcg,680.6234000000001,0.8672807838329086,0.06184027607916541
4 mcg,680.8567,0.8461098989132382,0.07257322396831652
4 mcg,681.09,0.8517868745938921,0.06966905636765126
4 mcg,681.3233,0.8677566830332788,0.061602032922123566
4 mcg,681.5566,0.8442899702085402,0.07350836992251396
4 mcg,681.7899,0.7923625766254646,0.10107604442685103
4 mcg,682.0232000000001,0.7852533094456056,0.10499022459397725
4 mcg,682.2565000000001,0.8017373614077916,0.09596787756618011
4 mcg,682.4898000000001,0.8022590070142219,0.09568539835259983
4 mcg,682.7231,0.784831376766138,0.10522364262607159
4 mcg,682.9564,0.7962546816479401,0.09894800117729725
4 mcg,683.1897,0.7780725495444587,0.10897990635499116
4 mcg,683.423,0.7746008176679635,0.11092204890880883
4 mcg,683.6563,0.7916643900069817,0.10145888969624237
4 mcg,683.8896000000001,0.7502790782280687,0.12477716382144126
4 mcg,684.1229000000001,0.701748677960025,0.15381839686980656
4 mcg,684.3562000000001,0.702307713045588,0.1534725619485952
4 mcg,684.5895,0.693997633220333,0.15864201064183378
4 mcg,684.8228,0.6924383085503506,0.15961891316550658
4 mcg,685.0561,0.6797693020998536,0.16763845174128697
4 mcg,685.2894,0.6660380079748878,0.1765009867714848
4 mcg,685.5227,0.660263867813185,0.18028246834672101
4 mcg,685.7560000000001,0.6384214518141561,0.19489252853703998
4 mcg,685.9893000000001,0.6216480435835735,0.20645542880021486
4 mcg,686.2226,0.6183752570795761,0.20874789607677294
4 mcg,686.4559,0.644275249466459,0.1909285522274641
4 mcg,686.6892,0.6121763706539526,0.2131234377126301
4 mcg,686.9225,0.5726818908326582,0.2420865497935938
4 mcg,687.1558,0.5304823450762718,0.2753290652283176
4 mcg,687.3891,0.4991990599593496,0.30172624114384483
4 mcg,687.6224000000001,0.489339534883721,0.3103896951572278
4 mcg,687.8557000000001,0.4845896885266964,0.3146258313532818
4 mcg,688.089,0.46568193702665706,0.3319106072504073
4 mcg,688.3223,0.4257565030839367,0.37083870982008865
4 mcg,688.5556,0.411394042465471,0.3857420017591984
4 mcg,688.7889,0.40028588445503277,0.3976297244374268
4 mcg,689.0222,0.3918141412981595,0.406919893566072
4 mcg,689.2555,0.3789185714090306,0.42145410873184413
4 mcg,689.4888000000001,0.3672383413602725,0.43505198277601986
4 mcg,689.7221000000001,0.3618653233510507,0.44145303225196014
4 mcg,689.9554,0.36128983426002076,0.44214425815766006
4 mcg,690.1887,0.3558822952350681,0.44869361714639844
4 mcg,690.422,0.3650061984036667,0.4376997604485877
4 mcg,690.6553,0.36807355469896785,0.43406538456607113
4 mcg,690.8886,0.3716435107998962,0.429873445932204
4 mcg,691.1219000000001,0.37764457570902854,0.42291674890287984
4 mcg,691.3552000000001,0.38368777626748574,0.4160220365695805
4 mcg,691.5885000000001,0.3974408762758277,0.4007274683079881
4 mcg,691.8218,0.4181330429689044,0.37868551096662306
4 mcg,692.0551,0.431090364001269,0.3654316846567764
4 mcg,692.2884,0.44325682990466275,0.35334456386679725
4 mcg,692.5217,0.45698194647355384,0.34010095682683844
4 mcg,692.755,0.4742961191244617,0.32395042890015613
4 mcg,692.9883000000001,0.4961665985374938,0.30437247537036033
4 mcg,693.2216000000001,0.5171780879420715,0.28635988380602484
4 mcg,693.4549000000001,0.5393474222829706,0.26813139256115015
4 mcg,693.6882,0.5637368513632366,0.24892357450996536
4 mcg,693.9215,0.5782201454006862,0.2379067814236761
4 mcg,694.1548,0.5964165706356045,0.22445029876090977
4 mcg,694.3881,0.6127309695492215,0.21273016836328718
4 mcg,694.6214,0.6332554620872909,0.19842105555377498
4 mcg,694.8547000000001,0.6583475724824155,0.1815447614655418
4 mcg,695.0880000000001,0.6801424941628897,0.16740009031493475
4 mcg,695.3213000000001,0.6940204846840783,0.1586277107353976
4 mcg,695.5546,0.7120899871069917,0.14746512092133202
4 mcg,695.7879,0.7215794719980264,0.1417158304062385
4 mcg,696.0212,0.7319828783963513,0.13549907728170352
4 mcg,696.2545,0.7394060495914067,0.13111700048536568
4 mcg,696.4878,0.7525517084873242,0.12346365395447163
4 mcg,696.7211000000001,0.7718731866340669,0.11245404534946259
4 mcg,696.9544000000001,0.7743632796165846,0.1110552494987327
4 mcg,697.1877000000001,0.7668968592684712,0.11526304082622837
4 mcg,697.421,0.7831642924976259,0.10614712192601597
4 mcg,697.6543,0.8021244202557125,0.09575826159177507
4 mcg,697.8876,0.7862024132447853,0.10446562744891709
4 mcg,698.1209,0.7858893427404381,0.10463860055149128
4 mcg,698.3542,0.8012582452123818,0.09622748841625828
4 mcg,698.5875000000001,0.8056538821328345,0.0938514958675145
4 mcg,698.8208000000001,0.7987119110595015,0.09760983895698196
4 mcg,699.0541000000001,0.7954444576365614,0.09939013981889668
4 mcg,699.2874,0.7964103496334001,0.09886310479798119
4 mcg,699.5207,0.7952605025856446,0.09949058668476468
4 mcg,699.754,0.7957737988660102,0.09921036425376505
4 mcg,699.9873,0.7944344894881574,0.09994190969237535
4 mcg,700.2206,0.793952682869555,0.10020537941293528
4 mcg,700.4539000000001,0.7967719464615511,0.09866596538685268
4 mcg,700.6872000000001,0.799352685668945,0.09726156155629537
4 mcg,700.9205000000001,0.8004650001016553,0.09665765262041544
4 mcg,701.1538,0.8016956696406637,0.09599046223801598
4 mcg,701.3871,0.7939876607355292,0.10018624683752718
4 mcg,701.6204,0.8058544217803826,0.09374340674061266
4 mcg,701.8537,0.8100891436666867,0.09146718794561165
4 mcg,702.087,0.8049895703668578,0.09420974641655962
4 mcg,702.3203000000001,0.8059678552361685,0.09368227900377113
4 mcg,702.5536000000001,0.8207502414635532,0.08578898082978485
4 mcg,702.7869000000001,0.8298316895766151,0.08100998437150528
4 mcg,703.0202,0.8271738976892935,0.08240317863645255
4 mcg,703.2535,0.8201166318719555,0.08612438057178735
4 mcg,703.4868,0.8302821100724802,0.08077431963486893
4 mcg,703.7201,0.8335081399569964,0.07909015453886191
4 mcg,703.9534,0.836299173139564,0.07763833260789461
4 mcg,704.1867000000001,0.8363754636549853,0.0775987163559791
4 mcg,704.4200000000001,0.838163867516064,0.07667106513975849
4 mcg,704.6533000000001,0.848839540314139,0.07117439849846399
4 mcg,704.8866,0.8535760338760263,0.06875778723578
4 mcg,705.1199,0.8520538442480798,0.06953295978618562
4 mcg,705.3532,0.8613927257323687,0.06479880007705394
4 mcg,705.5865,0.8649295622828619,0.06301925895998689
4 mcg,705.8198,0.8663029992930218,0.06233018199467595
4 mcg,706.0531000000001,0.8690666161645272,0.060946932499765294
4 mcg,706.2864000000001,0.8687661310806494,0.06109711843144342
4 mcg,706.5197000000001,0.8727690261837863,0.059100674880940354
4 mcg,706.753,0.8840114528066803,0.053542108450135295
4 mcg,706.9863,0.8798053945651078,0.055613379455455046
4 mcg,707.2196,0.8786704420016869,0.05617398278443806
4 mcg,707.4529,0.8818374870323872,0.05461144319935088
4 mcg,707.6862,0.8820973128583327,0.05448350091567102
4 mcg,707.9195000000001,0.8845476396189799,0.053278772062922725
4 mcg,708.1528000000001,0.8888711898851541,0.05116116993558763
4 mcg,708.3861,0.8919074614714833,0.04968020286277785
4 mcg,708.6194,0.9008978730445492,0.04532443841835946
4 mcg,708.8527,0.8862140459159669,0.05246137096491645
4 mcg,709.086,0.8894872878989734,0.05086025425209582
4 mcg,709.3193,0.8988116950419001,0.04633128531930952
4 mcg,709.5526000000001,0.9038004508098727,0.04392744638145869
4 mcg,709.7859000000001,0.9002453355544343,0.04563912016297343
4 mcg,710.0192000000001,0.8991820481514288,0.04615237222274544
4 mcg,710.2525,0.900742704017414,0.04539924696038689
4 mcg,710.4858,0.897653670920927,0.046891188743931465
4 mcg,710.7191,0.9029596876991715,0.044331638169996704
4 mcg,710.9524,0.9091768032437048,0.04135165340436217
4 mcg,711.1857,0.9123825171649166,0.03982304515289555
4 mcg,711.4190000000001,0.9127471236752888,0.03964952696099968
4 mcg,711.6523000000001,0.9106689550570768,0.04063946838431221
4 mcg,711.8856000000001,0.9075362664125369,0.04213601093302121
4 mcg,712.1189,0.9082004658302896,0.04181827967853115
4 mcg,712.3522,0.9155328163722117,0.038326084225265955
4 mcg,712.5855,0.9085355785386645,0.041658060914594994
4 mcg,712.8188,0.9056168305477486,0.04305551488140799
4 mcg,713.0521,0.9090121321719721,0.041430320408197815
4 mcg,713.2854000000001,0.9143288108412787,0.0388975952356593
4 mcg,713.5187000000001,0.9208267107550672,0.035822091457669514
4 mcg,713.7520000000001,0.9219405475755134,0.03529708403572478
4 mcg,713.9853,0.9133380191592364,0.03936846377177897
4 mcg,714.2186,0.9159499128931341,0.03812827431126049
4 mcg,714.4519,0.9215969189232113,0.03545898584890616
4 mcg,714.6852,0.9166740343121776,0.0377850702912929
4 mcg,714.9185,0.9135616725652117,0.03926212904415362
4 mcg,715.1518000000001,0.9172172677768131,0.03752777772143552
4 mcg,715.3851000000001,0.9252372998197052,0.03374686749313254
4 mcg,715.6184000000001,0.9297312042581503,0.031642592715674205
4 mcg,715.8517,0.9291028708133969,0.03193619800503754
4 mcg,716.085,0.9263468214219465,0.0332263843440794
4 mcg,716.3183,0.912811220775968,0.0396190299711587
4 mcg,716.5516,0.9183455700087347,0.03699386465142556
4 mcg,716.7849,0.9265043218744792,0.03315255048230972
4 mcg,717.0182000000001,0.9252789508016617,0.0337273174982308
4 mcg,717.2515000000001,0.9216025686501712,0.03545632347268535
4 mcg,717.4848000000001,0.9262597643110969,0.03326720080578411
4 mcg,717.7181,0.9292542884371028,0.03186542599196509
4 mcg,717.9514,0.9246951251646905,0.034001431891769233
4 mcg,718.1847,0.9162447571246991,0.037988497434937867
4 mcg,718.418,0.92202697137341,0.03525637466511663
4 mcg,718.6513,0.9310180258873976,0.03104191035309176
4 mcg,718.8846000000001,0.9351308858739027,0.029127598716161603
4 mcg,719.1179000000001,0.928295169426617,0.03231390948078523
4 mcg,719.3512000000001,0.9197798865448461,0.036316091672280754
4 mcg,719.5845,0.9224356805886627,0.03506390651228791
4 mcg,719.8178,0.9355556796990759,0.028930360310984088
4 mcg,720.0511,0.9374724101482729,0.028041504716699046
4 mcg,720.2844,0.9173245768160533,0.03747697078695119
4 mcg,720.5177,0.9120978990215791,0.039958544650732945
4 mcg,720.7510000000001,0.9306009153837825,0.031236524609617903
4 mcg,720.9843000000001,0.9450083009475686,0.024564376633710416
4 mcg,721.2176000000001,0.9345534500170971,0.02939585492329031
4 mcg,721.4509,0.9262761449113155,0.03325952051818487
4 mcg,721.6842,0.9322614675624439,0.03046226576396353
4 mcg,721.9175,0.9330978966776979,0.030072789526228598
4 mcg,722.1508,0.9295795878891375,0.03171342127521625
4 mcg,722.3841,0.9350732520629064,0.02915436589690616
4 mcg,722.6174000000001,0.9347756856074756,0.029292592539797477
4 mcg,722.8507000000001,0.9277127884749382,0.0325864566332948
4 mcg,723.0840000000001,0.9283291105270219,0.03229803073485224
4 mcg,723.3173,0.9348106581460847,0.029276344688406626
4 mcg,723.5506,0.9356584707495115,0.028882646278865005
4 mcg,723.7839,0.9300845983554712,0.03147754722242146
4 mcg,724.0172,0.932149341536705,0.030514502871876844
4 mcg,724.2505,0.9293214266898477,0.0318340495218357
4 mcg,724.4838000000001,0.9318553135313531,0.030651514054720486
4 mcg,724.7171000000001,0.9402358745660937,0.02676318238743584
4 mcg,724.9504000000001,0.9349653851350813,0.02920446754791421
10 mcg,375.0004,0.8999999999999999,0.04575749056067517
10 mcg,375.23370000000006,0.8899279080547962,0.05064517358218196
10 mcg,375.46700000000004,0.9088755749807657,0.04149556760084163
10 mcg,375.7003,0.9379259634888438,0.02783144191653035
10 mcg,375.9336,0.9604840940525586,0.017509822808952018
10 mcg,376.16690000000006,0.9870786716391404,0.005648232034357168
10 mcg,376.40020000000004,0.9870058895314904,0.005680255857824267
10 mcg,376.6335,0.9230729939034439,0.034763954883036866
10 mcg,376.8668,0.9265877162428885,0.033113461529034396
10 mcg,377.10010000000005,0.9261399390700694,0.0333233867800623
10 mcg,377.33340000000004,0.928330068150232,0.0322975827361235
10 mcg,377.5667,0.9218703768347212,0.03533014031620166
10 mcg,377.8,0.8804386757317866,0.05530088809963807
10 mcg,378.03330000000005,0.8789750162180978,0.0560234690363751
10 mcg,378.26660000000004,0.9338277937010777,0.02973320422040111
10 mcg,378.4999,0.9091242661448142,0.04137674998768803
10 mcg,378.7332,0.914819759679573,0.0386644634059935
10 mcg,378.96650000000005,0.9569468950008649,0.01911216237781798
10 mcg,379.19980000000004,0.9453231860955418,0.024419689964308516
10 mcg,379.4331,0.9505468304566425,0.022026481946463606
10 mcg,379.6664,0.9713132276814896,0.01264069685057266
10 mcg,379.89970000000005,0.933248138492733,0.030002867668082012
10 mcg,380.13300000000004,0.9189819956251052,0.03669299707663298
10 mcg,380.3663,0.8858065563128855,0.052661109601079045
10 mcg,380.5996,0.8565048696198554,0.06727016352973725
10 mcg,380.83290000000005,0.8729315383509797,0.05901981549521066
10 mcg,381.06620000000004,0.893945767907515,0.0486888273035427
10 mcg,381.2995,0.8648786778003177,0.06304480959557499
10 mcg,381.5328,0.8646092278719398,0.06318013360403638
10 mcg,381.76610000000005,0.8752051526717556,0.05789013414327337
10 mcg,381.99940000000004,0.877005458219952,0.05699770370644569
10 mcg,382.2327,0.8673741215507662,0.06179353934123292
10 mcg,382.466,0.9071613628586792,0.042315455204481586
10 mcg,382.69930000000005,0.9092964537620746,0.0412945026491782
10 mcg,382.93260000000004,0.8945793192035967,0.048381146024278295
10 mcg,383.1659,0.9012367921312754,0.045161086928865925
10 mcg,383.3992,0.8560928822264507,0.06747911376901897
10 mcg,383.63250000000005,0.8619360799235841,0.06452493970402606
10 mcg,383.86580000000004,0.9311530589807345,0.030978925670438386
10 mcg,384.0991,0.986674164122887,0.0058262435679937875
10 mcg,384.3324,0.9717384068253886,0.01245063194886486
10 mcg,384.56570000000005,0.9580606248599838,0.01860700844848548
10 mcg,384.79900000000004,0.9383730942612571,0.02762445313185656
10 mcg,385.0323,0.8931224827099279,0.04908897793406955
10 mcg,385.2656,0.8265367560914119,0.08273782858650269
10 mcg,385.49890000000005,0.8343168168168168,0.07866900251813105
10 mcg,385.73220000000003,0.9231071190951431,0.03474789969714661
10 mcg,385.9655,0.926567119306509,0.03312311548308344
10 mcg,386.1988,0.8827775123427297,0.05414873848031243
10 mcg,386.43210000000005,0.8904263023222132,0.050402019849577505
10 mcg,386.66540000000003,0.928094272681196,0.03240790737404001
10 mcg,386.8987,0.9406157979025676,0.02658773143270489
10 mcg,387.132,0.9178426724500262,0.03723175490158666
10 mcg,387.36530000000005,0.8863207316476744,0.05240909213211629
10 mcg,387.59860000000003,0.8702856410502875,0.06033818189657516
10 mcg,387.8319,0.9038772774661171,0.043890531180957836
10 mcg,388.0652,0.8891001637244889,0.051049309780730634
10 mcg,388.29850000000005,0.9078506887868465,0.0419855725891476
10 mcg,388.53180000000003,0.9401947290615282,0.026782187891341472
10 mcg,388.7651,0.9413121380411338,0.02626634113105473
10 mcg,388.9984,0.919805899206704,0.036303809390483686
10 mcg,389.23170000000005,0.9524099808854677,0.021176062006374084
10 mcg,389.46500000000003,1.0430018363908296,-0.018285073080127983
10 mcg,389.6983,1.0638464960637537,-0.026878967506124368
10 mcg,389.9316,1.0300568917929365,-0.012861212190025275
10 mcg,390.16490000000005,0.9600210304942166,0.017719253077567516
10 mcg,390.39820000000003,0.9181764893064697,0.037073831908911045
10 mcg,390.6315,0.9238121723888016,0.034416319675031205
10 mcg,390.86480000000006,0.9216397917403831,0.0354387828789707
10 mcg,391.09810000000004,0.9217907172995781,0.03536766966112869
10 mcg,391.33140000000003,0.9303748237971502,0.03134205025070497
10 mcg,391.5647,0.9452902472126306,0.024434822804092503
10 mcg,391.79800000000006,0.9188582210422614,0.03675149467389164
10 mcg,392.03130000000004,0.9311077338736915,0.031000066043430047
10 mcg,392.26460000000003,0.9155323383084577,0.03832631100086686
10 mcg,392.4979,0.8581517936278397,0.06643588545638851
10 mcg,392.73120000000006,0.8423345720359069,0.07451537414367701
10 mcg,392.96450000000004,0.8973346430910283,0.04704556526713878
10 mcg,393.19780000000003,0.958245521601686,0.018523201761291366
10 mcg,393.4311,0.9226805344156942,0.034948641505442087
10 mcg,393.66440000000006,0.9336424655428601,0.029819403180005432
10 mcg,393.89770000000004,0.9493796397238228,0.02256008634254726
10 mcg,394.13100000000003,0.957629009762901,0.018802706180261187
10 mcg,394.3643,0.9669359807079616,0.014602278911466742
10 mcg,394.59760000000006,0.9469718103700644,0.023662948961822788
10 mcg,394.83090000000004,0.9243001967014677,0.03418695454064143
10 mcg,395.0642,0.9268562002390209,0.03298764049093518
10 mcg,395.2975,0.9388456252863034,0.027405813056618544
10 mcg,395.53080000000006,0.894089207985994,0.04861914719600487
10 mcg,395.76410000000004,0.8830998888359538,0.05399016990294182
10 mcg,395.9974,0.8920237459762864,0.04962358440279738
10 mcg,396.2307,0.8797327572411588,0.055649236579617734
10 mcg,396.46400000000006,0.8595344854429394,0.06573669426822931
10 mcg,396.69730000000004,0.8678388174928213,0.06156092824932481
10 mcg,396.9306,0.9032994882359675,0.044168235816906605
10 mcg,397.1639,0.8937135847899419,0.04880164057209741
10 mcg,397.39720000000005,0.8678052518806989,0.0615777258870266
10 mcg,397.63050000000004,0.9144245845092506,0.03885210635164072
10 mcg,397.8638,0.9726324904133312,0.012051227085808188
10 mcg,398.0971,0.9559330893883952,0.01957250513641807
10 mcg,398.33040000000005,0.9327932137959057,0.03021462212806271
10 mcg,398.56370000000004,0.9344480073293633,0.02944485775023668
10 mcg,398.797,0.9084319648723155,0.04170759272242184
10 mcg,399.0303,0.8317509164139928,0.08000671195800257
10 mcg,399.26360000000005,0.8780088635644191,0.056501099836850546
10 mcg,399.49690000000004,0.9217909854395467,0.03536754332909947
10 mcg,399.7302,0.9071441401721125,0.04232370047268717
10 mcg,399.9635,0.8646255643780164,0.06317192783062187
10 mcg,400.19680000000005,0.8639959746090726,0.06348828091131474
10 mcg,400.43010000000004,0.8814261006289309,0.054814093386700125
10 mcg,400.6634,0.8905189052365133,0.05035685626503345
10 mcg,400.8967,0.8781789419811102,0.05641698113626797
10 mcg,401.13000000000005,0.8930113100848257,0.049143040690037436
10 mcg,401.36330000000004,0.8980724980299449,0.046688602950216
10 mcg,401.5966,0.9019727243894704,0.044806595303122164
10 mcg,401.8299,0.8952144433932513,0.04807291951435008
10 mcg,402.06320000000005,0.8591560990338164,0.06592792255987019
10 mcg,402.29650000000004,0.8631013298313938,0.06393821424623763
10 mcg,402.5298,0.9221307132880604,0.03520751274674925
10 mcg,402.7631,0.9426458343537247,0.025651447323083287
10 mcg,402.99640000000005,0.9883496472437177,0.005089388402735915
10 mcg,403.22970000000004,0.9826802374893978,0.007587777880616094
10 mcg,403.463,0.9411344059808223,0.02634834935968151
10 mcg,403.6963,0.899019744916189,0.04623076987524789
10 mcg,403.92960000000005,0.8889477807991889,0.05112374991487876
10 mcg,404.16290000000004,0.9104242252901726,0.0407561947430848
10 mcg,404.3962,0.9586980477294782,0.018318157015048287
10 mcg,404.6295,0.9425855206973782,0.025679235836226198
10 mcg,404.86280000000005,0.9561388929624741,0.019479015604906058
10 mcg,405.09610000000004,0.9593736258367128,0.01801222490600055
10 mcg,405.3294,0.9621319170361708,0.016765378156416922
10 mcg,405.5627,0.9501554057284942,0.022205356468397767
10 mcg,405.79600000000005,0.9525659358118843,0.0211049531135781
10 mcg,406.02930000000003,0.9595275665853775,0.017942543759214485
10 mcg,406.2626,0.9514817085632535,0.021599556243383965
10 mcg,406.4959,0.9521679262701653,0.021286451803416317
10 mcg,406.72920000000005,0.9481528166822284,0.023121660453889806
10 mcg,406.96250000000003,0.9812420479618625,0.008223849778183249
10 mcg,407.1958,0.9938408462909372,0.002683157968613099
10 mcg,407.4291,0.9489775194888378,0.022744075536445904
10 mcg,407.66240000000005,0.9130603234671352,0.039500528836494034
10 mcg,407.89570000000003,0.9285526456603832,0.03219346826061199
10 mcg,408.129,0.9445808248160421,0.024760874936651692
10 mcg,408.3623,0.9142560865644725,0.03893213971010922
10 mcg,408.59560000000005,0.9183647912611839,0.036984774830787256
10 mcg,408.82890000000003,0.9002472974974085,0.04563817368755681
10 mcg,409.0622,0.8929205493971646,0.04918718220153982
10 mcg,409.2955,0.9003932917779757,0.04556774929419777
10 mcg,409.52880000000005,0.9093458781362008,0.04127089742171445
10 mcg,409.76210000000003,0.8865867828612929,0.05227874740302026
10 mcg,409.9954,0.8689770520616292,0.060991692244771384
10 mcg,410.2287,0.8487422555228987,0.07122417547905913
10 mcg,410.46200000000005,0.875067069795171,0.057958659062655224
10 mcg,410.69530000000003,0.9079072847682119,0.04195849924262142
10 mcg,410.9286,0.8956198347107438,0.04787629694870187
10 mcg,411.16190000000006,0.875934793970985,0.05752822222530308
10 mcg,411.39520000000005,0.8943591507905791,0.048488045092020954
10 mcg,411.62850000000003,0.9018873077475923,0.044847724853749375
10 mcg,411.8618,0.8929980652176983,0.049149482059032044
10 mcg,412.09510000000006,0.8815144858457332,0.05477054658510542
10 mcg,412.32840000000004,0.9004409431127214,0.04554476582204996
10 mcg,412.56170000000003,0.8887137913443908,0.051238080258991146
10 mcg,412.795,0.8669701831795695,0.06199583851370204
10 mcg,413.02830000000006,0.8504596354166667,0.07034629408175583
10 mcg,413.26160000000004,0.8635019852970083,0.06373665959907658
10 mcg,413.49490000000003,0.9040355816705431,0.04381447591947491
10 mcg,413.7282,0.9551151458324454,0.019944268012939886
10 mcg,413.96150000000006,0.9453276032322221,0.024417660675666846
10 mcg,414.19480000000004,0.9483372740974269,0.023037179297664512
10 mcg,414.42810000000003,0.9288826063543348,0.03203916935842404
10 mcg,414.6614,0.9131608445095013,0.03945271892735008
10 mcg,414.89470000000006,0.912298574781366,0.03986300360279724
10 mcg,415.12800000000004,0.9125301142060918,0.03975279457808394
10 mcg,415.3613,0.9259903875116228,0.033393521603516586
10 mcg,415.5946,0.9690086504487675,0.013672345936441293
10 mcg,415.82790000000006,0.9867453800166142,0.005794898312723776
10 mcg,416.06120000000004,1.0338609072007467,-0.014462113904425174
10 mcg,416.2945,1.0366736990154712,-0.01564208038426999
10 mcg,416.5278,0.9642091727389628,0.015828741292166944
10 mcg,416.76110000000006,0.9326235826815852,0.030293607003990374
10 mcg,416.99440000000004,0.9874090333032832,0.005502903958877863
10 mcg,417.2277,1.0568102959675971,-0.02399703573831364
10 mcg,417.461,1.06153582823262,-0.025934656760270004
10 mcg,417.69430000000006,1.0620286560863743,-0.026136235212760386
10 mcg,417.92760000000004,1.1084134379940953,-0.04470178236759783
10 mcg,418.1609,1.0995640717902027,-0.041220540849334214
10 mcg,418.3942,1.037242886139446,-0.01588046493173785
10 mcg,418.62750000000005,1.0073010419389776,-0.0031592831796066183
10 mcg,418.86080000000004,1.0035793688813552,-0.0015517247100501578
10 mcg,419.0941,1.0135973962171456,-0.0058654862380741815
10 mcg,419.3274,1.027519065190652,-0.01178988877709078
10 mcg,419.56070000000005,1.0170610764926942,-0.0073470339328633215
10 mcg,419.79400000000004,1.0810964130942906,-0.033864426430370846
10 mcg,420.0273,1.0888523142893176,-0.03696897852644659
10 mcg,420.2606,1.034714341790672,-0.014820468723066825
10 mcg,420.49390000000005,1.0113928854845944,-0.004919894317635613
10 mcg,420.72720000000004,1.0446939038838252,-0.018989060468662652
10 mcg,420.9605,1.0812283165868357,-0.033917411033692293
10 mcg,421.1938,1.0819712110397333,-0.03421570526877637
10 mcg,421.42710000000005,1.0669932823720176,-0.02816168518084473
10 mcg,421.66040000000004,1.0707069661525723,-0.02967062825838119
10 mcg,421.8937,1.064671201814059,-0.0272155070376785
10 mcg,422.127,1.0685980528198011,-0.028814378483995443
10 mcg,422.36030000000005,1.060831146397369,-0.02564626229555083
10 mcg,422.59360000000004,1.0320278753058836,-0.013691427841610185
10 mcg,422.8269,1.0326941908582619,-0.0139717340216933
10 mcg,423.0602,1.0455733358583468,-0.019354499364721278
10 mcg,423.29350000000005,1.0498082734187766,-0.021109991070684092
10 mcg,423.52680000000004,1.0437059724349158,-0.018578168652751206
10 mcg,423.7601,1.0602420485120054,-0.025405024069442842
10 mcg,423.9934,1.066132400648824,-0.027811142120744075
10 mcg,424.22670000000005,1.0750369722029396,-0.0314234005749801
10 mcg,424.46000000000004,1.085934766745634,-0.03580373750576501
10 mcg,424.6933,1.0961987520955472,-0.03988930333887593
10 mcg,424.9266,1.0876935261109342,-0.036506543644741624
10 mcg,425.15990000000005,1.0469702359777067,-0.01993433541869019
10 mcg,425.39320000000004,1.1069597591437066,-0.04413183343564482
10 mcg,425.6265,1.1379873308378925,-0.056137427104903784
10 mcg,425.8598,1.1227597616856744,-0.050286839666876866
10 mcg,426.09310000000005,1.1182982126143808,-0.04855763076244326
10 mcg,426.32640000000004,1.1246395547176586,-0.05101335402090143
10 mcg,426.5597,1.1343609471144,-0.054751266547854456
10 mcg,426.793,1.1399868143459917,-0.05689982809972392
10 mcg,427.02630000000005,1.1502397140864713,-0.060788358315481746
10 mcg,427.25960000000003,1.1270731502477536,-0.051952103905898835
10 mcg,427.4929,1.1157242112146477,-0.04755685737085991
10 mcg,427.7262,1.1491364464315286,-0.060371599109571426
10 mcg,427.95950000000005,1.1693873663461458,-0.06795839756027534
10 mcg,428.19280000000003,1.129221070526291,-0.05277897320134683
10 mcg,428.4261,1.0999992449468066,-0.041392387053181406
10 mcg,428.6594,1.12574185160687,-0.051438812117333255
10 mcg,428.89270000000005,1.1188438404989975,-0.04876947531994947
10 mcg,429.12600000000003,1.1083682492817806,-0.04468407633139411
10 mcg,429.3593,1.1007171196401673,-0.0416757211839213
10 mcg,429.5926,1.1143616871208915,-0.0470261721901233
10 mcg,429.82590000000005,1.115720344875539,-0.047555352399799376
10 mcg,430.05920000000003,1.097799408957193,-0.04052299262641346
10 mcg,430.2925,1.0873457215861695,-0.03636764997895267
10 mcg,430.5258,1.0875548745401529,-0.03645117928988352
10 mcg,430.75910000000005,1.071050933669091,-0.029810124132938053
10 mcg,430.99240000000003,1.0803882032995415,-0.033579833503303076
10 mcg,431.2257,1.081190533227683,-0.03390223441387059
10 mcg,431.45900000000006,1.0733225030084237,-0.030730234764296503
10 mcg,431.69230000000005,1.0942925729074078,-0.039133451624292596
10 mcg,431.92560000000003,1.1001095880566982,-0.04143594981068078
10 mcg,432.1589,1.0921533135335573,-0.038283607735036994
10 mcg,432.39220000000006,1.096123384260627,-0.03985944291436176
10 mcg,432.62550000000005,1.093295208831228,-0.038737444891798374
10 mcg,432.85880000000003,1.1022080146522633,-0.0422635646522512
10 mcg,433.0921,1.099864415067709,-0.04133915114258805
10 mcg,433.32540000000006,1.0845506725198302,-0.03524984798841968
10 mcg,433.55870000000004,1.0920289738689108,-0.03823416128488727
10 mcg,433.79200000000003,1.082884041379815,-0.03458195349961151
10 mcg,434.0253,1.084177590680926,-0.03510042642345733
10 mcg,434.25860000000006,1.1018950836263743,-0.04214024535854015
10 mcg,434.49190000000004,1.0999933996415496,-0.04139007924199452
10 mcg,434.72520000000003,1.0960492350625406,-0.03983006330502359
10 mcg,434.9585,1.0955588278604036,-0.03963570269015671
10 mcg,435.19180000000006,1.0844690602416562,-0.03521716616303297
10 mcg,435.42510000000004,1.0735874458328074,-0.030837424362347342
10 mcg,435.65840000000003,1.0668635720467627,-0.028108886439020223
10 mcg,435.8917,1.0729993960612294,-0.030599477522941492
10 mcg,436.12500000000006,1.0769392428937088,-0.03219120262917885
10 mcg,436.35830000000004,1.0704579648937573,-0.029569617942351998
10 mcg,436.5916,1.0739546028841545,-0.03098592369724115
10 mcg,436.8249,1.0748647287472397,-0.0313538119212464
10 mcg,437.05820000000006,1.0678207077104975,-0.02849833865824576
10 mcg,437.29150000000004,1.070310709655836,-0.029509871050385803
10 mcg,437.5248,1.0638103575112712,-0.026864214399764885
10 mcg,437.7581,1.0696480488732412,-0.029240903315090643
10 mcg,437.99140000000006,1.0782136302459318,-0.03270481766436576
10 mcg,438.22470000000004,1.0587241379310346,-0.024782814704974947
10 mcg,438.458,1.0475412766321222,-0.02017114463153689
10 mcg,438.6913,1.0466929337046151,-0.019819292226001872
10 mcg,438.92460000000005,1.0484801855700883,-0.020560227477676718
10 mcg,439.15790000000004,1.048219485987873,-0.020452228805182174
10 mcg,439.3912,1.0385634096332896,-0.01643301759055752
10 mcg,439.6245,1.0331931222787987,-0.014181506515693533
10 mcg,439.85780000000005,1.026896855469532,-0.01152682397700451
10 mcg,440.09110000000004,1.0252197584279792,-0.010816967482508766
10 mcg,440.3244,1.0182742922179542,-0.007864779524417036
10 mcg,440.5577,1.0171828510318393,-0.007399029674115994
10 mcg,440.79100000000005,1.0226109296203494,-0.009710430135521912
10 mcg,441.02430000000004,1.0200802119438308,-0.008634322972641977
10 mcg,441.2576,1.0164597796428694,-0.007090198690001029
10 mcg,441.4909,1.0140578668036297,-0.0060627385440985134
10 mcg,441.72420000000005,1.0148671361981558,-0.006409189251280253
10 mcg,441.95750000000004,1.0103945690823888,-0.004491003200590788
10 mcg,442.1908,1.0107682788146366,-0.004651603892976539
10 mcg,442.4241,1.0128437552109388,-0.005542454754834766
10 mcg,442.65740000000005,1.0097630463484122,-0.004219473053238119
10 mcg,442.89070000000004,1.0072805019539788,-0.00315042734334551
10 mcg,443.124,1.00495866418325,-0.0021481987850526622
10 mcg,443.3573,1.0032689368068428,-0.0014173658373244965
10 mcg,443.59060000000005,1.0002325212875018,-0.00010097097359157237
10 mcg,443.82390000000004,0.9897509330830213,0.004474080146491476
10 mcg,444.0572,0.9933428065762229,0.0029008488741172444
10 mcg,444.2905,0.993150207399874,0.0029850623691368753
10 mcg,444.52380000000005,0.9891101344034652,0.00475534834145679
10 mcg,444.75710000000004,0.9852075806553844,0.006472255151918771
10 mcg,444.9904,0.9862696451204056,0.006004333153963137
10 mcg,445.2237,0.9875819481050838,0.005426857085590654
10 mcg,445.45700000000005,0.9871754897953364,0.005605636109436208
10 mcg,445.69030000000004,0.9863207890234916,0.00598181300531619
10 mcg,445.9236,0.9833160214038401,0.007306884716041968
10 mcg,446.1569,0.983690980377361,0.007141310709477464
10 mcg,446.39020000000005,0.9844087085756659,0.00682455296433083
10 mcg,446.62350000000004,0.985023486110719,0.006553414409305344
10 mcg,446.8568,0.9866237825196943,0.0058484200997213085
10 mcg,447.0901,0.9853227066729175,0.006421508817780637
10 mcg,447.32340000000005,0.9903913140262925,0.004193177175929094
10 mcg,447.55670000000003,0.9908169618692722,0.004006567303021447
10 mcg,447.79,0.9893823236100723,0.004635853045197186
10 mcg,448.0233,0.9925498160852839,0.0032476867733984066
10 mcg,448.25660000000005,0.9926321921798432,0.0032116442511717995
10 mcg,448.48990000000003,0.9854655884196518,0.0063585362961408156
10 mcg,448.7232,0.9849571780653112,0.006582650450816742
10 mcg,448.9565,0.9889500662755023,0.004825636095925273
10 mcg,449.18980000000005,0.9908135581685273,0.004008059214290046
10 mcg,449.42310000000003,0.9846274784360327,0.006728048345287537
10 mcg,449.6564,0.9846165410304317,0.006732872587333662
10 mcg,449.8897,0.9830601393977794,0.007419913083750084
10 mcg,450.12300000000005,0.9855464423026767,0.006322905468210249
10 mcg,450.35630000000003,0.9885331585958242,0.0050087584659687994
10 mcg,450.5896,0.9865586845818762,0.005877076015389817
10 mcg,450.82290000000006,0.9835886381703663,0.007186496615318846
10 mcg,451.05620000000005,0.984879093970003,0.0066170812227707215
10 mcg,451.28950000000003,0.9852716809012152,0.006443999708072291
10 mcg,451.5228,0.9894223885503945,0.004618266688751606
10 mcg,451.75610000000006,0.9885315681093506,0.005009457218508068
10 mcg,451.98940000000005,0.9845930001528351,0.006743256117400964
10 mcg,452.22270000000003,0.9827072485518454,0.007575840534463846
10 mcg,452.456,0.985030452493804,0.006550342958647682
10 mcg,452.68930000000006,0.9861625061184534,0.0060515133597420995
10 mcg,452.92260000000005,0.9866307950820424,0.005845333303758555
10 mcg,453.15590000000003,0.9850155343542932,0.0065569203337071365
10 mcg,453.3892,0.9851535789251766,0.006496060588129581
10 mcg,453.62250000000006,0.985986651624521,0.0061289645365308915
10 mcg,453.85580000000004,0.9862891662768764,0.0059957372829686625
10 mcg,454.08910000000003,0.9852680793626072,0.006445587220666924
10 mcg,454.3224,0.9854224519534793,0.006377546943977476
10 mcg,454.55570000000006,0.9877979608650242,0.005331874698040027
10 mcg,454.78900000000004,0.9891313213077859,0.004746045780731562
10 mcg,455.02230000000003,0.9864009661835749,0.0059465110189857945
10 mcg,455.2556,0.985449628746906,0.006365569777587678
10 mcg,455.48890000000006,0.9825739013835557,0.0076347755519359526
10 mcg,455.72220000000004,0.9837426279675003,0.007118509164041705
10 mcg,455.95550000000003,0.9883489669548157,0.005089687331175599
10 mcg,456.1888,0.9886597400525784,0.004953150711872284
10 mcg,456.42210000000006,0.985498653940284,0.00634396457246918
10 mcg,456.65540000000004,0.9854311423597406,0.006373716932965307
10 mcg,456.88870000000003,0.9843742645013586,0.006839749023634487
10 mcg,457.122,0.9846248902673653,0.0067291899230643056
10 mcg,457.35530000000006,0.9871086285011396,0.005635051826115086
10 mcg,457.58860000000004,0.9875280481553446,0.005450560525699561
10 mcg,457.8219,0.9865418886629306,0.005884469835061942
10 mcg,458.0552,0.9855236816368826,0.006332935381848738
10 mcg,458.28850000000006,0.9860478251527152,0.006102020458164472
10 mcg,458.52180000000004,0.9874405585801728,0.005489038342123014
10 mcg,458.7551,0.9850101761721015,0.006559282768823051
10 mcg,458.9884,0.9854046629115079,0.006385386985053118
10 mcg,459.22170000000006,0.9842231234829631,0.0069064358035804355
10 mcg,459.45500000000004,0.9813320696033053,0.008184008325258764
10 mcg,459.6883,0.9802297306827834,0.008672129332404212
10 mcg,459.9216,0.9840678415101084,0.006974960330989436
10 mcg,460.15490000000005,0.9866641929499074,0.005830632501485777
10 mcg,460.38820000000004,0.9844076706168674,0.006825010883904622
10 mcg,460.6215,0.9790665928795427,0.009187767914385825
10 mcg,460.8548,0.9797440872135996,0.008887348822817175
10 mcg,461.08810000000005,0.9833560738959999,0.007289195365208713
10 mcg,461.32140000000004,0.9863949190968664,0.005949173449913077
10 mcg,461.5547,0.9874605351971608,0.005480252348178672
10 mcg,461.788,0.9827133079376879,0.007573162677222144
10 mcg,462.02130000000005,0.9804354145406191,0.008581009882435996
10 mcg,462.25460000000004,0.9831914563347923,0.007361904005630346
10 mcg,462.4879,0.981034958359291,0.00831551662409801
10 mcg,462.7212,0.9898816843936677,0.00441671134755714
10 mcg,462.95450000000005,0.9893412199167526,0.004653896098513593
10 mcg,463.18780000000004,0.979789962750334,0.008867013894253817
10 mcg,463.4211,0.9801169862988182,0.008722084030164072
10 mcg,463.6544,0.9859839707809162,0.006130145361002838
10 mcg,463.88770000000005,0.9922995232107799,0.0033572173182926037
10 mcg,464.12100000000004,0.9905868759661369,0.004107430172706472
10 mcg,464.3543,0.9859278075704834,0.006154884167932542
10 mcg,464.5876,0.9832730902957073,0.007325846219750201
10 mcg,464.82090000000005,0.9833984839942367,0.007270465553122929
10 mcg,465.05420000000004,0.9866071568988241,0.005855738468046162
10 mcg,465.2875,0.9893258338304596,0.0046606502336902335
10 mcg,465.5208,0.9862169829440084,0.006027523062877451
10 mcg,465.75410000000005,0.9841124728362565,0.006955263823989374
10 mcg,465.98740000000004,0.9855404268989824,0.006325556245983383
10 mcg,466.2207,0.9881081849185297,0.005195503245392238
10 mcg,466.454,0.9892664749739822,0.004686708379891669
10 mcg,466.68730000000005,0.9853821634965524,0.006395303198852299
10 mcg,466.92060000000004,0.9821194114318053,0.007835705112146749
10 mcg,467.1539,0.9849979970412988,0.006564652624008429
10 mcg,467.3872,0.9860646261726524,0.006094620687178409
10 mcg,467.62050000000005,0.9851198484130745,0.006510930580360996
10 mcg,467.85380000000004,0.9869401745107906,0.005709172221243189
10 mcg,468.0871,0.9864962245230436,0.005904572522227242
10 mcg,468.3204,0.9849949437492098,0.006565998850056665
10 mcg,468.55370000000005,0.9866919429478226,0.0058184181112406865
10 mcg,468.78700000000003,0.9863188312120377,0.0059826750651697375
10 mcg,469.0203,0.9856372684107331,0.00628288354904042
10 mcg,469.2536,0.9842437187519777,0.006897348110056982
10 mcg,469.48690000000005,0.984914635962869,0.006601408829113781
10 mcg,469.72020000000003,0.9856959253617669,0.006257038714440932
10 mcg,469.9535,0.9908191941714435,0.004005588842357015
10 mcg,470.1868,0.9884656408101148,0.005038422218707704
10 mcg,470.42010000000005,0.9872171312205676,0.005587316914959193
10 mcg,470.65340000000003,0.9881638885435494,0.005171021012101253
10 mcg,470.8867,0.9862567627776717,0.0060100058084239264
10 mcg,471.12000000000006,0.9855050071530758,0.006341164815865694
10 mcg,471.35330000000005,0.9876491409164618,0.005397309689968454
10 mcg,471.58660000000003,0.9936199718165514,0.002779687736586372
10 mcg,471.8199,0.9899691092640361,0.004378356801923292
10 mcg,472.05320000000006,0.9949859514687099,0.002183051156475882
10 mcg,472.28650000000005,0.9999036738351254,4.1835936847988586e-05
10 mcg,472.51980000000003,1.0004798850574712,-0.0002083614416340385
10 mcg,472.7531,1.0029769243757984,-0.001290941264146275
10 mcg,472.98640000000006,1.0111039872408294,-0.00479582301187093
10 mcg,473.21970000000005,1.0192163136533603,-0.008266366397213983
10 mcg,473.45300000000003,1.0285882439490914,-0.012241556328435921
10 mcg,473.6863,1.0306232338740182,-0.013099928761134513
10 mcg,473.91960000000006,1.0320715365271085,-0.013709800820494104
10 mcg,474.15290000000005,1.0322012956341946,-0.013764399867074026
10 mcg,474.38620000000003,1.0370724548267383,-0.015809099332344853
10 mcg,474.6195,1.0442589362608392,-0.01880820043432468
10 mcg,474.85280000000006,1.0361645744885701,-0.015428740077013569
10 mcg,475.08610000000004,1.0229430773054933,-0.009851467632077155
10 mcg,475.31940000000003,1.0267701063960035,-0.011473216041237147
10 mcg,475.5527,1.026535690664104,-0.011374053549782352
10 mcg,475.78600000000006,1.0275227327058782,-0.011791438897995044
10 mcg,476.01930000000004,1.0257846325101794,-0.011056188523825259
10 mcg,476.25260000000003,1.0310960297017808,-0.013299114582687553
10 mcg,476.4859,1.0306810261614598,-0.013124281179189099
10 mcg,476.71920000000006,1.026606207874107,-0.011403886105649332
10 mcg,476.95250000000004,1.026685573799786,-0.011437459691145896
10 mcg,477.18580000000003,1.0296517808527004,-0.01269037497356993
10 mcg,477.4191,1.018861237252179,-0.008115039748059934
10 mcg,477.65240000000006,1.028287769619812,-0.012114670368147581
10 mcg,477.88570000000004,1.0296791908419993,-0.01270193601671053
10 mcg,478.119,1.0193300338102749,-0.008314820568238205
10 mcg,478.3523,1.019817416912074,-0.008522424776202587
10 mcg,478.58560000000006,1.0306203358868427,-0.013098707576159153
10 mcg,478.81890000000004,1.0326337696416505,-0.013946323431730329
10 mcg,479.0522,1.0186131478191238,-0.008009277562173026
10 mcg,479.2855,1.009145848792151,-0.003953938038831182
10 mcg,479.51880000000006,1.0102730665788462,-0.0044387750498961235
10 mcg,479.75210000000004,1.019173078675137,-0.008247943310299299
10 mcg,479.9854,1.0174587458745874,-0.007516809246407881
10 mcg,480.2187,1.017114277170081,-0.007369750519794987
10 mcg,480.45200000000006,1.0143960482506413,-0.0062075486742079
10 mcg,480.68530000000004,1.01609485877231,-0.006934253930511867
10 mcg,480.9186,1.0091584793284898,-0.0039593736633394125
10 mcg,481.1519,1.0079298019296408,-0.0034302863791438403
10 mcg,481.38520000000005,1.0131595473154533,-0.005677841276030376
10 mcg,481.61850000000004,1.0077961235896489,-0.003372683542608788
10 mcg,481.8518,1.0018478750762216,-0.0008017813808736295
10 mcg,482.0851,1.0101437791313488,-0.004383193623495591
10 mcg,482.31840000000005,1.0070488322717621,-0.0030505302080111154
10 mcg,482.55170000000004,1.004188196755957,-0.0018151123640775843
10 mcg,482.785,1.0078618073904797,-0.003400988059781985
10 mcg,483.0183,1.006679210775284,-0.0028910999625315764
10 mcg,483.25160000000005,1.0020426055324383,-0.0008861875534444106
10 mcg,483.48490000000004,1.0039282630876696,-0.0017026808784680859
10 mcg,483.7182,1.0017104371840968,-0.0007421988692166413
10 mcg,483.9515,1.0053339804457249,-0.002310362024410573
10 mcg,484.18480000000005,1.0006063525858695,-0.0002632557772835891
10 mcg,484.41810000000004,0.9961441624939884,0.0016778057078108237
10 mcg,484.6514,0.9962170208397495,0.0016460424132802582
10 mcg,484.8847,0.9959647088041084,0.001756050173869654
10 mcg,485.11800000000005,0.9981776777046014,0.0007921465096809607
10 mcg,485.35130000000004,0.999150909356119,0.00036891202332037487
10 mcg,485.5846,0.991591276272506,0.0036673026821286594
10 mcg,485.8179,0.9926016896952923,0.003224989843191762
10 mcg,486.05120000000005,0.9852909638357553,0.006435500133508335
10 mcg,486.28450000000004,0.9897150387667218,0.004489830559707916
10 mcg,486.5178,0.993630248237431,0.0027751961100798343
10 mcg,486.7511,0.9938084103309194,0.0026973322585742464
10 mcg,486.98440000000005,0.9906213847084303,0.004092301065227534
10 mcg,487.21770000000004,0.9899859870380101,0.004370952670266395
10 mcg,487.451,0.9852028070070773,0.006474359453775176
10 mcg,487.6843,0.9851448762900157,0.006499897069266172
10 mcg,487.91760000000005,0.9830586026287184,0.007420591995261265
10 mcg,488.15090000000004,0.9862686449001608,0.006004773591682622
10 mcg,488.3842,0.988752720277487,0.0049123086524195695
10 mcg,488.6175,0.9785016008016229,0.00943845951160829
10 mcg,488.85080000000005,0.9832807547780303,0.007322460965501615
10 mcg,489.08410000000003,0.98465907559463,0.006714111854840584
10 mcg,489.3174,0.9829418791267579,0.007472161029287288
10 mcg,489.5507,0.9804020638629284,0.008595783177469101
10 mcg,489.78400000000005,0.9717198946762353,0.012458905575543104
10 mcg,490.01730000000003,0.9740784966468858,0.01140604385347247
10 mcg,490.2506,0.981516998332569,0.008102174700642192
10 mcg,490.48390000000006,0.977175704999626,0.010027339197335446
10 mcg,490.71720000000005,0.9783316434916955,0.009513899278651703
10 mcg,490.95050000000003,0.9802379571918636,0.008668484561800789
10 mcg,491.1838,0.9768967755896992,0.010151323855630156
10 mcg,491.41710000000006,0.9769750635838982,0.010116521118606774
10 mcg,491.65040000000005,0.9739730712201655,0.011453050495264565
10 mcg,491.88370000000003,0.9724133323789755,0.01214909534605471
10 mcg,492.117,0.9748720705224683,0.01105237169780004
10 mcg,492.35030000000006,0.9748938037689227,0.011042689890221167
10 mcg,492.58360000000005,0.9716733030836189,0.012479729433117173
10 mcg,492.81690000000003,0.9695169150697895,0.013444609424485
10 mcg,493.0502,0.9697523115149022,0.013339176536392213
10 mcg,493.28350000000006,0.9755350395665502,0.010757126866998222
10 mcg,493.51680000000005,0.9715482101480115,0.012535643976430408
10 mcg,493.75010000000003,0.9684663039125622,0.01391548519723554
10 mcg,493.9834,0.968915113316347,0.013714269835878775
10 mcg,494.21670000000006,0.9748014396071565,0.011083838111664447
10 mcg,494.45000000000005,0.9677462973378327,0.01423848164561165
10 mcg,494.68330000000003,0.9654425038123728,0.015273585189138567
10 mcg,494.9166,0.9656472751283863,0.015181480664636524
10 mcg,495.14990000000006,0.9731124686164953,0.011836962735972621
10 mcg,495.38320000000004,0.9701461680581865,0.013162827384556371
10 mcg,495.61650000000003,0.9675935504916352,0.014307035096463016
10 mcg,495.8498,0.9683907845178783,0.01394935208044588
10 mcg,496.08310000000006,0.9638718714547012,0.01598069350229755
10 mcg,496.31640000000004,0.9652054242283127,0.015380246123171498
10 mcg,496.54970000000003,0.9651667789094631,0.015397634944563266
10 mcg,496.783,0.9644293937272248,0.015729561734026738
10 mcg,497.01630000000006,0.9707975152161635,0.012871343927752157
10 mcg,497.24960000000004,0.9669630965593785,0.014590100132561814
10 mcg,497.48290000000003,0.965032752098902,0.015457946952117123
10 mcg,497.7162,0.9658287758163149,0.015099859411893084
10 mcg,497.94950000000006,0.9629093668092151,0.016414588625220442
10 mcg,498.18280000000004,0.9573567628051427,0.018926190494306386
10 mcg,498.41610000000003,0.956585276884846,0.019276307780252577
10 mcg,498.6494,0.957095330282363,0.01904480271045842
10 mcg,498.88270000000006,0.9609184357490775,0.01731347435791588
10 mcg,499.11600000000004,0.9572357235040664,0.018981102127979654
10 mcg,499.3493,0.9553605281858822,0.01983270605579031
10 mcg,499.5826,0.9528823264273467,0.02096072804863445
10 mcg,499.81590000000006,0.958068099305987,0.018603620251634645
10 mcg,500.04920000000004,0.9531114579092594,0.02085630951430117
10 mcg,500.2825,0.9493121428780401,0.02259096392673469
10 mcg,500.5158,0.9500039416278697,0.022274592791486667
10 mcg,500.74910000000006,0.9528549063726254,0.020973225446759256
10 mcg,500.98240000000004,0.9518297730292019,0.02144071468743791
10 mcg,501.2157,0.9544682679694215,0.02023850548389011
10 mcg,501.449,0.9530892050587172,0.02086644935989592
10 mcg,501.68230000000005,0.9504566024991556,0.022067708073045
10 mcg,501.91560000000004,0.9505401312695616,0.022029542742777544
10 mcg,502.1489,0.9554110175909787,0.01980975483477016
10 mcg,502.3822,0.9532194649902216,0.020807097828381305
10 mcg,502.61550000000005,0.9517024774774775,0.021498800129123953
10 mcg,502.84880000000004,0.9508124512113094,0.021905139673182052
10 mcg,503.0821,0.9538325772451306,0.020527848733578293
10 mcg,503.3154,0.9538818196798652,0.02050542848270643
10 mcg,503.54870000000005,0.9554790972490845,0.019778809444841013
10 mcg,503.78200000000004,0.9507675594292271,0.021925644993111466
10 mcg,504.0153,0.947118762939435,0.02359555969226353
10 mcg,504.2486,0.945643842386665,0.024272401030065234
10 mcg,504.48190000000005,0.9463910473220052,0.023929376703289276
10 mcg,504.71520000000004,0.944626772014817,0.024739750085233277
10 mcg,504.9485,0.9461719383068001,0.024029936459964794
10 mcg,505.1818,0.9464267299864314,0.02391300240202528
10 mcg,505.41510000000005,0.9422112932358294,0.025851694663046744
10 mcg,505.64840000000004,0.9424771382281366,0.025729175723535173
10 mcg,505.8817,0.9451160553653629,0.024514859099117346
10 mcg,506.115,0.9436691311336775,0.02518025115848806
10 mcg,506.34830000000005,0.9439096166815399,0.02506958923553503
10 mcg,506.58160000000004,0.9406001709204087,0.026594946672457282
10 mcg,506.8149,0.9404626167269456,0.026658462922613778
10 mcg,507.0482,0.9447645730438933,0.024676400343750626
10 mcg,507.28150000000005,0.9429478625635551,0.025512319592390628
10 mcg,507.51480000000004,0.940171290601795,0.026793014712950154
10 mcg,507.7481,0.9407629325791661,0.026519802761844152
10 mcg,507.9814,0.940540546719432,0.026622477267311703
10 mcg,508.21470000000005,0.9386963271894987,0.027474881382524255
10 mcg,508.44800000000004,0.9348896176958592,0.029239663197555804
10 mcg,508.6813,0.9361867526036477,0.02863750859614417
10 mcg,508.9146,0.9371831710571951,0.02817551860539618
10 mcg,509.14790000000005,0.9333099592098627,0.029974099855968814
10 mcg,509.38120000000004,0.9344192999402051,0.029458200014456003
10 mcg,509.6145,0.9356644955654102,0.028879849814175147
10 mcg,509.8478,0.9300222610505281,0.03150665603133396
10 mcg,510.08110000000005,0.9289363741735971,0.03201403120722542
10 mcg,510.31440000000003,0.9265373800460127,0.03313705489851852
10 mcg,510.5477,0.9287541362952678,0.03209923905509893
10 mcg,510.78100000000006,0.9293763093605797,0.03180840227366229
10 mcg,511.01430000000005,0.9312912190951426,0.030914491876501114
10 mcg,511.24760000000003,0.9279122786202982,0.03249307842754192
10 mcg,511.4809,0.9231563124160534,0.034724756317433526
10 mcg,511.71420000000006,0.922036039676623,0.03525210332078401
10 mcg,511.94750000000005,0.9282222050493056,0.032348046545047415
10 mcg,512.1808,0.9269934410869056,0.03292333868165328
10 mcg,512.4141,0.9270971909056749,0.03287473482911285
10 mcg,512.6474000000001,0.9260822625373102,0.033350433858862036
10 mcg,512.8807,0.928530127886911,0.03220400020340258
10 mcg,513.114,0.9245204732604986,0.0340834670622865
10 mcg,513.3473,0.9263185965311507,0.033239617078071305
10 mcg,513.5806,0.9258188385134493,0.03347398646182797
10 mcg,513.8139,0.9254655010971887,0.03363976595740507
10 mcg,514.0472,0.9237360226974705,0.03445211997604685
10 mcg,514.2805,0.9216617769827072,0.03542842313145338
10 mcg,514.5138000000001,0.9223235948603833,0.03511668110895163
10 mcg,514.7471,0.9224798002690898,0.0350431349008452
10 mcg,514.9804,0.9222666003398051,0.035143518946275175
10 mcg,515.2137,0.9230477429927939,0.03477583528819112
10 mcg,515.447,0.9185569265458496,0.03689392360571363
10 mcg,515.6803,0.9178009626955476,0.03725149110295809
10 mcg,515.9136,0.9213029706899346,0.03559752847672809
10 mcg,516.1469,0.9263032395386089,0.03324681709805359
10 mcg,516.3802000000001,0.9222942821877989,0.03513048378549806
10 mcg,516.6135,0.9195393151785062,0.03642969763844828
10 mcg,516.8468,0.9235506234536146,0.034539294177185306
10 mcg,517.0801,0.927129123756435,0.03285977628735529
10 mcg,517.3134,0.9214377756669392,0.03553398719142644
10 mcg,517.5467,0.9176782255912288,0.037309572989748234
10 mcg,517.78,0.9166951968829818,0.03777504417373058
10 mcg,518.0133,0.9223606550896931,0.03509923091053428
10 mcg,518.2466000000001,0.9238090631983353,0.03441778134286301
10 mcg,518.4799,0.9195988123580033,0.03640159828433609
10 mcg,518.7132,0.9213572809757549,0.03557192781873611
10 mcg,518.9465,0.9249457251887467,0.033883750442143416
10 mcg,519.1798,0.9233310639443972,0.0346425530750371
10 mcg,519.4131,0.9243506923863758,0.03416322913369692
10 mcg,519.6464,0.9228189547386846,0.03488349363309207
10 mcg,519.8797,0.9238995557563435,0.034375241714888635
10 mcg,520.113,0.9239527435841313,0.03435024060400195
10 mcg,520.3463,0.9190952355891043,0.03663948518853295
10 mcg,520.5796,0.9224865905306094,0.03503993812379455
10 mcg,520.8129,0.9291766135572623,0.03190172949044937
10 mcg,521.0462,0.9258216570210175,0.033472664323662346
10 mcg,521.2795,0.9229779565518238,0.03480867108917363
10 mcg,521.5128,0.9220763614237908,0.035233111514982984
10 mcg,521.7461,0.9254730590814092,0.0336362192261284
10 mcg,521.9794,0.9207918000304833,0.035838556903644375
10 mcg,522.2127,0.9226739694171825,0.0349517315812204
10 mcg,522.446,0.9228582963468325,0.03486497918987578
10 mcg,522.6793,0.9228252717690392,0.03488052074006576
10 mcg,522.9126,0.9185281929113652,0.0369075091045786
10 mcg,523.1459,0.9190122148231783,0.036678716258013125
10 mcg,523.3792,0.9186272624477899,0.03686067000567693
10 mcg,523.6125,0.9242156710628395,0.03422667182854931
10 mcg,523.8458,0.9246713317195053,0.03401260692083014
10 mcg,524.0791,0.9176507931592434,0.0373225556797353
10 mcg,524.3124,0.9223385594112281,0.03510963480853162
10 mcg,524.5457,0.9222798372548867,0.035137285740040526
10 mcg,524.779,0.9176732091277844,0.03731194705539188
10 mcg,525.0123,0.9196499813681268,0.036377433615779435
10 mcg,525.2456,0.9195286669745911,0.0364347267686897
10 mcg,525.4789,0.9220651737889048,0.035238380880705515
10 mcg,525.7122,0.9263444476981155,0.03322749720640949
10 mcg,525.9455,0.9274194443783557,0.03272380287875414
10 mcg,526.1788,0.918757944339175,0.03679889262312341
10 mcg,526.4121,0.915258781463259,0.03845609558192341
10 mcg,526.6454,0.9183248208698763,0.03700367723026996
10 mcg,526.8787,0.9247400044073799,0.03398035431284347
10 mcg,527.112,0.9229628568168369,0.03481577611825764
10 mcg,527.3453,0.9222332005312084,0.0351592471697913
10 mcg,527.5786,0.9221422491754443,0.03520207974161746
10 mcg,527.8119,0.9210929912646908,0.0356965222956189
10 mcg,528.0452,0.9212809625477449,0.035607903054013776
10 mcg,528.2785,0.9246804326450344,0.03400833246984285
10 mcg,528.5118,0.9231372296842889,0.034733733790317765
10 mcg,528.7451,0.9245416253383545,0.034073530964736316
10 mcg,528.9784,0.9246163949604487,0.03403841007841861
10 mcg,529.2117,0.9265271891940072,0.03314183166762348
10 mcg,529.445,0.9281267956849354,0.032392688754554345
10 mcg,529.6783,0.924887384645353,0.03391114423884954
10 mcg,529.9116,0.9295355787489205,0.0317339825907239
10 mcg,530.1449,0.9298131913150348,0.031604296747586226
10 mcg,530.3782,0.9208592684203531,0.035806736381354974
10 mcg,530.6115,0.9174835459494597,0.03740171559623399
10 mcg,530.8448,0.923473101633042,0.034575749906978356
10 mcg,531.0781000000001,0.9302569272851984,0.03139708726124191
10 mcg,531.3114,0.9267797691214352,0.033023455087954935
10 mcg,531.5447,0.9243705675951189,0.034153891118636454
10 mcg,531.778,0.9264640226925932,0.03317144094244345
10 mcg,532.0113,0.9232498229778838,0.03468076694775061
10 mcg,532.2446,0.9256715641083141,0.033543077245685254
10 mcg,532.4779,0.9307187465149995,0.03118153844985197
10 mcg,532.7112,0.9251126276076344,0.03380539096810166
10 mcg,532.9445000000001,0.919450544290406,0.036471625772730276
10 mcg,533.1778,0.9256346160813068,0.03356041238389233
10 mcg,533.4111,0.9302454113439942,0.031402463561626084
10 mcg,533.6444,0.9228332482231504,0.03487676692540486
10 mcg,533.8777,0.9171115388995837,0.03757784232036922
10 mcg,534.111,0.922197407932923,0.03517610280844631
10 mcg,534.3443,0.9282428850859887,0.03233837092457373
10 mcg,534.5776,0.9225801376597837,0.03499589960593243
10 mcg,534.8109000000001,0.9148374817555934,0.03865605024570369
10 mcg,535.0442,0.9188657563497414,0.03674793315703896
10 mcg,535.2775,0.9238933691375545,0.034378149848549644
10 mcg,535.5108,0.9197578080611925,0.036326516643346206
10 mcg,535.7441,0.9220479636724848,0.03524648695450602
10 mcg,535.9774,0.9181570825901073,0.03708301131940305
10 mcg,536.2107,0.9162898836376201,0.03796710826704205
10 mcg,536.444,0.9207548676528886,0.03585597653039245
10 mcg,536.6773000000001,0.9262381720940536,0.03327732484482364
10 mcg,536.9106,0.9240901632265306,0.03428565271776922
10 mcg,537.1439,0.9151193232158679,0.038522274200712865
10 mcg,537.3772,0.914622760318278,0.03875799543549901
10 mcg,537.6105,0.9202708511847575,0.03608433367277444
10 mcg,537.8438,0.9240223804502236,0.03431750974490985
10 mcg,538.0771,0.9212950129448992,0.03560127970709735
10 mcg,538.3104,0.912120949900343,0.03994756913706953
10 mcg,538.5437000000001,0.9144520724749914,0.0388390514834567
10 mcg,538.777,0.9223099721213294,0.035123095695030436
10 mcg,539.0103,0.9268323637662296,0.032998809625603115
10 mcg,539.2436,0.9305778545993451,0.03124728679065241
10 mcg,539.4769,0.92706788997357,0.0328884609350136
10 mcg,539.7102,0.9188777751246247,0.03674225261726647
10 mcg,539.9435,0.9200526424747879,0.036187322999828755
10 mcg,540.1768,0.9193950694012845,0.03649782964548347
10 mcg,540.4101,0.922774140338654,0.03490458457312519
10 mcg,540.6434,0.9316166171141455,0.030762773618876527
10 mcg,540.8767,0.928132583925011,0.03238998029607879
10 mcg,541.11,0.9206168418344299,0.03592108435313156
10 mcg,541.3433,0.919043342643066,0.036664006538976314
10 mcg,541.5766,0.9201869596963932,0.03612392557244754
10 mcg,541.8099,0.9225148821658646,0.03502661900046794
10 mcg,542.0432,0.922634698259545,0.03497021656138792
10 mcg,542.2765,0.9214561724628839,0.035525316451613255
10 mcg,542.5098,0.9211076900587467,0.035689591883298497
10 mcg,542.7431,0.9181040805085648,0.037108082384469665
10 mcg,542.9764,0.9144414061313159,0.03884411720680757
10 mcg,543.2097,0.9181219830577388,0.037099613951880904
10 mcg,543.443,0.9201906393850897,0.036122188897868564
10 mcg,543.6763,0.9192006421434306,0.03658968092633012
10 mcg,543.9096,0.9197834660844737,0.03631440151651004
10 mcg,544.1429,0.9223912706531511,0.03508481577960439
10 mcg,544.3762,0.921179053519764,0.03565594591862674
10 mcg,544.6095,0.9188398252300828,0.0367601894643506
10 mcg,544.8428,0.9241946266791629,0.0342365608231274
10 mcg,545.0761,0.928239583038447,0.03233991584735214
10 mcg,545.3094,0.9252087713839414,0.033760258580204254
10 mcg,545.5427,0.9236578716499854,0.034488864244610076
10 mcg,545.776,0.9270443117486417,0.03289950653729216
10 mcg,546.0093,0.9292979256387486,0.03184503227287512
10 mcg,546.2426,0.9257848667945745,0.03348992262571383
10 mcg,546.4759,0.9213315816697288,0.03558404171058494
10 mcg,546.7092,0.9172027785960678,0.0375346382779995
10 mcg,546.9425,0.9165090371104107,0.03786324838006914
10 mcg,547.1758,0.925181563033477,0.03377303041136816
10 mcg,547.4091,0.928947325845896,0.03200891113340482
10 mcg,547.6424,0.9228712296983759,0.03485889283417886
10 mcg,547.8757,0.9157598228043143,0.038218414222979474
10 mcg,548.109,0.9142302995243605,0.0389443893711526
10 mcg,548.3423,0.9261908255325254,0.03329952526431566
10 mcg,548.5756,0.9221335700281889,0.035206167314334555
10 mcg,548.8089,0.9231062645405275,0.03474830173989783
10 mcg,549.0422,0.9245526568528152,0.034068349048483035
10 mcg,549.2755,0.9244919069620814,0.03409688631886333
10 mcg,549.5088,0.9216383180939273,0.03543947729021623
10 mcg,549.7421,0.9271583892484414,0.03284606768866119
10 mcg,549.9754,0.9319631511859714,0.0306012588401908
10 mcg,550.2087,0.9398524865591398,0.026940305230807145
10 mcg,550.442,0.9440595431197621,0.025000613294259556
10 mcg,550.6753,0.9377924396961351,0.02789327278237425
10 mcg,550.9086,0.9304746997381174,0.03129543114525879
10 mcg,551.1419,0.9379825628548256,0.027805235103151787
10 mcg,551.3752000000001,0.9390215622457283,0.027324435149414107
10 mcg,551.6085,0.9350072735884164,0.02918501066007463
10 mcg,551.8418,0.9400100211671591,0.026867516491364166
10 mcg,552.0751,0.9355279080834862,0.02894325236934408
10 mcg,552.3084,0.938098653850752,0.02775148723920552
10 mcg,552.5417,0.9428381292366106,0.025562862526354403
10 mcg,552.775,0.9392706294426703,0.027209257638303057
10 mcg,553.0083,0.9341179650902174,0.029598275426532084
10 mcg,553.2416000000001,0.934829831219723,0.029267437350199207
10 mcg,553.4749,0.9398384424192212,0.02694679490671694
10 mcg,553.7082,0.9423234140811084,0.025800017753855955
10 mcg,553.9415,0.9376454859203833,0.02796133284787974
10 mcg,554.1748,0.9399234848721337,0.02690749900704326
10 mcg,554.4081,0.9446509663479831,0.02472862682349727
10 mcg,554.6414,0.9407328553388231,0.0265336878628333
10 mcg,554.8747,0.9378672526740056,0.02785862805058916
10 mcg,555.1080000000001,0.9434668876835544,0.025273337416023275
10 mcg,555.3413,0.9507402346577407,0.021938126664250043
10 mcg,555.5746,0.9474810688147264,0.02342945871232992
10 mcg,555.8079,0.9442751659690518,0.02490143192183121
10 mcg,556.0412,0.9499327956989247,0.022307118384321506
10 mcg,556.2745,0.9475021984891348,0.0234197736653338
10 mcg,556.5078,0.9451987625185639,0.02447685563013723
10 mcg,556.7411,0.9458228662080563,0.024190190692829718
10 mcg,556.9744000000001,0.9345989702937073,0.029374701800906487
10 mcg,557.2077,0.9340718041285798,0.029619737326444965
10 mcg,557.441,0.9510762749018894,0.021784651894716376
10 mcg,557.6743,0.9464033715398615,0.023923721213442595
10 mcg,557.9076,0.9472843042260719,0.02351965856146126
10 mcg,558.1409,0.9540589515670738,0.020424789290374966
10 mcg,558.3742,0.9519679274259795,0.021377683103502135
10 mcg,558.6075,0.9488446235007889,0.0228048989329736
10 mcg,558.8408000000001,0.9519805355925184,0.021371931207102412
10 mcg,559.0741,0.9575512783229035,0.018837959608557032
10 mcg,559.3074,0.9557707820213601,0.019646250024524567
10 mcg,559.5407,0.9410856818077517,0.026370834126093156
10 mcg,559.774,0.9555880665519221,0.019729282387009772
10 mcg,560.0073,0.9661982358554577,0.014933759810521028
10 mcg,560.2406,0.9540090608757411,0.02044750048495268
10 mcg,560.4739,0.9396105869465353,0.02705209850729094
10 mcg,560.7072000000001,0.9455761645879971,0.024303483711522682
10 mcg,560.9405,0.9592895199137152,0.018050300102636835
10 mcg,561.1738,0.9620231668060729,0.016814469443584088
10 mcg,561.4071,0.9563743750877308,0.019372068803740174
10 mcg,561.6404,0.9512790780903301,0.02169205478256559
10 mcg,561.8737,0.9504520265169809,0.02206979899291084
10 mcg,562.107,0.9561738992726002,0.019463115436917866
10 mcg,562.3403,0.9601950825057487,0.01764052253482515
10 mcg,562.5736,0.9546227467180166,0.020168221492486406
10 mcg,562.8069,0.9500230249419022,0.022265868938481613
10 mcg,563.0402,0.950151909489791,0.022206954522737785
10 mcg,563.2735,0.9641466830226775,0.015856888523277653
10 mcg,563.5068,0.9670060553319554,0.014570806383368043
10 mcg,563.7401,0.9650214600033988,0.015463028772861301
10 mcg,563.9734,0.9593457390067558,0.018024849051658194
10 mcg,564.2067,0.956084423475588,0.019503757273297822
10 mcg,564.44,0.960055404441673,0.017703703263579354
10 mcg,564.6733,0.971102873769381,0.012734760675068813
10 mcg,564.9066,0.9799783798786792,0.008783505535017118
10 mcg,565.1399,0.9628834641717748,0.016426271473268025
10 mcg,565.3732,0.9655986497162969,0.015203350223436347
10 mcg,565.6065,0.9664424184364337,0.014824016545187587
10 mcg,565.8398,0.9698033505895888,0.013316319766735071
10 mcg,566.0731,0.9717840172786177,0.012430247961613163
10 mcg,566.3064,0.9682923507549611,0.013993498940947863
10 mcg,566.5397,0.9690667899336723,0.013646289512675389
10 mcg,566.773,0.9766526339332416,0.0102598743476089
10 mcg,567.0063,0.9670774804845607,0.014538729640988273
10 mcg,567.2396,0.9696970346322668,0.013363932475658747
10 mcg,567.4729,0.9694176556541574,0.01348907489245337
10 mcg,567.7062,0.961380079085403,0.017104881201462148
10 mcg,567.9395,0.9578491228070175,0.01870289414978163
10 mcg,568.1728,0.9631336989949589,0.016313421384931647
10 mcg,568.4061,0.976766866066683,0.010209080971924725
10 mcg,568.6394,0.9873884277897099,0.005511967025869088
10 mcg,568.8727,0.9653327301864494,0.015322968544807265
10 mcg,569.106,0.962319991363068,0.016680492021031928
10 mcg,569.3393,0.9664839857899378,0.014805337642341177
10 mcg,569.5726,0.9778426630903476,0.009731018472757008
10 mcg,569.8059,0.9863895290997985,0.005951546589042602
10 mcg,570.0392,0.9777870940018656,0.00975569936995763
10 mcg,570.2725,0.9725325169503252,0.01209586897808381
10 mcg,570.5058,0.9775763302631625,0.009849322404860151
10 mcg,570.7391,0.9795325815704182,0.008981113767345299
10 mcg,570.9724,0.9819363330335702,0.007916670164756393
10 mcg,571.2057,0.9845363873985418,0.0067682281755675425
10 mcg,571.439,0.9822410256410257,0.007781930479898874
10 mcg,571.6723000000001,0.9798169468500595,0.008855053285671328
10 mcg,571.9056,0.9797798203566519,0.008871509560238721
10 mcg,572.1389,0.9881834520176331,0.005162423020576868
10 mcg,572.3722,0.9938533532871138,0.0026776926214526443
10 mcg,572.6055,0.9853885039001038,0.006392508756737871
10 mcg,572.8388,0.9870767157377848,0.00564909259191139
10 mcg,573.0721,0.9829051875756886,0.007488372807338226
10 mcg,573.3054,0.9919125520523498,0.0035266139699789163
10 mcg,573.5387000000001,1.0115768342868614,-0.004998875183455476
10 mcg,573.772,1.0018249663017391,-0.0007918504638697172
10 mcg,574.0053,0.9919053106972571,0.003529784503541863
10 mcg,574.2386,1.0072579964279913,-0.0031407238546735878
10 mcg,574.4719,1.0174599156118143,-0.00751730853950742
10 mcg,574.7052,1.0199539140803764,-0.008580548906272413
10 mcg,574.9385,1.0186959529023272,-0.008044580787114026
10 mcg,575.1718,1.0213199510496809,-0.00916181574806299
10 mcg,575.4051000000001,1.030028489489177,-0.012849236993357242
10 mcg,575.6384,1.0274384339221383,-0.011755807571014765
10 mcg,575.8717,1.026886378541145,-0.01152239305935907
10 mcg,576.105,1.0256504943483506,-0.010999393685114376
10 mcg,576.3383,1.0345679910074503,-0.014759037436795346
10 mcg,576.5716,1.0298649217190479,-0.0127802658711166
10 mcg,576.8049,1.0308942945233217,-0.013214136031565573
10 mcg,577.0382,1.0285568002800627,-0.012228279858709739
10 mcg,577.2715000000001,1.0408664038545772,-0.017394990997504876
10 mcg,577.5048,1.0491074525164739,-0.02081997212592848
10 mcg,577.7381,1.0417377384958302,-0.01775839740871131
10 mcg,577.9714,1.0379631992288283,-0.016181955964103635
10 mcg,578.2047,1.0261145398943563,-0.011195841543475225
10 mcg,578.438,1.0297221968255024,-0.012720074550984376
10 mcg,578.6713,1.0286369514376117,-0.012262121304543646
10 mcg,578.9046,1.0144120734270734,-0.0062144094962065435
10 mcg,579.1379000000001,1.0009310764992583,-0.00040417325693176863
10 mcg,579.3712,1.0033446239843042,-0.0014501280235074284
10 mcg,579.6045,1.0064683323157595,-0.0028001147270250914
10 mcg,579.8378,1.0019226283608649,-0.0008341852305001954
10 mcg,580.0711,0.990248264009847,0.004255910278483868
10 mcg,580.3044,0.9873982020501857,0.005507667921018766
10 mcg,580.5377,0.986527278717161,0.005890901458376188
10 mcg,580.771,0.9853108379774537,0.006426740139414644
10 mcg,581.0043000000001,0.9776006745192793,0.00983850744941389
10 mcg,581.2376,0.9714141489679929,0.012595575174313612
10 mcg,581.4709,0.9710271729806739,0.012768616734175552
10 mcg,581.7042,0.9710031033020028,0.012779382095309447
10 mcg,581.9375,0.9696545333234488,0.013382967790556019
10 mcg,582.1708,0.9618371490069464,0.016898453195714296
10 mcg,582.4041,0.961284365172884,0.017148121221016128
10 mcg,582.6374,0.9606804280787324,0.017421057080153967
10 mcg,582.8707,0.9616868442881155,0.016966324987646903
10 mcg,583.104,0.9606360454879475,0.017441121566706914
10 mcg,583.3373,0.9615303129469372,0.01703701975824312
10 mcg,583.5706,0.9621912312958292,0.016738605256347332
10 mcg,583.8039,0.9610589823663952,0.017249957877561103
10 mcg,584.0372,0.9593617989211672,0.018017578811591876
10 mcg,584.2705000000001,0.9536245701819153,0.020622567841927605
10 mcg,584.5038000000001,0.9504366090309442,0.022076843833924147
10 mcg,584.7371,0.9566577967767155,0.019243384635968606
10 mcg,584.9704,0.9603216586527518,0.017583276147865316
10 mcg,585.2037,0.9601660445975692,0.01765365652625141
10 mcg,585.437,0.9602193419740778,0.01762955016022154
10 mcg,585.6703,0.955593430651729,0.019726844524410196
10 mcg,585.9036,0.9561591336227275,0.01946982205145753
10 mcg,586.1369000000001,0.956703266427735,0.019222743243274564
10 mcg,586.3702000000001,0.9567041950622033,0.019222321690799817
10 mcg,586.6035,0.9559813591422932,0.019550576029933923
10 mcg,586.8368,0.9573273929412769,0.018939514017952717
10 mcg,587.0701,0.9571449583769255,0.01902228389947282
10 mcg,587.3034,0.9563687083253277,0.019374642117075635
10 mcg,587.5367,0.9555915041277651,0.019727720084604876
10 mcg,587.77,0.9531633663483331,0.020832657574536135
10 mcg,588.0033000000001,0.9508451637394223,0.021890198108161896
10 mcg,588.2366000000001,0.9512467512233813,0.021706813457289587
10 mcg,588.4699,0.957352315333243,0.01892820804624312
10 mcg,588.7032,0.9588422078185036,0.01825285676269507
10 mcg,588.9365,0.9579712319306518,0.01864753267653588
10 mcg,589.1698,0.958808980349225,0.01826790695184916
10 mcg,589.4031,0.9624893686855981,0.01660405885497296
10 mcg,589.6364,0.9581958195819581,0.01854572821430429
10 mcg,589.8697000000001,0.953078642504056,0.020871262429437567
10 mcg,590.1030000000001,0.9582640766209897,0.01851479236693933
10 mcg,590.3363,0.963852571645839,0.01598938955895742
10 mcg,590.5696,0.9600908482287475,0.017687670067019958
10 mcg,590.8029,0.9494737092213748,0.02251705630680664
10 mcg,591.0362,0.9520715240003818,0.02133042418707823
10 mcg,591.2695,0.955258263224755,0.019879196866570217
10 mcg,591.5028000000001,0.9531738216909957,0.020827893781799646
10 mcg,591.7361000000001,0.9475084785000513,0.02341689518647301
10 mcg,591.9694000000001,0.9496115501796627,0.022454011672687665
10 mcg,592.2027,0.9486258906708301,0.022905026403491294
10 mcg,592.436,0.9456483070831269,0.02427035058742229
10 mcg,592.6693,0.9454520601164053,0.024360487500852856
10 mcg,592.9026,0.952589510274528,0.021094205162211156
10 mcg,593.1359,0.9491471789631841,0.02266643872600081
10 mcg,593.3692000000001,0.9417741780657547,0.0260532213867055
10 mcg,593.6025000000001,0.941802894495843,0.026039979149570697
10 mcg,593.8358000000001,0.9508652024965293,0.02188104558757769
10 mcg,594.0691,0.9515641555898193,0.02156192573811478
10 mcg,594.3024,0.9452193641961408,0.024467389793173956
10 mcg,594.5357,0.9415781703430395,0.026143618781292767
10 mcg,594.769,0.9460717232717263,0.024075937762715303
10 mcg,595.0023,0.9466522283113711,0.023809538488664822
10 mcg,595.2356000000001,0.9458044627200202,0.024198641124032423
10 mcg,595.4689000000001,0.9419039070158922,0.025993401646036318
10 mcg,595.7022000000001,0.9455799549549551,0.024301742834143786
10 mcg,595.9355,0.9521503863339011,0.021294452038967557
10 mcg,596.1688,0.9543048750309331,0.020312857590111876
10 mcg,596.4021,0.9542261373773416,0.020348691777002065
10 mcg,596.6354,0.9522162823953939,0.021264396591803084
10 mcg,596.8687,0.9434986435266829,0.025258719886225193
10 mcg,597.1020000000001,0.9484714904143474,0.022975718799370933
10 mcg,597.3353000000001,0.95274916654227,0.021021422473141125
10 mcg,597.5686000000001,0.9483016995409999,0.023053471099919925
10 mcg,597.8019,0.9459853272857955,0.02411559967456234
10 mcg,598.0352,0.9555221404387236,0.019759245438938478
10 mcg,598.2685,0.9581588419464449,0.018562488351017623
10 mcg,598.5018,0.9541993869581509,0.020360866796981375
10 mcg,598.7351,0.9446504612316132,0.02472885904610499
10 mcg,598.9684000000001,0.9491020817657387,0.02268707401811834
10 mcg,599.2017000000001,0.9502450703021067,0.02216437475947677
10 mcg,599.4350000000001,0.950523232216281,0.02203726385900157
10 mcg,599.6683,0.9450345602146727,0.02455230891288016
10 mcg,599.9016,0.9460214240705735,0.024099028238509908
10 mcg,600.1349,0.9463710543539514,0.023938551480928005
10 mcg,600.3682,0.9495149253731344,0.022498204222121947
10 mcg,600.6015,0.9471229487208739,0.023593640336597162
10 mcg,600.8348000000001,0.9495745239023075,0.022470945566803978
10 mcg,601.0681000000001,0.9512093485802522,0.02172389007895076
10 mcg,601.3014000000001,0.9501237883321823,0.022219808303469812
10 mcg,601.5347,0.9465898969172148,0.023838135127394168
10 mcg,601.768,0.9491738439454527,0.022654237992278437
10 mcg,602.0013,0.950835776371959,0.021894485769465042
10 mcg,602.2346,0.9529614997288712,0.02092464478985528
10 mcg,602.4679,0.9502463892563454,0.02216377195271868
10 mcg,602.7012000000001,0.946989472491184,0.02365484894223886
10 mcg,602.9345000000001,0.9463343902250405,0.023955377161772734
10 mcg,603.1678,0.9528712150747237,0.020965792291229954
10 mcg,603.4011,0.9545408549148475,0.02020547881105338
10 mcg,603.6344,0.9517810253204128,0.02146295753346036
10 mcg,603.8677,0.9488483627780857,0.022803187436426953
10 mcg,604.101,0.9532215415226726,0.020806151744466955
10 mcg,604.3343,0.9512965449021409,0.021684080602833215
10 mcg,604.5676000000001,0.9479354463127282,0.023221236780856424
10 mcg,604.8009000000001,0.9509555275854834,0.021839792816357766
10 mcg,605.0342,0.9523072472914695,0.021222910569890733
10 mcg,605.2675,0.9466952634597405,0.023789795755173808
10 mcg,605.5008,0.9481681473365023,0.023114638416290034
10 mcg,605.7341,0.9514237643584805,0.02162600511197682
10 mcg,605.9674,0.9511347444610988,0.021757953482528163
10 mcg,606.2007,0.9502284807616025,0.022171956812796524
10 mcg,606.4340000000001,0.9495580798051209,0.02247846645360699
10 mcg,606.6673000000001,0.9436026124367376,0.0252108654069499
10 mcg,606.9006,0.9470375047321035,0.023632821655996287
10 mcg,607.1339,0.9563507678635004,0.019382789096987364
10 mcg,607.3672,0.9557342183436056,0.01966286458057938
10 mcg,607.6005,0.9528397102123665,0.02098015164415654
10 mcg,607.8338,0.9568674413791064,0.01914822258372286
10 mcg,608.0671,0.955369922630561,0.019828435484310368
10 mcg,608.3004000000001,0.9525475519785379,0.02111333476373174
10 mcg,608.5337000000001,0.9477888169870177,0.02328841987114132
10 mcg,608.767,0.9489055202295876,0.022777026862058795
10 mcg,609.0003,0.9531411396840801,0.020842784936252048
10 mcg,609.2336,0.9498937229262517,0.022324982214940337
10 mcg,609.4669,0.9474180864302052,0.02345832874690566
10 mcg,609.7002,0.9524711752592943,0.021148158555494942
10 mcg,609.9335000000001,0.947099757359337,0.023604274651465678
10 mcg,610.1668000000001,0.9513695216425591,0.021650765880671805
10 mcg,610.4001000000001,0.9508328115555483,0.02189583995222349
10 mcg,610.6334,0.9470903931901093,0.023608568631161488
10 mcg,610.8667,0.9445101672560142,0.0247933627189427
10 mcg,611.1,0.9460065599658211,0.024105852026241416
10 mcg,611.3333,0.9474970915333111,0.02342211448176073
10 mcg,611.5666,0.9540065166151839,0.020448658712729818
10 mcg,611.7999000000001,0.9490956198803223,0.022690030887338678
10 mcg,612.0332000000001,0.9486677058425077,0.02288588324256384
10 mcg,612.2665000000001,0.9475661146794857,0.023390478205543425
10 mcg,612.4998,0.9483801460633449,0.023017546369710352
10 mcg,612.7331,0.9473515873599169,0.023488812852376913
10 mcg,612.9664,0.9495189800137084,0.02249634969175008
10 mcg,613.1997,0.9515454488195876,0.021570463603792424
10 mcg,613.433,0.9539127284106163,0.020491356221914583
10 mcg,613.6663000000001,0.9485685825009552,0.02293126369471702
10 mcg,613.8996000000001,0.9492644847291719,0.022612767282758954
10 mcg,614.1329000000001,0.9505504411200615,0.022024832276851914
10 mcg,614.3662,0.9559513377972501,0.01956421469463535
10 mcg,614.5995,0.9586617143520398,0.01833461650861265
10 mcg,614.8328,0.9593679158328282,0.018014809749373025
10 mcg,615.0661,0.9563355620548427,0.01938969435760406
10 mcg,615.2994,0.9543215389237567,0.020305274087497015
10 mcg,615.5327000000001,0.947613726617917,0.023368656949652886
10 mcg,615.7660000000001,0.9562752733885228,0.019417073722634837
10 mcg,615.9993000000001,0.9578218607529254,0.01871525510295151
10 mcg,616.2326,0.9516416074319871,0.021526578106934983
10 mcg,616.4659,0.9503485112821741,0.022117101268367897
10 mcg,616.6992,0.9574998123483147,0.018861302472759415
10 mcg,616.9325,0.9608220119513565,0.01735705602198466
10 mcg,617.1658,0.9589936706918724,0.01818425914077018
10 mcg,617.3991000000001,0.9452410614348455,0.02445742080264165
10 mcg,617.6324000000001,0.9603387669152746,0.01757553920081322
10 mcg,617.8657000000001,0.9588925298000665,0.018230064706538922
10 mcg,618.099,0.9524855760825223,0.021141592319218444
10 mcg,618.3323,0.9531683470821876,0.02083038818436276
10 mcg,618.5656,0.954564153091244,0.020194878797533473
10 mcg,618.7989,0.9535782385640839,0.020643668446303307
10 mcg,619.0322,0.9618815287948116,0.016878415029839295
10 mcg,619.2655000000001,0.9555064444388637,0.01976637948829936
10 mcg,619.4988000000001,0.9512274909046439,0.021715606901071827
10 mcg,619.7321000000001,0.9507141269311994,0.021950052737051678
10 mcg,619.9654,0.9555103797284421,0.019764590833665878
10 mcg,620.1987,0.9545340293080191,0.020208584318758424
10 mcg,620.432,0.9505672095294541,0.02201717107012208
10 mcg,620.6653,0.9507928680874773,0.021914084581499984
10 mcg,620.8986,0.9576031394477335,0.018814438789415307
10 mcg,621.1319000000001,0.9582898826621292,0.01850309697875256
10 mcg,621.3652000000001,0.9579925942769875,0.01863784820441009
10 mcg,621.5985000000001,0.952094130517902,0.02132011217899083
10 mcg,621.8318,0.9540643684721511,0.020422323483307466
10 mcg,622.0651,0.9614300339275592,0.0170823151538313
10 mcg,622.2984,0.9579929693229813,0.01863767818182885
10 mcg,622.5317,0.9555417227456259,0.019750345173495013
10 mcg,622.765,0.9638866486123963,0.01597403536749644
10 mcg,622.9983000000001,0.9606368362997256,0.017440764048319245
10 mcg,623.2316000000001,0.9567276702043662,0.019211665314799356
10 mcg,623.4649000000001,0.9540397926299566,0.02043351066362117
10 mcg,623.6982,0.9613566646894331,0.01711545856521227
10 mcg,623.9315,0.9654091155431843,0.015288604821848783
10 mcg,624.1648,0.9561330105359055,0.01948168751091931
10 mcg,624.3981,0.9497532002906816,0.022389234371039537
10 mcg,624.6314,0.9562221490320602,0.019441200934103835
10 mcg,624.8647000000001,0.9634724693449568,0.01616069053877267
10 mcg,625.0980000000001,0.9634658240856662,0.01616368596363976
10 mcg,625.3313,0.9591383631272762,0.018118737971966073
10 mcg,625.5646,0.9576265734384126,0.01880381107956623
10 mcg,625.7979,0.9567969968496253,0.0191801964970554
10 mcg,626.0312,0.9537446928159709,0.020567865694626562
10 mcg,626.2645,0.955711068075018,0.019673384404478172
10 mcg,626.4978,0.963449516873193,0.01617103670940626
10 mcg,626.7311000000001,0.9565669318916841,0.019284636578415584
10 mcg,626.9644000000001,0.9578618969563654,0.018697102313209583
10 mcg,627.1977,0.9584938649437501,0.01841066257684462
10 mcg,627.431,0.95451231221055,0.02021846528957519
10 mcg,627.6643,0.9522605752961083,0.021244195598240437
10 mcg,627.8976,0.9543649378943496,0.020285524449532952
10 mcg,628.1309,0.9565596235171159,0.01928795469319235
10 mcg,628.3642,0.9555797972222458,0.019733040637988686
10 mcg,628.5975000000001,0.9475630181018442,0.023391897450870024
10 mcg,628.8308000000001,0.9503686401087232,0.022107902805260014
10 mcg,629.0641,0.9500791742087535,0.02224020156461671
10 mcg,629.2974,0.9474346254194121,0.023450747374797843
10 mcg,629.5307,0.9444716066091466,0.024811093621789126
10 mcg,629.764,0.9476522871376811,0.0233509848964069
10 mcg,629.9973,0.9491833489507908,0.022649888998965383
10 mcg,630.2306000000001,0.9479572547683923,0.02321124540112404
10 mcg,630.4639000000001,0.9416419127250776,0.026114219174691304
10 mcg,630.6972000000001,0.9468110894439099,0.023736664076189604
10 mcg,630.9305,0.94839464026628,0.023010909047873535
10 mcg,631.1638,0.9472517412935323,0.023534587706727592
10 mcg,631.3971,0.9458039215686275,0.02419888960999355
10 mcg,631.6304,0.9430500807387668,0.025465243412222154
10 mcg,631.8637,0.9423625017397652,0.02578200355390349
10 mcg,632.0970000000001,0.9477221064189335,0.02331898897127975
10 mcg,632.3303000000001,0.9499459391248735,0.02230110945621647
10 mcg,632.5636000000001,0.9496476871392884,0.022437485142920998
10 mcg,632.7969,0.9423908049912827,0.025768959994397864
10 mcg,633.0302,0.9375119024271003,0.02802320986627281
10 mcg,633.2635,0.9387814263724987,0.02743551142935535
10 mcg,633.4968,0.9362255823224558,0.02861949596901064
10 mcg,633.7301,0.9367397135193747,0.028381067261441812
10 mcg,633.9634000000001,0.9416031531415152,0.02613209584254455
10 mcg,634.1967000000001,0.9384534969311096,0.027587243049654587
10 mcg,634.4300000000001,0.9432839867216951,0.025357538122959874
10 mcg,634.6633,0.941723620843787,0.02607653622417322
10 mcg,634.8966,0.937430410052568,0.028060962162290957
10 mcg,635.1299,0.9346635111876076,0.029344711626314284
10 mcg,635.3632,0.9362053982504605,0.028628859017562173
10 mcg,635.5965,0.9378674176776429,0.02785855164301371
10 mcg,635.8298000000001,0.9399964053907544,0.02687380716832782
10 mcg,636.0631000000001,0.9411123608241131,0.026358522404024892
10 mcg,636.2964000000001,0.9455035692457062,0.024336827368080596
10 mcg,636.5297,0.9411837069038396,0.026325599625003335
10 mcg,636.763,0.93244257037172,0.03037790712111937
10 mcg,636.9963,0.9317912032897233,0.030681393888619214
10 mcg,637.2296,0.9395452593196421,0.027082294435897266
10 mcg,637.4629,0.941584890383109,0.026140519234173095
10 mcg,637.6962000000001,0.9370897907037257,0.028218793595849428
10 mcg,637.9295000000001,0.9367637767637769,0.028369911120751032
10 mcg,638.1628000000001,0.9430029408207751,0.02548695288277408
10 mcg,638.3961,0.9460919979499397,0.024066630765892532
10 mcg,638.6294,0.9408703164760381,0.026470232810918978
10 mcg,638.8627,0.9349664427560666,0.029203976279782416
10 mcg,639.096,0.9303601159908823,0.03134891583802382
10 mcg,639.3293,0.9367164513853845,0.02839185226577658
10 mcg,639.5626000000001,0.9459781126241871,0.02411891188203874
10 mcg,639.7959000000001,0.9487662374666701,0.022840778388341056
10 mcg,640.0292000000001,0.9438853333572698,0.02508076217964442
10 mcg,640.2625,0.9405271440046103,0.02662866601332905
10 mcg,640.4958,0.9402159498207886,0.026772385714878146
10 mcg,640.7291,0.9420055199446206,0.025946552329770892
10 mcg,640.9624,0.943426630442958,0.025291868930687272
10 mcg,641.1957,0.9461247236913325,0.02405160858715164
10 mcg,641.4290000000001,0.9468236584353537,0.023730898821160036
10 mcg,641.6623000000001,0.9420098931312454,0.025944536156435667
10 mcg,641.8956000000001,0.9461035687167805,0.0240613193485328
10 mcg,642.1289,0.947958564639102,0.023210645301040063
10 mcg,642.3622,0.94419843637392,0.024936723111225034
10 mcg,642.5955,0.9377040648044761,0.02793420138738377
10 mcg,642.8288,0.9368353083478087,0.028336749520183675
10 mcg,643.0621,0.9422066662385205,0.025853827395213688
10 mcg,643.2954000000001,0.9512084559426452,0.021724297631472725
10 mcg,643.5287000000001,0.9402839723016655,0.026740966635562528
10 mcg,643.7620000000001,0.9379259054804182,0.027831468776582113
10 mcg,643.9953,0.9380234490398819,0.02778630483912679
10 mcg,644.2286,0.942360626448173,0.02578286779627234
10 mcg,644.4619,0.94665229481051,0.023809507980937453
10 mcg,644.6952,0.9469553798370896,0.023670484298812276
10 mcg,644.9285,0.9434364998009398,0.02528732572069738
10 mcg,645.1618000000001,0.9411560943927256,0.0263383411727312
10 mcg,645.3951000000001,0.9412701560232791,0.0262857108645893
10 mcg,645.6284,0.9452063921117002,0.024473350042787185
10 mcg,645.8617,0.9413958432492463,0.02622772366050163
10 mcg,646.095,0.935070743519134,0.029155530990846015
10 mcg,646.3283,0.9380653282345444,0.027766915668025933
10 mcg,646.5616,0.9392420749279539,0.027222460709165293
10 mcg,646.7949,0.9344237792095148,0.02945611816824231
10 mcg,647.0282000000001,0.9339168996433046,0.029691765774149663
10 mcg,647.2615000000001,0.9284035639513821,0.03226320104523648
10 mcg,647.4948,0.9243971017280626,0.034141424838842076
10 mcg,647.7281,0.9240345130776737,0.034311807395408477
10 mcg,647.9614,0.9266879127804796,0.03306650164595759
10 mcg,648.1947,0.9295478443743428,0.031728251924340846
10 mcg,648.428,0.9235823835654989,0.034524359420148386
10 mcg,648.6613,0.9185712881022615,0.036887133502930804
10 mcg,648.8946000000001,0.914207520932572,0.03895521021133555
10 mcg,649.1279000000001,0.9119984147428911,0.040005916571817526
10 mcg,649.3612,0.9086370858335076,0.04160954152077686
10 mcg,649.5945,0.9012430751255521,0.04515805924484704
10 mcg,649.8278,0.8932916886679352,0.049006706739332224
10 mcg,650.0611,0.8923366455886782,0.04947127147645506
10 mcg,650.2944,0.8871399890735657,0.05200784388288807
10 mcg,650.5277000000001,0.8848798223534129,0.05311570787030324
10 mcg,650.7610000000001,0.8866962185202965,0.052225143660299
10 mcg,650.9943000000001,0.893499694164239,0.04890559181284854
10 mcg,651.2276,0.898608662188637,0.046429399316781
10 mcg,651.4609,0.89511479444275,0.04812126480018942
10 mcg,651.6942,0.8929758475515179,0.04916028737903635
10 mcg,651.9275,0.9037156733271059,0.04396818559533414
10 mcg,652.1608,0.9051345007733659,0.04328688090147156
10 mcg,652.3941000000001,0.9056346116799517,0.04304698790672293
10 mcg,652.6274000000001,0.9147719831748111,0.03868714504791547
10 mcg,652.8607000000001,0.9091482053733202,0.04136531421554209
10 mcg,653.094,0.9081807669352432,0.04182769964088734
10 mcg,653.3273,0.9047915519443788,0.04345146307936014
10 mcg,653.5606,0.902869320430059,0.04437510408639998
10 mcg,653.7939,0.9022305735869112,0.04468246019650783
10 mcg,654.0272,0.8911995765755548,0.05002502851117187
10 mcg,654.2605000000001,0.8884187497622039,0.0513822843960368
10 mcg,654.4938000000001,0.9010694541773729,0.04524173243553327
10 mcg,654.7271000000001,0.9032697066101095,0.0441825546659275
10 mcg,654.9604,0.9021750372045838,0.044709193813664644
10 mcg,655.1937,0.8963187616001264,0.04753751289959421
10 mcg,655.427,0.8961499602227525,0.0476193101505647
10 mcg,655.6603,0.905094948366386,0.043305859039417804
10 mcg,655.8936,0.8948363507363108,0.04825638196975947
10 mcg,656.1269000000001,0.8777910638128263,0.05660884472200165
10 mcg,656.3602000000001,0.8699235547061633,0.060518909712378485
10 mcg,656.5935000000001,0.8725871505032592,0.05919118661234081
10 mcg,656.8268,0.8889403508771931,0.05112737981044559
10 mcg,657.0601,0.9065897991251541,0.042589171896104526
10 mcg,657.2934,0.8992977797071106,0.04609647882288017
10 mcg,657.5267,0.8873885571949299,0.05188617577625933
10 mcg,657.76,0.8892511190939094,0.050975579596212114
10 mcg,657.9933000000001,0.8946559463110648,0.04834394719347122
10 mcg,658.2266000000001,0.8881683105632912,0.051504726313226716
10 mcg,658.4599000000001,0.8948188598827916,0.04826487095816611
10 mcg,658.6932,0.9112695152013147,0.040353157984265677
10 mcg,658.9265,0.9098687301367969,0.04102126030476242
10 mcg,659.1598,0.8946132944772064,0.048364652245197384
10 mcg,659.3931,0.8903832038445026,0.050423041110961124
10 mcg,659.6264,0.8861875786141629,0.05247434161780473
10 mcg,659.8597000000001,0.8862947822870282,0.05242180742660604
10 mcg,660.0930000000001,0.8902477220956719,0.050489128894984366
10 mcg,660.3263000000001,0.8729046208809288,0.05903320748351267
10 mcg,660.5596,0.8788320398581967,0.056094118251338664
10 mcg,660.7929,0.8995081397657337,0.04599490231359657
10 mcg,661.0262,0.8868407517309594,0.05215435858275673
10 mcg,661.2595,0.8532871656804449,0.06890478655543103
10 mcg,661.4928,0.8553533943210632,0.06785441685756004
10 mcg,661.7261000000001,0.8882332927076986,0.051472952657203204
10 mcg,661.9594000000001,0.8938728979676055,0.04872423023720808
10 mcg,662.1927000000001,0.8635695997505043,0.06370265454182307
10 mcg,662.426,0.8690472545417433,0.06095660809821465
10 mcg,662.6593,0.87873018348147,0.056144455772049046
10 mcg,662.8926,0.8828952772073922,0.054090806307076765
10 mcg,663.1259,0.8865068712048579,0.05231789388732848
10 mcg,663.3592,0.8810635019646104,0.05499278902388276
10 mcg,663.5925000000001,0.883025195585246,0.05402690440937437
10 mcg,663.8258000000001,0.8957626978482708,0.04780702679417127
10 mcg,664.0591000000001,0.9150757356816211,0.03854296032978383
10 mcg,664.2924,0.9090380762660399,0.041417925396398776
10 mcg,664.5257,0.8913650654383269,0.049944390874330086
10 mcg,664.759,0.8867465714609544,0.052200482019782876
10 mcg,664.9923,0.896575815026757,0.04741298032867755
10 mcg,665.2256,0.8815548297532849,0.054750670864648875
10 mcg,665.4589000000001,0.8549946476815116,0.06803660397318478
10 mcg,665.6922000000001,0.8389023351330614,0.07628859671800195
10 mcg,665.9255,0.8457329178208679,0.07276676536505677
10 mcg,666.1588,0.8605049836265053,0.06524661010664332
10 mcg,666.3921,0.8637864136714711,0.06359363116825266
10 mcg,666.6254,0.8479850687575247,0.07161179469293759
10 mcg,666.8587,0.847376438416503,0.07192361586955556
10 mcg,667.092,0.8451477574187182,0.07306735658660012
10 mcg,667.3253000000001,0.862847036328872,0.06406618825507064
10 mcg,667.5586000000001,0.8922921702994826,0.049492917851892616
10 mcg,667.7919,0.8868262514260553,0.05216145958017587
10 mcg,668.0252,0.8752265640064095,0.057879509536323835
10 mcg,668.2585,0.8835573203013644,0.0537652706245886
10 mcg,668.4918,0.8919608942026278,0.049654185763228734
10 mcg,668.7251,0.8863706938379428,0.052384611499750024
10 mcg,668.9584,0.8882141855901317,0.05148229502822862
10 mcg,669.1917000000001,0.8972034280559315,0.04710907572334262
10 mcg,669.4250000000001,0.876444813136792,0.057275424812310356
10 mcg,669.6583,0.8853233776694168,0.052898067737025524
10 mcg,669.8916,0.8939574663788563,0.048683144018840406
10 mcg,670.1249,0.9074651109585906,0.04217006316174932
10 mcg,670.3582,0.9035105130749881,0.04406678970637879
10 mcg,670.5915,0.8951910926182771,0.04808424780005524
10 mcg,670.8248000000001,0.8794063193328743,0.05581041790492309
10 mcg,671.0581000000001,0.8742634509495015,0.058357677144875816
10 mcg,671.2914000000001,0.8770978374593885,0.056951959770993765
10 mcg,671.5247,0.8836921101211975,0.05369902250581592
10 mcg,671.758,0.8826950044176413,0.05418933128055726
10 mcg,671.9913,0.8659663019940269,0.06249900768564441
10 mcg,672.2246,0.8528083735909825,0.06914854402751265
10 mcg,672.4579,0.8577513351601782,0.06663859725634565
10 mcg,672.6912000000001,0.8523012378844032,0.06940688078657557
10 mcg,672.9245000000001,0.84940627330702,0.07088453584291263
10 mcg,673.1578000000001,0.8603122120906844,0.06534391226614474
10 mcg,673.3911,0.8631809079063585,0.0638981740742349
10 mcg,673.6244,0.8417649141899652,0.0748091801456673
10 mcg,673.8577,0.8261670106639147,0.08293215064806037
10 mcg,674.091,0.8201032490536948,0.08613146752907966
10 mcg,674.3243,0.8345607927155865,0.07854202210122967
10 mcg,674.5576000000001,0.8292743886052136,0.08130174720563005
10 mcg,674.7909000000001,0.8317763199680611,0.0799934478248857
10 mcg,675.0242000000001,0.8426070888003642,0.07437489150168076
10 mcg,675.2575,0.8506226271829918,0.07026306891800733
10 mcg,675.4908,0.8329793543649561,0.07936576257459302
10 mcg,675.7241,0.8364222177539041,0.07757443960404696
10 mcg,675.9574,0.8570860782384915,0.06697555914249645
10 mcg,676.1907,0.858173337345772,0.06642498272281046
10 mcg,676.4240000000001,0.8184593918398769,0.08700286339603518
10 mcg,676.6573000000001,0.8104594950456037,0.09126868534076932
10 mcg,676.8906000000001,0.8286106141920095,0.08164950785223714
10 mcg,677.1239,0.8367965894016264,0.07738009856173428
10 mcg,677.3572,0.8218661054319503,0.08519892991559366
10 mcg,677.5905,0.8044177301394605,0.09451836570225784
10 mcg,677.8238,0.8154326395392159,0.08861190891516836
10 mcg,678.0571,0.8480871553349982,0.0715595143281077
10 mcg,678.2904000000001,0.839127659351814,0.07617196344475514
10 mcg,678.5237000000001,0.8205601998951169,0.0858895516941299
10 mcg,678.7570000000001,0.8289875925346679,0.08145196949080334
10 mcg,678.9903,0.8403257770853866,0.07555231422156809
10 mcg,679.2236,0.872916046360318,0.059027523024913875
10 mcg,679.4569,0.8887595719006215,0.05121570890495007
10 mcg,679.6902,0.8661312092045581,0.06241631223540202
10 mcg,679.9235,0.8258908018542683,0.08307737070282026
10 mcg,680.1568000000001,0.8010658644253532,0.09633177432711693
10 mcg,680.3901000000001,0.808805249343832,0.09215603873052995
10 mcg,680.6234000000001,0.8248744340119812,0.08361215662110173
10 mcg,680.8567,0.8025487777883186,0.09552856231183977
10 mcg,681.09,0.8036802692828001,0.09491669366887967
10 mcg,681.3233,0.8182869612656846,0.08709436889658888
10 mcg,681.5566,0.7966353802949248,0.09874040954401177
10 mcg,681.7899,0.7455803436840519,0.12750555014720638
10 mcg,682.0232000000001,0.7349527222056335,0.13374059716832104
10 mcg,682.2565000000001,0.747848642050656,0.1261862906030864
10 mcg,682.4898000000001,0.7501511773508841,0.12485120477752018
10 mcg,682.7231,0.7364957035178382,0.13282978235011755
10 mcg,682.9564,0.7467425852819112,0.1268290809931853
10 mcg,683.1897,0.7286718416956648,0.13746801273467463
10 mcg,683.423,0.7261901226501943,0.13894966248411458
10 mcg,683.6563,0.7411933744143926,0.1300684715281664
10 mcg,683.8896000000001,0.6996084288326584,0.15514496681277068
10 mcg,684.1229000000001,0.6540306534014521,0.18440189649052355
10 mcg,684.3562000000001,0.6562460122754518,0.18293332259860154
10 mcg,684.5895,0.6508030145298916,0.1865504440715873
10 mcg,684.8228,0.6468119064719495,0.1892219942271804
10 mcg,685.0561,0.6309700231391207,0.1999912732352882
10 mcg,685.2894,0.6201153813523372,0.20752749627182415
10 mcg,685.5227,0.6220156803237228,0.20619866709015908
10 mcg,685.7560000000001,0.6067575171873854,0.21698483443932784
10 mcg,685.9893000000001,0.593460081480952,0.22660848812572204
10 mcg,686.2226,0.5955560828982756,0.2250773351948034
10 mcg,686.4559,0.6249705419457972,0.20414045269095513
10 mcg,686.6892,0.5978885313667004,0.2233797770898465
10 mcg,686.9225,0.5616491143564031,0.2505349216024003
10 mcg,687.1558,0.5226715015970126,0.28177117894677023
10 mcg,687.3891,0.4935797764227643,0.30664264307515754
10 mcg,687.6224000000001,0.48288062015503874,0.3161602241474252
10 mcg,687.8557000000001,0.47674503973716575,0.32171381684720973
10 mcg,688.089,0.46068895821949596,0.3365921967809879
10 mcg,688.3223,0.4243593456690802,0.3722662289113466
10 mcg,688.5556,0.41096423417851985,0.38619597270981054
10 mcg,688.7889,0.39947190788167564,0.3985137562271943
10 mcg,689.0222,0.38921437764031014,0.40981112520091467
10 mcg,689.2555,0.37587463124826165,0.42495698495573925
10 mcg,689.4888000000001,0.36421377327051,0.4386436347567046
10 mcg,689.7221000000001,0.3579662571910732,0.4461579091281246
10 mcg,689.9554,0.35506936858427535,0.4496867921552277
10 mcg,690.1887,0.3487276380174304,0.45751363173843546
10 mcg,690.422,0.3555513841797967,0.4490976262897029
10 mcg,690.6553,0.3560116821271842,0.4485357509031593
10 mcg,690.8886,0.35733948353154754,0.4469189946217875
10 mcg,691.1219000000001,0.3633295915661294,0.43969922935853495
10 mcg,691.3552000000001,0.3702457019111734,0.43150997439242506
10 mcg,691.5885000000001,0.3822379885486682,0.4176661529764506
10 mcg,691.8218,0.40203326972627396,0.3957380059685878
10 mcg,692.0551,0.41579988663950285,0.38111563340725546
10 mcg,692.2884,0.4300214889316072,0.3665098414175442
10 mcg,692.5217,0.442271808400688,0.3543107428511161
10 mcg,692.755,0.45625337274439565,0.3407939121050778
10 mcg,692.9883000000001,0.4749857627497633,0.3233194077475156
10 mcg,693.2216000000001,0.4922534718578374,0.30781121210526635
10 mcg,693.4549000000001,0.5098745312445239,0.29253668094527846
10 mcg,693.6882,0.5299468777484608,0.2757676622048389
10 mcg,693.9215,0.5418282519583199,0.2661383537699718
10 mcg,694.1548,0.5558035637040653,0.25507867293819186
10 mcg,694.3881,0.5679140479545759,0.24571738845037247
10 mcg,694.6214,0.5841296351322276,0.23349075977997766
10 mcg,694.8547000000001,0.6064059015268485,0.2172365808125571
10 mcg,695.0880000000001,0.6267501030078285,0.2029055859924378
10 mcg,695.3213000000001,0.6394070115681015,0.1942226056798452
10 mcg,695.5546,0.6553935751533795,0.1834978203370896
10 mcg,695.7879,0.6642376842322836,0.17767648918647636
10 mcg,696.0212,0.6751311017164507,0.17061188461567908
10 mcg,696.2545,0.6836458445293442,0.16516882167024077
10 mcg,696.4878,0.6974372690138105,0.15649484890931506
10 mcg,696.7211000000001,0.7170360228198858,0.14445902547736872
10 mcg,696.9544000000001,0.7213577149474092,0.14184931905014586
10 mcg,697.1877000000001,0.7167258635362985,0.14464692343832863
10 mcg,697.421,0.7347334599556823,0.13387018181993687
10 mcg,697.6543,0.7557653906683205,0.12161299993676064
10 mcg,697.8876,0.7452424157390952,0.12770243504631526
10 mcg,698.1209,0.7486081198168091,0.12574546659842087
10 mcg,698.3542,0.7650105870247177,0.11633255457893231
10 mcg,698.5875000000001,0.7705194886186465,0.11321637227002591
10 mcg,698.8208000000001,0.7657118895555125,0.11593460936647347
10 mcg,699.0541000000001,0.7643563211042412,0.11670413852622989
10 mcg,699.2874,0.7666351572441373,0.11541126824495926
10 mcg,699.5207,0.7652231527138001,0.1162118983628172
10 mcg,699.754,0.7635547597732021,0.11715981124078756
10 mcg,699.9873,0.7605603359058517,0.11886632728939249
10 mcg,700.2206,0.7593234119995302,0.11957320943927577
10 mcg,700.4539000000001,0.7610107679834689,0.11860919810102176
10 mcg,700.6872000000001,0.7619610211172079,0.11806724486340797
10 mcg,700.9205000000001,0.7617860534822728,0.11816698251667686
10 mcg,701.1538,0.7613354373856572,0.11842395491329784
10 mcg,701.3871,0.7519887339619372,0.12378866581103642
10 mcg,701.6204,0.7615742607959406,0.11828774238512303
10 mcg,701.8537,0.7651825574321139,0.11623493840600951
10 mcg,702.087,0.7613609612762823,0.11840939536634425
10 mcg,702.3203000000001,0.7628699879176151,0.11754947035584622
10 mcg,702.5536000000001,0.7762612919720472,0.10999206925596741
10 mcg,702.7869000000001,0.7845786251749967,0.10536352783406466
10 mcg,703.0202,0.7835719189402223,0.105921136316697
10 mcg,703.2535,0.777926791927627,0.10906127107949114
10 mcg,703.4868,0.7883698533878685,0.10326999113741549
10 mcg,703.7201,0.792508447125185,0.10099610006250775
10 mcg,703.9534,0.7956774965895487,0.0992629245142423
10 mcg,704.1867000000001,0.7958938160881359,0.09914486965311897
10 mcg,704.4200000000001,0.7972438708254046,0.09840881090838047
10 mcg,704.6533000000001,0.8066739967625409,0.09330194236849595
10 mcg,704.8866,0.8100064058301373,0.09151154654643669
10 mcg,705.1199,0.8084526660610565,0.09234540243694707
10 mcg,705.3532,0.8166781564324692,0.08794906026518948
10 mcg,705.5865,0.8186971578927004,0.0868767172611796
10 mcg,705.8198,0.8177426764488238,0.08738333664609424
10 mcg,706.0531000000001,0.8191436044804181,0.08663995517933777
10 mcg,706.2864000000001,0.8186990804089135,0.08687569742473049
10 mcg,706.5197000000001,0.8209868958191683,0.08566377481581364
10 mcg,706.753,0.8301893123640254,0.0808228619129384
10 mcg,706.9863,0.8268935337698469,0.08255040419931742
10 mcg,707.2196,0.8270405658663065,0.08247318802929307
10 mcg,707.4529,0.8285200805007733,0.0816969613001701
10 mcg,707.6862,0.8265832679675139,0.08271339012971136
10 mcg,707.9195000000001,0.828204796933752,0.081862258407626
10 mcg,708.1528000000001,0.8328516868408358,0.07943233031163328
10 mcg,708.3861,0.8351798985871753,0.07821996697318873
10 mcg,708.6194,0.8433330891986688,0.07400085926679274
10 mcg,708.8527,0.8305311675159286,0.08064406504738823
10 mcg,709.086,0.8341153914678283,0.07877386493636028
10 mcg,709.3193,0.8416707508791099,0.07485776484325142
10 mcg,709.5526000000001,0.8456481265061698,0.07281030895358291
10 mcg,709.7859000000001,0.843018081150274,0.07416311047658777
10 mcg,710.0192000000001,0.8430322472528788,0.07415581263963966
10 mcg,710.2525,0.8454592869934989,0.07290730096958907
10 mcg,710.4858,0.8434622848051168,0.07393433200457594
10 mcg,710.7191,0.8491305502443169,0.07102553367593792
10 mcg,710.9524,0.8544350192061461,0.06832096029641682
10 mcg,711.1857,0.8572883438860838,0.06687308111447426
10 mcg,711.4190000000001,0.858148207469101,0.06643770034766676
10 mcg,711.6523000000001,0.856940475240148,0.06704934397243727
10 mcg,711.8856000000001,0.8541896971622193,0.06844567113511428
10 mcg,712.1189,0.8550878725318936,0.06798925299724216
10 mcg,712.3522,0.862145122178698,0.06441962459680867
10 mcg,712.5855,0.8557416009221379,0.06765735475633647
10 mcg,712.8188,0.853011659305795,0.06904503268058484
10 mcg,713.0521,0.856077536397832,0.0674868987518887
10 mcg,713.2854000000001,0.8612245924067649,0.06488357732269842
10 mcg,713.5187000000001,0.8678679158380123,0.061546366744771715
10 mcg,713.7520000000001,0.869036992087382,0.060961736649731695
10 mcg,713.9853,0.8600296417975669,0.06548658009681682
10 mcg,714.2186,0.8615875852289949,0.06470056749255644
10 mcg,714.4519,0.8662487096005717,0.062357399322438244
10 mcg,714.6852,0.8623137038206504,0.06433471207123308
10 mcg,714.9185,0.859691440555774,0.06565739725604598
10 mcg,715.1518000000001,0.862791413463815,0.06409418566480983
10 mcg,715.3851000000001,0.8703242655636865,0.060318907718053726
10 mcg,715.6184000000001,0.8744407185628743,0.05826962755030874
10 mcg,715.8517,0.8733553960659223,0.0588089920999271
10 mcg,716.085,0.8714820997959563,0.05974152885195588
10 mcg,716.3183,0.8594290470115239,0.06578997210471296
10 mcg,716.5516,0.8653233866081195,0.0628215586938358
10 mcg,716.7849,0.873685909392768,0.05864466843418597
10 mcg,717.0182000000001,0.8719013022545827,0.05953267368231696
10 mcg,717.2515000000001,0.8677849333533023,0.061587894444563064
10 mcg,717.4848000000001,0.8726419897694027,0.0591638934734217
10 mcg,717.7181,0.8764609805167302,0.05726741365287487
10 mcg,717.9514,0.8730758893280632,0.05894800499549143
10 mcg,718.1847,0.8656137850753904,0.06267583595457593
10 mcg,718.418,0.8702622377163782,0.06034986090741943
10 mcg,718.6513,0.8786881600889382,0.05616522547387634
10 mcg,718.8846000000001,0.8832080340516094,0.053936989061873775
10 mcg,719.1179000000001,0.8771893405171277,0.05690665444859463
10 mcg,719.3512000000001,0.8691723524952292,0.060894096605684955
10 mcg,719.5845,0.8720109928436377,0.0594780401806896
10 mcg,719.8178,0.8844749660157114,0.05331445475549742
10 mcg,720.0511,0.8855662143129096,0.052778960802961045
10 mcg,720.2844,0.8660198192992185,0.06247216882123011
10 mcg,720.5177,0.8613054065454057,0.0648428266425726
10 mcg,720.7510000000001,0.8795015833023011,0.05576337437726056
10 mcg,720.9843000000001,0.8938369152123246,0.04874171306573996
10 mcg,721.2176000000001,0.8838901126281945,0.05360172417881904
10 mcg,721.4509,0.8757421463458209,0.057623748745030734
10 mcg,721.6842,0.8818480827245591,0.05460622497823352
10 mcg,721.9175,0.8831387674229738,0.05397105045297408
10 mcg,722.1508,0.8800772674925749,0.05547919674468378
10 mcg,722.3841,0.8855189670756695,0.05280213214970265
10 mcg,722.6174000000001,0.8852362898375632,0.05294079068563838
10 mcg,722.8507000000001,0.8779219549904159,0.05654409004324324
10 mcg,723.0840000000001,0.8779414279662913,0.05653445716855454
10 mcg,723.3173,0.8842483156218621,0.053425758786976654
10 mcg,723.5506,0.8854729953677556,0.05282467912845641
10 mcg,723.7839,0.8813770293063462,0.05483827238237109
10 mcg,724.0172,0.8835538782338436,0.053766962505588344
10 mcg,724.2505,0.8796048680259205,0.05571237577447505
10 mcg,724.4838000000001,0.8809478547854784,0.055049797659638015
10 mcg,724.7171000000001,0.8891901036047196,0.051005379501812526
10 mcg,724.9504000000001,0.8849202122727116,0.05309588515730088
20 mcg,375.0004,0.8313375181071947,0.08022261942683181
20 mcg,375.23370000000006,0.8286577470867501,0.08162480508642596
20 mcg,375.46700000000004,0.8535628345528653,0.06876450302594776
20 mcg,375.7003,0.8867308992562544,0.05220815773276263
20 mcg,375.9336,0.9114609266943291,0.04026194432635569
20 mcg,376.16690000000006,0.9347753507369917,0.029292748119827638
20 mcg,376.40020000000004,0.9297536301091244,0.03163211731608986
20 mcg,376.6335,0.8704003954522987,0.06028092033119841
20 mcg,376.8668,0.881018725846312,0.05501486066253308
20 mcg,377.10010000000005,0.8897950690039788,0.05071000532015698
20 mcg,377.33340000000004,0.8997505065219938,0.04587790018530961
20 mcg,377.5667,0.8949666716534516,0.04819313740643849
20 mcg,377.8,0.8522369609661009,0.06943963465617435
20 mcg,378.03330000000005,0.8507096406702426,0.07021864552334049
20 mcg,378.26660000000004,0.9056418766028058,0.04304350404776776
20 mcg,378.4999,0.8866748206131768,0.052235624256611574
20 mcg,378.7332,0.8997230875735549,0.045891135053602886
20 mcg,378.96650000000005,0.9453243383497665,0.024419160603182166
20 mcg,379.19980000000004,0.936533484170652,0.028476690546533446
20 mcg,379.4331,0.9462672126332522,0.02398620758840812
20 mcg,379.6664,0.9699669617144574,0.01324305809402442
20 mcg,379.89970000000005,0.9353848250949923,0.02900968000263373
20 mcg,380.13300000000004,0.923515059734141,0.03455601813807723
20 mcg,380.3663,0.8908763388510225,0.05018257551624797
20 mcg,380.5996,0.8611011624253849,0.06494582450184685
20 mcg,380.83290000000005,0.8730688768584612,0.058951493225003274
20 mcg,381.06620000000004,0.8873143211205139,0.05192250897646966
20 mcg,381.2995,0.8572769731565788,0.06687884146087834
20 mcg,381.5328,0.863135593220339,0.06392097396994248
20 mcg,381.76610000000005,0.8775333969465648,0.056736346276833306
20 mcg,381.99940000000004,0.8768526917140083,0.05707336050995776
20 mcg,382.2327,0.8629227903773614,0.06402806084693918
20 mcg,382.466,0.9024832575646478,0.044560846169930064
20 mcg,382.69930000000005,0.907165778885468,0.04231334108071395
20 mcg,382.93260000000004,0.8969877970456006,0.04721346521879285
20 mcg,383.1659,0.9114784697537777,0.040253585459429794
20 mcg,383.3992,0.8734301758945561,0.058771807837045054
20 mcg,383.63250000000005,0.8814252830365951,0.05481449622932564
20 mcg,383.86580000000004,0.9442516195598857,0.02491226160732826
20 mcg,384.0991,0.9924757671504312,0.0032800884150536802
20 mcg,384.3324,0.9761584415129378,0.01047968572456871
20 mcg,384.56570000000005,0.9629288803873924,0.016405787637559906
20 mcg,384.79900000000004,0.9415455266845636,0.02615867563684507
20 mcg,385.0323,0.8901314205940402,0.050545868607618026
20 mcg,385.2656,0.8183001883406741,0.08708734886630064
20 mcg,385.49890000000005,0.8232942942942942,0.08444489438453191
20 mcg,385.73220000000003,0.9112441783100466,0.04036523325383015
20 mcg,385.9655,0.9168211655058376,0.037715369246353325
20 mcg,386.1988,0.876620480968307,0.05718838690175816
20 mcg,386.43210000000005,0.8894301485379552,0.05088815358985024
20 mcg,386.66540000000003,0.9364149349552289,0.028531668323428117
20 mcg,386.8987,0.9553081572557732,0.019856513852649575
20 mcg,387.132,0.9345438039037675,0.029400337572635743
20 mcg,387.36530000000005,0.908591317389674,0.04163141767302183
20 mcg,387.59860000000003,0.8958507553547687,0.04776433578945191
20 mcg,387.8319,0.9268827880653329,0.0329751824843585
20 mcg,388.0652,0.9061080581627193,0.04282000732824958
20 mcg,388.29850000000005,0.9216692177290607,0.03542491700575826
20 mcg,388.53180000000003,0.9565292008631968,0.019301767319720338
20 mcg,388.7651,0.9592737895076511,0.018057421711309713
20 mcg,388.9984,0.9356237889402296,0.028898744457872775
20 mcg,389.23170000000005,0.9730312892838078,0.011873194115189174
20 mcg,389.46500000000003,1.0709869180818234,-0.029784166032999118
20 mcg,389.6983,1.0955531054759278,-0.039633434252872995
20 mcg,389.9316,1.0644642220094256,-0.0271310688321092
20 mcg,390.16490000000005,0.9981773571678937,0.0007922859711705091
20 mcg,390.39820000000003,0.9594868445293006,0.017960975475147627
20 mcg,390.6315,0.9676779423909927,0.014269158306187007
20 mcg,390.86480000000006,0.9644256853527438,0.015731231664123012
20 mcg,391.09810000000004,0.9600354430379746,0.017712733177438857
20 mcg,391.33140000000003,0.9645454391059936,0.015677308208628053
20 mcg,391.5647,0.9698225360339467,0.013307728282495494
20 mcg,391.79800000000006,0.9368965920285862,0.02830834079810712
20 mcg,392.03130000000004,0.9437825059101654,0.02512807706416045
20 mcg,392.26460000000003,0.9226666666666666,0.03495516893494226
20 mcg,392.4979,0.8612694562361027,0.06486095418093692
20 mcg,392.73120000000006,0.8440733434264653,0.07361981491287127
20 mcg,392.96450000000004,0.9004060248853962,0.045561607667822024
20 mcg,393.19780000000003,0.9652809975412714,0.015346243218573188
20 mcg,393.4311,0.9305377980720445,0.03126598130729736
20 mcg,393.66440000000006,0.9364502741199979,0.028515278885275577
20 mcg,393.89770000000004,0.9508003253214279,0.021910678347646984
20 mcg,394.13100000000003,0.9625645048814503,0.016570157221658232
20 mcg,394.3643,0.9775149178856206,0.009876606099901004
20 mcg,394.59760000000006,0.9616779459627007,0.01697034345948897
20 mcg,394.83090000000004,0.9390713000790168,0.02730143216912766
20 mcg,395.0642,0.9391321180292549,0.027273306461396935
20 mcg,395.2975,0.945762711864407,0.024217812704565356
20 mcg,395.53080000000006,0.8950705922035369,0.04814271150478785
20 mcg,395.76410000000004,0.8874162299507702,0.05187263273733077
20 mcg,395.9974,0.9074084857896185,0.042197163669986874
20 mcg,396.2307,0.9007297167546808,0.0454055088342575
20 mcg,396.46400000000006,0.8752810213295968,0.057852488213862595
20 mcg,396.69730000000004,0.8765130474352336,0.057241614781879814
20 mcg,396.9306,0.9090695050767647,0.041402910488357085
20 mcg,397.1639,0.8988621507771268,0.04630690642828201
20 mcg,397.39720000000005,0.8742379455418446,0.058370347260927304
20 mcg,397.63050000000004,0.9246521760657522,0.03402160393480579
20 mcg,397.8638,0.987882804078531,0.005294574198759586
20 mcg,398.0971,0.9726589998257535,0.012039390410850224
20 mcg,398.33040000000005,0.9461675217148371,0.02403196368769945
20 mcg,398.56370000000004,0.9470012385266623,0.02364945300840199
20 mcg,398.797,0.9240248270852935,0.034316359817455844
20 mcg,399.0303,0.8501938423013682,0.07048204482199101
20 mcg,399.26360000000005,0.8954874960430517,0.0479404739550028
20 mcg,399.49690000000004,0.9363282479418242,0.028571874254433516
20 mcg,399.7302,0.9204689821845555,0.035990841698864066
20 mcg,399.9635,0.8804219212206134,0.05530915268544608
20 mcg,400.19680000000005,0.8818764514630747,0.05459225410425842
20 mcg,400.43010000000004,0.8971446540880503,0.04713752640155101
20 mcg,400.6634,0.9012766967252016,0.045141857841200596
20 mcg,400.8967,0.8856899145458211,0.05271830065587596
20 mcg,401.13000000000005,0.8977191328934968,0.04685951869366248
20 mcg,401.36330000000004,0.8993821907013397,0.04605571645310264
20 mcg,401.5966,0.906476371709483,0.04264351177798992
20 mcg,401.8299,0.9042589088615579,0.043707203826663016
20 mcg,402.06320000000005,0.8662756642512078,0.06234388579707543
20 mcg,402.29650000000004,0.8619179157421245,0.06453409199162853
20 mcg,402.5298,0.9182712838542919,0.03702899671166564
20 mcg,402.7631,0.9393887446735564,0.027154647639516777
20 mcg,402.99640000000005,0.9886485932455287,0.0049580472641307894
20 mcg,403.22970000000004,0.984763358778626,0.006668119069730958
20 mcg,403.463,0.945881683731513,0.024163184228331323
20 mcg,403.6963,0.9066784732255208,0.04254669536563755
20 mcg,403.92960000000005,0.8967983284939547,0.047305209876205984
20 mcg,404.16290000000004,0.9174103566884985,0.0374363614056088
20 mcg,404.3962,0.9629479778293121,0.01639717450779613
20 mcg,404.6295,0.9495754177341648,0.02247053676680892
20 mcg,404.86280000000005,0.9606328722034837,0.017442556181007315
20 mcg,405.09610000000004,0.957020243969968,0.019078875440020845
20 mcg,405.3294,0.9506082606506522,0.021998416067551627
20 mcg,405.5627,0.9331468464591405,0.030050007283916682
20 mcg,405.79600000000005,0.9331808071178901,0.03003420199198939
20 mcg,406.02930000000003,0.9378616171759193,0.02786123766625484
20 mcg,406.2626,0.9298243959188165,0.031599063364880095
20 mcg,406.4959,0.930516828615688,0.0312757681443455
20 mcg,406.72920000000005,0.9315359477124183,0.03080038114142923
20 mcg,406.96250000000003,0.9672577346153228,0.014457788784464774
20 mcg,407.1958,0.9833668514249277,0.007284435547461425
20 mcg,407.4291,0.9443923700613958,0.02484753033284771
20 mcg,407.66240000000005,0.9121743178507606,0.03992215942758533
20 mcg,407.89570000000003,0.926185998868657,0.03330178851168135
20 mcg,408.129,0.9402669529098802,0.026748827553167924
20 mcg,408.3623,0.9091403666967238,0.04136905871907529
20 mcg,408.59560000000005,0.9131731015857211,0.039446889565663
20 mcg,408.82890000000003,0.8975062934991855,0.04696249737651218
20 mcg,409.0622,0.892735061608444,0.04927740824837108
20 mcg,409.2955,0.9010878598990798,0.04523286139712771
20 mcg,409.52880000000005,0.9078703703703703,0.04197615748314688
20 mcg,409.76210000000003,0.8810457516339869,0.0550015386182978
20 mcg,409.9954,0.8585973267565309,0.06621046803069458
20 mcg,410.2287,0.839451642726056,0.07600431668152538
20 mcg,410.46200000000005,0.867607772998907,0.061676565745659995
20 mcg,410.69530000000003,0.9043325974981605,0.04367181433361202
20 mcg,410.9286,0.8947324923879947,0.04830679088003664
20 mcg,411.16190000000006,0.8761382096594199,0.057427379039849354
20 mcg,411.39520000000005,0.8926962829168995,0.04929627357389309
20 mcg,411.62850000000003,0.8956777346557424,0.04784822162827028
20 mcg,411.8618,0.8827394822692031,0.054167448298605834
20 mcg,412.09510000000006,0.8661278512316769,0.06241799598943858
20 mcg,412.32840000000004,0.8830363286570896,0.05402142891307708
20 mcg,412.56170000000003,0.8682811487501895,0.06133962784135738
20 mcg,412.795,0.8400628426260196,0.07568822443233451
20 mcg,413.02830000000006,0.8154427083333333,0.08860654636955088
20 mcg,413.26160000000004,0.8196852354182227,0.08635288757306385
20 mcg,413.49490000000003,0.848981923532052,0.07110155662749348
20 mcg,413.7282,0.8867578740996462,0.052194946455857816
20 mcg,413.96150000000006,0.8731964784912589,0.058888024422928335
20 mcg,414.19480000000004,0.8720800320792024,0.05944365738916352
20 mcg,414.42810000000003,0.8508669897684438,0.07013832490297749
20 mcg,414.6614,0.8332937716764911,0.07920186422815617
20 mcg,414.89470000000006,0.831462324142181,0.08015742508289773
20 mcg,415.12800000000004,0.8322055970100661,0.07976936767980206
20 mcg,415.3613,0.8417082465721133,0.07483841783631615
20 mcg,415.5946,0.8729913766261896,0.058990046216719
20 mcg,415.82790000000006,0.8796679876346502,0.05568121233363103
20 mcg,416.06120000000004,0.9152048768758574,0.03848167430866612
20 mcg,416.2945,0.9097862165963433,0.04106064708563559
20 mcg,416.5278,0.8397316499759706,0.07585947769320711
20 mcg,416.76110000000006,0.8109755641207949,0.09099223151927642
20 mcg,416.99440000000004,0.8584643123113707,0.0662777544208249
20 mcg,417.2277,0.9130579632010397,0.039501651491634794
20 mcg,417.461,0.9084569143764807,0.041695665265426965
20 mcg,417.69430000000006,0.9028196073656156,0.04439901751826453
20 mcg,417.92760000000004,0.9418167317298409,0.026033598419314383
20 mcg,418.1609,0.9393342438163031,0.02717984499081947
20 mcg,418.3942,0.8900670984757398,0.05057725245695289
20 mcg,418.62750000000005,0.8672430319552851,0.06185918090132669
20 mcg,418.86080000000004,0.8673054009900382,0.06182794910966021
20 mcg,419.0941,0.8770842544829279,0.05695868542593217
20 mcg,419.3274,0.888660516605166,0.05126411520860598
20 mcg,419.56070000000005,0.8808690223198741,0.05508866265778232
20 mcg,419.79400000000004,0.9392538124297213,0.02721703346039324
20 mcg,420.0273,0.949921806028503,0.022312142719570986
20 mcg,420.2606,0.9072666500136792,0.042265052950814064
20 mcg,420.49390000000005,0.8873213032927347,0.051919091577623935
20 mcg,420.72720000000004,0.915156420452546,0.03850466906635964
20 mcg,420.9605,0.9481326754780856,0.02313088608352692
20 mcg,421.1938,0.954572924101832,0.020190888301990083
20 mcg,421.42710000000005,0.9445297660412323,0.024784351110323434
20 mcg,421.66040000000004,0.9518775374069856,0.02141892162545447
20 mcg,421.8937,0.952091836734694,0.02132115848161785
20 mcg,422.127,0.9629686036935503,0.016387872236753413
20 mcg,422.36030000000005,0.9618476563797629,0.016893708869595205
20 mcg,422.59360000000004,0.9382104479199915,0.02769973505467272
20 mcg,422.8269,0.9415769024228448,0.02614420359849877
20 mcg,423.0602,0.9576418478889835,0.018796883998721238
20 mcg,423.29350000000005,0.9643378139001773,0.01577080322072665
20 mcg,423.52680000000004,0.9580112302194997,0.018629399904991347
20 mcg,423.7601,0.9739629049913555,0.011457583639195279
20 mcg,423.9934,0.979537712895377,0.008978838702360879
20 mcg,424.22670000000005,0.9872030905743516,0.0055934936904062475
20 mcg,424.46000000000004,0.9959416639177936,0.0017660991069923123
20 mcg,424.6933,1.0043379063377278,-0.001879854410766833
20 mcg,424.9266,0.9950163706429462,0.0021697739061238446
20 mcg,425.15990000000005,0.9582245573707686,0.018532703239978677
20 mcg,425.39320000000004,1.014832226875991,-0.0063942501659551496
20 mcg,425.6265,1.0433026202130722,-0.01841029809677146
20 mcg,425.8598,1.0261151232932737,-0.011196088462165778
20 mcg,426.09310000000005,1.0174376868485857,-0.007507820269239271
20 mcg,426.32640000000004,1.018874225693509,-0.00812057609809241
20 mcg,426.5597,1.0240901521830115,-0.010338189913476169
20 mcg,426.793,1.0255151195499297,-0.01094206771627989
20 mcg,427.02630000000005,1.0303199093444908,-0.012972091978461222
20 mcg,427.25960000000003,1.0046695221298396,-0.002023227608788297
20 mcg,427.4929,0.9884919077979403,0.005026881649333788
20 mcg,427.7262,1.0124879947011094,-0.005389882389449396
20 mcg,427.95950000000005,1.0255969389022785,-0.01097671593855563
20 mcg,428.19280000000003,0.9870894623757466,0.005643484356301766
20 mcg,428.4261,0.9608172695766416,0.017359199595119966
20 mcg,428.6594,0.9824973960115257,0.007668591995104607
20 mcg,428.89270000000005,0.9742518749535902,0.011328749732126563
20 mcg,429.12600000000003,0.9628320633335503,0.016449455687231686
20 mcg,429.3593,0.955302371303899,0.019859144223344186
20 mcg,429.5926,0.9678170404852589,0.014206735478516041
20 mcg,429.82590000000005,0.969438881935753,0.013479565723734646
20 mcg,430.05920000000003,0.9531399990575627,0.020843304657915687
20 mcg,430.2925,0.9430744674562043,0.025454012958935773
20 mcg,430.5258,0.9442746216162046,0.024901682282652323
20 mcg,430.75910000000005,0.9310275058099837,0.0310374882506265
20 mcg,430.99240000000003,0.940564070969388,0.02661161508362318
20 mcg,431.2257,0.9437534167480544,0.025141463047905058
20 mcg,431.45900000000006,0.9395709987966306,0.02707039680819527
20 mcg,431.69230000000005,0.9591494790816356,0.01811370473604264
20 mcg,431.92560000000003,0.9641976417608346,0.01583393505121658
20 mcg,432.1589,0.9580033858788933,0.018632955988343664
20 mcg,432.39220000000006,0.9627778839970103,0.016473894475503792
20 mcg,432.62550000000005,0.9611921019688175,0.01718980641313616
20 mcg,432.85880000000003,0.967903516656209,0.014167932229001335
20 mcg,433.0921,0.9640627691555391,0.015894688700468142
20 mcg,433.32540000000006,0.9494797488107387,0.022514293774294175
20 mcg,433.55870000000004,0.9545123106821065,0.020218465985003174
20 mcg,433.79200000000003,0.9443311848866446,0.024875668260929778
20 mcg,434.0253,0.9435810131088171,0.02522080664298237
20 mcg,434.25860000000006,0.9583933615272205,0.018456203158104128
20 mcg,434.49190000000004,0.9558999588746896,0.01958755707758988
20 mcg,434.72520000000003,0.9517401704290627,0.021481599883137834
20 mcg,434.9585,0.9505423845285427,0.02202851324728364
20 mcg,435.19180000000006,0.9406658716817765,0.026564612336447035
20 mcg,435.42510000000004,0.9317420917067516,0.030704284694535434
20 mcg,435.65840000000003,0.9260601980959707,0.03336078129738162
20 mcg,435.8917,0.9314647558588871,0.030833573001315114
20 mcg,436.12500000000006,0.9352552876195609,0.029069827767548094
20 mcg,436.35830000000004,0.9312023228190577,0.030955949375628924
20 mcg,436.5916,0.9362972160501897,0.028586267927445324
20 mcg,436.8249,0.9392366267632614,0.02722497988370832
20 mcg,437.05820000000006,0.9348002702474453,0.02928117072679695
20 mcg,437.29150000000004,0.9394839626981141,0.02711062905058705
20 mcg,437.5248,0.9367493968872396,0.028376577848392506
20 mcg,437.7581,0.9450912079688901,0.024526276986867265
20 mcg,437.99140000000006,0.9570145601370366,0.019081454763315166
20 mcg,438.22470000000004,0.9441989694807771,0.024936477902917094
20 mcg,438.458,0.9391763713867162,0.027252842316063005
20 mcg,438.6913,0.9439949776807207,0.02503031626480343
20 mcg,438.92460000000005,0.9506505288058519,0.021979105885615025
20 mcg,439.15790000000004,0.9559475128996616,0.01956595237224931
20 mcg,439.3912,0.9533539488868722,0.02074583020145232
20 mcg,439.6245,0.9542336358940299,0.020345279009842086
20 mcg,439.85780000000005,0.9537584036748674,0.020561622401630616
20 mcg,440.09110000000004,0.9570986118622679,0.0190433136533538
20 mcg,440.3244,0.9547051500924739,0.020130734656517563
20 mcg,440.5577,0.9571928747145545,0.01900054290823301
20 mcg,440.79100000000005,0.9651202948960569,0.015418551782060547
20 mcg,441.02430000000004,0.9649245526037468,0.015506642789714553
20 mcg,441.2576,0.963351293475633,0.016215315162437786
20 mcg,441.4909,0.9623184386235235,0.01668119277209821
20 mcg,441.72420000000005,0.9634857609472288,0.01615469926254079
20 mcg,441.95750000000004,0.9597030892044365,0.017863107236158672
20 mcg,442.1908,0.9608890226771023,0.017326768025603203
20 mcg,442.4241,0.9641577455394365,0.015851905503051933
20 mcg,442.65740000000005,0.9627856034360102,0.016470412367764475
20 mcg,442.89070000000004,0.9627143378329076,0.016502560131083217
20 mcg,443.124,0.9630278077312682,0.016361172304455683
20 mcg,443.3573,0.9641135720558104,0.0158718034292551
20 mcg,443.59060000000005,0.9644436467358087,0.01572314347543866
20 mcg,443.82390000000004,0.9577978282871821,0.01872615201251986
20 mcg,444.0572,0.965438345510931,0.015275455762738093
20 mcg,444.2905,0.9697240958037104,0.013351812861977987
20 mcg,444.52380000000005,0.9703570291101346,0.013068443833111159
20 mcg,444.75710000000004,0.9699638714584522,0.01324444173214984
20 mcg,444.9904,0.9737097591888467,0.011570477173912406
20 mcg,445.2237,0.9776803016895504,0.00980313489570094
20 mcg,445.45700000000005,0.9797931499947716,0.008865601142059002
20 mcg,445.69030000000004,0.9804733129057455,0.0085642227157319
20 mcg,445.9236,0.9781671388101981,0.009586931243952379
20 mcg,446.1569,0.9787301407635883,0.009337037035445396
20 mcg,446.39020000000005,0.9790577544845269,0.009191688468450143
20 mcg,446.62350000000004,0.9789026636418691,0.009260489754397848
20 mcg,446.8568,0.9789297145132116,0.009248488681898908
20 mcg,447.0901,0.9763656821378339,0.010387493818649264
20 mcg,447.32340000000005,0.9800724876234908,0.008741802051719762
20 mcg,447.55670000000003,0.9790905194126609,0.009177154709511092
20 mcg,447.79,0.9762842807279982,0.010423703261000502
20 mcg,448.0233,0.9782032203014391,0.009570911789891846
20 mcg,448.25660000000005,0.9777380051154082,0.009777503265520328
20 mcg,448.48990000000003,0.9703698214346367,0.013062718518453392
20 mcg,448.7232,0.9695385089340728,0.013434936574513334
20 mcg,448.9565,0.9733708431047214,0.01172166699777179
20 mcg,449.18980000000005,0.9762147380274022,0.010454640035716545
20 mcg,449.42310000000003,0.9711947159452065,0.01269368916222965
20 mcg,449.6564,0.9721943541929368,0.012246905324810323
20 mcg,449.8897,0.971433862579624,0.012586761810942742
20 mcg,450.12300000000005,0.9753819434855584,0.010825288438084871
20 mcg,450.35630000000003,0.9798587333376403,0.008836532220006554
20 mcg,450.5896,0.9788836738450212,0.009268914743198565
20 mcg,450.82290000000006,0.9768543998043173,0.010170163071178528
20 mcg,451.05620000000005,0.9792225283134375,0.009118603562826153
20 mcg,451.28950000000003,0.98061132029265,0.00850309751421961
20 mcg,451.5228,0.9850648772049493,0.0065351655589882506
20 mcg,451.75610000000006,0.9845545970397511,0.006760195690773914
20 mcg,451.98940000000005,0.9810007641754547,0.008330654315205507
20 mcg,452.22270000000003,0.9796724531847202,0.008919103442451422
20 mcg,452.456,0.981952810094398,0.007909382689675908
20 mcg,452.68930000000006,0.9826728463044542,0.007591044419196091
20 mcg,452.92260000000005,0.982743992580826,0.007559602300009535
20 mcg,453.15590000000003,0.980970186870492,0.008344191268758024
20 mcg,453.3892,0.9812649904824761,0.008213695613221113
20 mcg,453.62250000000006,0.9821827009211787,0.007807719319295437
20 mcg,453.85580000000004,0.9821280407460738,0.00783188923491058
20 mcg,454.08910000000003,0.9809240240762965,0.008364628911807434
20 mcg,454.3224,0.9812225246609784,0.008232490812483787
20 mcg,454.55570000000006,0.9832728453252723,0.007325954418909188
20 mcg,454.78900000000004,0.9846252671406976,0.006729023693285943
20 mcg,455.02230000000003,0.9822320063596893,0.007785918342344759
20 mcg,455.2556,0.9818605432823051,0.007950192033716021
20 mcg,455.48890000000006,0.9792661668799902,0.009099249875769719
20 mcg,455.72220000000004,0.9802589707681559,0.008659174595435606
20 mcg,455.95550000000003,0.9848258843725094,0.0066405452794040245
20 mcg,456.1888,0.9855860167060853,0.006305466817703846
20 mcg,456.42210000000006,0.9826468428781204,0.007602536844199657
20 mcg,456.65540000000004,0.9828488469928802,0.00751326748266107
20 mcg,456.88870000000003,0.9822379943697103,0.007783270748124721
20 mcg,457.122,0.9823253224686554,0.007744660527535843
20 mcg,457.35530000000006,0.9847469793037444,0.006675342708439666
20 mcg,457.58860000000004,0.9853268626891237,0.006419677000563503
20 mcg,457.8219,0.9846288099773326,0.00672746103621825
20 mcg,458.0552,0.983939285243469,0.007031699228461927
20 mcg,458.28850000000006,0.984543389507935,0.006765139445992616
20 mcg,458.52180000000004,0.9861871366614375,0.006040666490938665
20 mcg,458.7551,0.9840260190753343,0.006993418040765019
20 mcg,458.9884,0.9846299693625755,0.00672694966146275
20 mcg,459.22170000000006,0.9840863981319324,0.006966770893089842
20 mcg,459.45500000000004,0.9822292565770707,0.007787134162111965
20 mcg,459.6883,0.9817512518359751,0.007998536286105778
20 mcg,459.9216,0.9856129423759931,0.0062936022925027145
20 mcg,460.15490000000005,0.9884359925788498,0.005051448727482902
20 mcg,460.38820000000004,0.986473264336079,0.005914680618230738
20 mcg,460.6215,0.981333702268954,0.00818328577973708
20 mcg,460.8548,0.981940440995319,0.007914853283837025
20 mcg,461.08810000000005,0.9857894687990197,0.006215825729786824
20 mcg,461.32140000000004,0.9888021367123203,0.0048906037830026014
20 mcg,461.5547,0.9893924831020656,0.00463139350660116
20 mcg,461.788,0.9837415218805167,0.007118997470362801
20 mcg,462.02130000000005,0.9806033336425766,0.008506634667125161
20 mcg,462.25460000000004,0.983540094998603,0.007207930933551025
20 mcg,462.4879,0.9809109815553512,0.008370403398306556
20 mcg,462.7212,0.9890283475556141,0.004791260464958936
20 mcg,462.95450000000005,0.9879901730666917,0.005247375052183899
20 mcg,463.18780000000004,0.9778583148015472,0.009724067050342953
20 mcg,463.4211,0.9775220513584755,0.00987343682182962
20 mcg,463.6544,0.9830089026895691,0.007442548931398674
20 mcg,463.88770000000005,0.988924498394421,0.004836864300045537
20 mcg,464.12100000000004,0.986963489080096,0.005698912967983253
20 mcg,464.3543,0.9825838115846582,0.007630395297236788
20 mcg,464.5876,0.9793455571933315,0.009064042514764186
20 mcg,464.82090000000005,0.9792761385704443,0.009094827556039973
20 mcg,465.05420000000004,0.9827729916239686,0.007546787224363365
20 mcg,465.2875,0.9855953361677414,0.006301360254128951
20 mcg,465.5208,0.9823980403084371,0.007712512534423068
20 mcg,465.75410000000005,0.9801339082140643,0.008714585914044962
20 mcg,465.98740000000004,0.981200570710459,0.008242207860341041
20 mcg,466.2207,0.9835287987874194,0.0072129189461203735
20 mcg,466.454,0.984741135794971,0.006677919828449481
20 mcg,466.68730000000005,0.9806700275237167,0.00847709795374238
20 mcg,466.92060000000004,0.9770354650066027,0.010089671719174997
20 mcg,467.1539,0.9797420441534109,0.008888254457975234
20 mcg,467.3872,0.9807675542499762,0.00843390991708898
20 mcg,467.62050000000005,0.9799144165482394,0.00881185292372599
20 mcg,467.85380000000004,0.9816171839642498,0.008057847555371023
20 mcg,468.0871,0.9810912978973109,0.008290576383475154
20 mcg,468.3204,0.9797930097332828,0.008865663313135621
20 mcg,468.55370000000005,0.9816952846115594,0.008023295052170006
20 mcg,468.78700000000003,0.9813522428067641,0.00817508064301319
20 mcg,469.0203,0.9807313295259092,0.008449950912985187
20 mcg,469.2536,0.979874691475223,0.00882945928752908
20 mcg,469.48690000000005,0.9810351439319749,0.00831543447291237
20 mcg,469.72020000000003,0.9819963823305407,0.007890112148669035
20 mcg,469.9535,0.9870130242973484,0.00567711648624063
20 mcg,470.1868,0.9851992651530349,0.006475920767263475
20 mcg,470.42010000000005,0.9843559882906963,0.006847812350166613
20 mcg,470.65340000000003,0.9857434308465706,0.006236108453665313
20 mcg,470.8867,0.9838543059003247,0.00706920932097604
20 mcg,471.12000000000006,0.9830596089651885,0.007420147417337771
20 mcg,471.35330000000005,0.9849290017554425,0.006595074331975535
20 mcg,471.58660000000003,0.9898158467845246,0.004445597487902116
20 mcg,471.8199,0.9840581510142989,0.006979237017413956
20 mcg,472.05320000000006,0.9858381226053639,0.0061943915809493395
20 mcg,472.28650000000005,0.9873809523809524,0.005515255033882576
20 mcg,472.51980000000003,0.9839872286079182,0.007010538338071206
20 mcg,472.7531,0.9812788923190635,0.008207542893813145
20 mcg,472.98640000000006,0.981764274322169,0.007992775604492231
20 mcg,473.21970000000005,0.9810650112881232,0.008302212693248642
20 mcg,473.45300000000003,0.9812070790912202,0.008239327160348848
20 mcg,473.6863,0.974701924024399,0.011128176653775988
20 mcg,473.91960000000006,0.9680079765499529,0.014121064016651344
20 mcg,474.15290000000005,0.9612639158682342,0.0171573600216809
20 mcg,474.38620000000003,0.9613296939217464,0.017127642825559633
20 mcg,474.6195,0.9651531686145025,0.015403759189413087
20 mcg,474.85280000000006,0.9564423497192598,0.019341202273756394
20 mcg,475.08610000000004,0.943904476968276,0.02507195403312461
20 mcg,475.31940000000003,0.94872178475339,0.02286112694165011
20 mcg,475.5527,0.9513271107868347,0.021670126613542184
20 mcg,475.78600000000006,0.9562006203719279,0.019450978874889936
20 mcg,476.01930000000004,0.9587140053314585,0.01831092821050048
20 mcg,476.25260000000003,0.9676242970881354,0.014293235019934012
20 mcg,476.4859,0.9704271395618079,0.01303706622524498
20 mcg,476.71920000000006,0.9684925800572769,0.013903702206124639
20 mcg,476.95250000000004,0.9698739620531531,0.013284699900070883
20 mcg,477.18580000000003,0.973782010838094,0.011538252655099194
20 mcg,477.4191,0.9644810419204871,0.01570630453667333
20 mcg,477.65240000000006,0.973830064911514,0.011516821673864919
20 mcg,477.88570000000004,0.9753153830597496,0.010854925865952056
20 mcg,478.119,0.9654570289115791,0.015267051270280952
20 mcg,478.3523,0.966284111625298,0.014895161400508112
20 mcg,478.58560000000006,0.9777706140016008,0.009763019198104489
20 mcg,478.81890000000004,0.9817672324819242,0.007991467031185565
20 mcg,479.0522,0.9697749750451133,0.013329027005442255
20 mcg,479.2855,0.9621384010773077,0.01676245135007408
20 mcg,479.51880000000006,0.9642433723036391,0.015813337561064348
20 mcg,479.75210000000004,0.9741783104323172,0.011361543994818191
20 mcg,479.9854,0.9746317381738174,0.01115945024045799
20 mcg,480.2187,0.976427950210019,0.010359797415189156
20 mcg,480.45200000000006,0.9751473718683477,0.010929745375650437
20 mcg,480.68530000000004,0.9776009421540325,0.009838388553955272
20 mcg,480.9186,0.9713687501518674,0.012615872301018585
20 mcg,481.1519,0.9702623021312048,0.013110842054758182
20 mcg,481.38520000000005,0.9760701935956834,0.010518949141609049
20 mcg,481.61850000000004,0.9715737926647047,0.012524208414671964
20 mcg,481.8518,0.965914790954161,0.015061183574795453
20 mcg,482.0851,0.9739012462280989,0.011485078432028234
20 mcg,482.31840000000005,0.9710878450106157,0.012741481855371673
20 mcg,482.55170000000004,0.9685037248375336,0.013898704657543557
20 mcg,482.785,0.9722107167511723,0.012239595974657022
20 mcg,483.0183,0.9714998379280084,0.012557267516054035
20 mcg,483.25160000000005,0.967313077386093,0.014432940833884569
20 mcg,483.48490000000004,0.9691165005363264,0.013624011908141687
20 mcg,483.7182,0.9670402792975873,0.014555436245478164
20 mcg,483.9515,0.9705201165846034,0.01299545828577433
20 mcg,484.18480000000005,0.9658761548802186,0.015078555468740816
20 mcg,484.41810000000004,0.9614825158998969,0.017058608791320592
20 mcg,484.6514,0.96156683092085,0.01702052599492691
20 mcg,484.8847,0.9613571134136756,0.017115255853332213
20 mcg,485.11800000000005,0.9635182040109534,0.01614007568748937
20 mcg,485.35130000000004,0.9643369134352345,0.01577120874992266
20 mcg,485.5846,0.9573793817099988,0.018915929795364342
20 mcg,485.8179,0.9591122129026207,0.018130578863256308
20 mcg,486.05120000000005,0.9528543912649324,0.020973460223835602
20 mcg,486.28450000000004,0.9577630454995577,0.018741923866015982
20 mcg,486.5178,0.9620914388778163,0.016783649882263645
20 mcg,486.7511,0.9632351346101943,0.01626768463168129
20 mcg,486.98440000000005,0.9609349002838277,0.017306033148479973
20 mcg,487.21770000000004,0.9609123439181242,0.01731622761652296
20 mcg,487.451,0.9571958764936773,0.018999180952770083
20 mcg,487.6843,0.9579855036861133,0.0186410626508522
20 mcg,487.91760000000005,0.9562881707678625,0.019411216389435815
20 mcg,488.15090000000004,0.9595568024661121,0.017929311426251596
20 mcg,488.3842,0.9621909281995291,0.016738742061866912
20 mcg,488.6175,0.9520155436615589,0.021355960784291382
20 mcg,488.85080000000005,0.9567448849277259,0.019203850978144508
20 mcg,489.08410000000003,0.9581385946470444,0.01857166572634095
20 mcg,489.3174,0.9566559428977628,0.01924422624326235
20 mcg,489.5507,0.9545086156542055,0.020220147192585282
20 mcg,489.78400000000005,0.9461453959397834,0.024042119621133534
20 mcg,490.01730000000003,0.9483687943262409,0.023022744734849096
20 mcg,490.2506,0.9557929278587224,0.01963618725244506
20 mcg,490.48390000000006,0.9525789843370962,0.021099004062210245
20 mcg,490.71720000000005,0.954273609501738,0.020327086448829988
20 mcg,490.95050000000003,0.9563028458230662,0.019404551822425484
20 mcg,491.1838,0.9533912813484333,0.02072882396297133
20 mcg,491.41710000000006,0.9543807444659792,0.020278331551180768
20 mcg,491.65040000000005,0.952430764815612,0.021166584735169504
20 mcg,491.88370000000003,0.9516207381957864,0.021536102168759338
20 mcg,492.117,0.954470245347476,0.02023760575414845
20 mcg,492.35030000000006,0.9548208676488477,0.020078098038019524
20 mcg,492.58360000000005,0.9520064773328966,0.021360096720184775
20 mcg,492.81690000000003,0.9496732907499408,0.022425776214358362
20 mcg,493.0502,0.9499700939263482,0.022290066550309014
20 mcg,493.28350000000006,0.9565133908414722,0.019308945628476955
20 mcg,493.51680000000005,0.9531813023123848,0.02082448540048642
20 mcg,493.75010000000003,0.9499177914399454,0.02231397815205697
20 mcg,493.9834,0.9494018336709417,0.022549933822206318
20 mcg,494.21670000000006,0.9548896309057097,0.020046822613761898
20 mcg,494.45000000000005,0.9483710629921259,0.023021705826881456
20 mcg,494.68330000000003,0.9463663941374695,0.023940690083198695
20 mcg,494.9166,0.9467723156683908,0.02375444965321503
20 mcg,495.14990000000006,0.9543417860355441,0.020296060090655266
20 mcg,495.38320000000004,0.9518269837928856,0.021441987343274186
20 mcg,495.61650000000003,0.9492912064867888,0.02260054208237719
20 mcg,495.8498,0.9499651775710948,0.022292314148940073
20 mcg,496.08310000000006,0.9456546502743628,0.02426743744974573
20 mcg,496.31640000000004,0.9473542638299056,0.02348758587970845
20 mcg,496.54970000000003,0.9475492884732434,0.02339819016705294
20 mcg,496.783,0.9473090103267638,0.023508331884524263
20 mcg,497.01630000000006,0.9536605941450016,0.02060616231570724
20 mcg,497.24960000000004,0.9494448298187198,0.02253026610486466
20 mcg,497.48290000000003,0.9475256019928037,0.02340904663272927
20 mcg,497.7162,0.948666897427022,0.02288625333056403
20 mcg,497.94950000000006,0.9458555203016509,0.024175197137094026
20 mcg,498.18280000000004,0.940460140211459,0.026659606549598192
20 mcg,498.41610000000003,0.9399430043544671,0.026898480064989797
20 mcg,498.6494,0.9407616936761913,0.026520374690287764
20 mcg,498.88270000000006,0.9446959557620725,0.024707943851981384
20 mcg,499.11600000000004,0.9407417017760691,0.02652960387576483
20 mcg,499.3493,0.9391112745799192,0.027282945462461787
20 mcg,499.5826,0.9375367213211298,0.02801171287511422
20 mcg,499.81590000000006,0.9432402595776742,0.0253776708696217
20 mcg,500.04920000000004,0.9381526213416564,0.027726503609541056
20 mcg,500.2825,0.9343915058140974,0.02947111821415995
20 mcg,500.5158,0.9355465010732489,0.028934621143544854
20 mcg,500.74910000000006,0.9388920139430127,0.027384354960221118
20 mcg,500.98240000000004,0.9384603066124445,0.027584091698727647
20 mcg,501.2157,0.9411844664585879,0.02632524914050135
20 mcg,501.449,0.9398893405600723,0.026923275776004146
20 mcg,501.68230000000005,0.937688393560734,0.02794145953183409
20 mcg,501.91560000000004,0.9382436789678442,0.027684352786057683
20 mcg,502.1489,0.9431047930386656,0.025440047973315984
20 mcg,502.3822,0.9409693696863884,0.026424513440638932
20 mcg,502.61550000000005,0.9398533783783783,0.026939893132104483
20 mcg,502.84880000000004,0.9391747034434974,0.02725361360801768
20 mcg,503.0821,0.9419369399869095,0.025978171020733777
20 mcg,503.3154,0.9415856849081605,0.026140152769392747
20 mcg,503.54870000000005,0.9437232933171369,0.025155325406846805
20 mcg,503.78200000000004,0.9402437347722116,0.026759551777322674
20 mcg,504.0153,0.9372165687709194,0.028160042245181222
20 mcg,504.2486,0.9355771218043764,0.02892040678122363
20 mcg,504.48190000000005,0.936480632610305,0.028501199855693594
20 mcg,504.71520000000004,0.9355799658585626,0.0289190865745478
20 mcg,504.9485,0.9379576147041631,0.027816786478080148
20 mcg,505.1818,0.9390696517412935,0.02730219448036618
20 mcg,505.41510000000005,0.9359353190414662,0.028754163605912087
20 mcg,505.64840000000004,0.9373089203278265,0.0281172497925572
20 mcg,505.8817,0.9399872045301408,0.026878058144742884
20 mcg,506.115,0.9379911079672343,0.027801278656188727
20 mcg,506.34830000000005,0.93856754565829,0.02753446715442521
20 mcg,506.58160000000004,0.9363171865684669,0.0285770048502451
20 mcg,506.8149,0.9363967842052805,0.02854008643664749
20 mcg,507.0482,0.9405515254059261,0.026617407889758467
20 mcg,507.28150000000005,0.9384895950948792,0.027570537979159364
20 mcg,507.51480000000004,0.9356580565805657,0.02888283851923173
20 mcg,507.7481,0.9363433835731194,0.028564853994136795
20 mcg,507.9814,0.9365344563097696,0.028476239741044428
20 mcg,508.21470000000005,0.9353564315912465,0.02902286316407371
20 mcg,508.44800000000004,0.9322777804404336,0.03045466646788791
20 mcg,508.6813,0.9337094221470962,0.029788258665732724
20 mcg,508.9146,0.9346990713624533,0.029328188788147903
20 mcg,509.14790000000005,0.9313426371511067,0.030890514455596638
20 mcg,509.38120000000004,0.9330334391242352,0.03010279123003146
20 mcg,509.6145,0.9350729859571322,0.029154489489668034
20 mcg,509.8478,0.9300151246227477,0.031509988557044906
20 mcg,510.08110000000005,0.9291744150945137,0.03190275704684284
20 mcg,510.31440000000003,0.9267393472108034,0.03304239744747362
20 mcg,510.5477,0.9289855374291334,0.03199104710820226
20 mcg,510.78100000000006,0.9294196937111253,0.0317881293830221
20 mcg,511.01430000000005,0.9313005374352668,0.030910146422182122
20 mcg,511.24760000000003,0.927643354479704,0.03261896230732971
20 mcg,511.4809,0.9226909684767756,0.03494373034783027
20 mcg,511.71420000000006,0.9213019153190689,0.035598025969974544
20 mcg,511.94750000000005,0.926805439443223,0.033011425989912586
20 mcg,512.1808,0.9247601311782618,0.033970902088034494
20 mcg,512.4141,0.9240952649379932,0.03428325507400175
20 mcg,512.6474000000001,0.9227514459568481,0.034915265589809216
20 mcg,512.8807,0.9255480698768408,0.03360102051980647
20 mcg,513.114,0.9223229226408369,0.03511699763706348
20 mcg,513.3473,0.9242795749391399,0.03419664405225876
20 mcg,513.5806,0.9243154167854767,0.03417980324488136
20 mcg,513.8139,0.9247414279893927,0.03397968574293855
20 mcg,514.0472,0.9235331282931598,0.03454752125583138
20 mcg,514.2805,0.9220675014907571,0.03523728453001068
20 mcg,514.5138000000001,0.92329385303759,0.034660055808100595
20 mcg,514.7471,0.9239885744709936,0.03433339899080144
20 mcg,514.9804,0.9241722960388926,0.03424705449051347
20 mcg,515.2137,0.9248704600776034,0.03391909149140849
20 mcg,515.447,0.9201376919767019,0.036147178750938126
20 mcg,515.6803,0.9193910950661852,0.03649970700548997
20 mcg,515.9136,0.9230633168066475,0.03476850786183388
20 mcg,516.1469,0.9284473279353211,0.03224272933496897
20 mcg,516.3802000000001,0.9250780852498608,0.033821607194105256
20 mcg,516.6135,0.9228955245674236,0.034847460048815025
20 mcg,516.8468,0.9272176085838172,0.032818329376027196
20 mcg,517.0801,0.9311376109258753,0.03098613078088656
20 mcg,517.3134,0.9255858190913087,0.03358330783501414
20 mcg,517.5467,0.9214487707777852,0.035528804977711104
20 mcg,517.78,0.9198225004224432,0.03629597105053409
20 mcg,518.0133,0.9258367118035226,0.0334656023201325
20 mcg,518.2466000000001,0.9274924291464839,0.03268962671919654
20 mcg,518.4799,0.9225350371694367,0.03501713068609474
20 mcg,518.7132,0.9231109623679904,0.03474609155518679
20 mcg,518.9465,0.9260364557239674,0.033371915901105054
20 mcg,519.1798,0.9243787236058844,0.03415005921943125
20 mcg,519.4131,0.9249211577370458,0.03389528587618709
20 mcg,519.6464,0.9227816954238559,0.03490102886188641
20 mcg,519.8797,0.9240097382225233,0.03432345168679906
20 mcg,520.113,0.924223441537041,0.03422302045150966
20 mcg,520.3463,0.9190020074131436,0.03668353996590286
20 mcg,520.5796,0.9220033709478713,0.035267491114068
20 mcg,520.8129,0.9285855203780964,0.032178092658775206
20 mcg,521.0462,0.9255353335363997,0.03360699682791132
20 mcg,521.2795,0.9228309495385754,0.03487784871051808
20 mcg,521.5128,0.9216968360206875,0.035411903343464106
20 mcg,521.7461,0.9248060355813835,0.03394934456894359
20 mcg,521.9794,0.9199303967891074,0.03624503073481623
20 mcg,522.2127,0.9221594110882475,0.035193997198300235
20 mcg,522.446,0.9229566714959921,0.03481868659259899
20 mcg,522.6793,0.9228872148888735,0.03485137041969844
20 mcg,522.9126,0.9182281732505024,0.03704938626012784
20 mcg,523.1459,0.918413634722766,0.03696167738414142
20 mcg,523.3792,0.9180911209741315,0.03711421272865965
20 mcg,523.6125,0.9243648823377294,0.034156562215696414
20 mcg,523.8458,0.9259149133799839,0.03342892082063592
20 mcg,524.0791,0.9196162074420453,0.03639338326985375
20 mcg,524.3124,0.9246628776952244,0.03401657757802821
20 mcg,524.5457,0.9241639529465664,0.034250975161291095
20 mcg,524.779,0.9189445902073293,0.03671067456893415
20 mcg,525.0123,0.9212197492644971,0.03563676012958836
20 mcg,525.2456,0.9218427967881925,0.035343133510794295
20 mcg,525.4789,0.9249009598569523,0.03390476984525379
20 mcg,525.7122,0.9285361909359757,0.032201164387873946
20 mcg,525.9455,0.9285403101943275,0.03219923773469556
20 mcg,526.1788,0.918822154255807,0.03676854182371126
20 mcg,526.4121,0.9153866878012927,0.03839540767939774
20 mcg,526.6454,0.9192031702676886,0.0365884864657797
20 mcg,526.8787,0.9260701835434803,0.03335609844697783
20 mcg,527.112,0.9242963175255214,0.03418877722579184
20 mcg,527.3453,0.9229729083665338,0.03481104644927314
20 mcg,527.5786,0.9222808277476328,0.03513681932487497
20 mcg,527.8119,0.921031793545503,0.035725377921445395
20 mcg,528.0452,0.9213950438599998,0.035554128126363355
20 mcg,528.2785,0.9244419795359006,0.034120341138799914
20 mcg,528.5118,0.9228494645263798,0.03486913543927677
20 mcg,528.7451,0.9244069555213281,0.03413679541581121
20 mcg,528.9784,0.9241155081135057,0.0342737415493001
20 mcg,529.2117,0.9254278992758732,0.03365741177483118
20 mcg,529.445,0.9275868704938471,0.032645407201392904
20 mcg,529.6783,0.9247764602119468,0.0339632335625699
20 mcg,529.9116,0.9296628062518562,0.031674543853036384
20 mcg,530.1449,0.9306344394373891,0.031220879826752347
20 mcg,530.3782,0.9231445394606588,0.03473029488343535
20 mcg,530.6115,0.9208244630427128,0.035823151559697834
20 mcg,530.8448,0.9268462166449601,0.032992318501570236
20 mcg,531.0781000000001,0.9333121224391978,0.029973093247751152
20 mcg,531.3114,0.9300362070814124,0.031500143672328694
20 mcg,531.5447,0.9286152349706955,0.03216419552507897
20 mcg,531.778,0.9313728411822003,0.030876430239097728
20 mcg,532.0113,0.928957787457742,0.03200402022669053
20 mcg,532.2446,0.9322303707825663,0.030476752456400892
20 mcg,532.4779,0.9377169064347048,0.027928253870284834
20 mcg,532.7112,0.9315099312028406,0.030812510554533414
20 mcg,532.9445000000001,0.9252486665506544,0.03374153212867335
20 mcg,533.1778,0.9318014485604965,0.030676618741477448
20 mcg,533.4111,0.9371437633856268,0.02819378066415956
20 mcg,533.6444,0.92994957570481,0.03154059938891915
20 mcg,533.8777,0.9238225400079447,0.03441144576813376
20 mcg,534.111,0.9286238424273973,0.03216017001108425
20 mcg,534.3443,0.9347036757919338,0.02932604941147401
20 mcg,534.5776,0.9285304115746592,0.032203867516265035
20 mcg,534.8109000000001,0.9198942870937042,0.03626207827374337
20 mcg,535.0442,0.9245114070577658,0.034087725941606646
20 mcg,535.2775,0.9306259223694235,0.031224854462107363
20 mcg,535.5108,0.926027718652567,0.03337601345015303
20 mcg,535.7441,0.9272229317440045,0.03281583609673852
20 mcg,535.9774,0.9234417735496474,0.03459048324843442
20 mcg,536.2107,0.9218749380523957,0.03532799152520452
20 mcg,536.444,0.9258816248420704,0.03344453487761208
20 mcg,536.6773000000001,0.931327516118174,0.030897565603275095
20 mcg,536.9106,0.9300964389555804,0.03147201839787507
20 mcg,537.1439,0.9215827831604217,0.03546564725448714
20 mcg,537.3772,0.9202575991756826,0.036090587609695995
20 mcg,537.6105,0.9253560908338165,0.03369111209893338
20 mcg,537.8438,0.9301592835002281,0.03144267507841725
20 mcg,538.0771,0.9287687671981195,0.0320923975562814
20 mcg,538.3104,0.9196542145842527,0.03637543453111664
20 mcg,538.5437000000001,0.9221349204277496,0.03520553132116911
20 mcg,538.777,0.9298281255038535,0.03159732138546973
20 mcg,539.0103,0.9341231542069176,0.029595862884890016
20 mcg,539.2436,0.937593960399274,0.02798519886621091
20 mcg,539.4769,0.9342849260943464,0.02952065807395637
20 mcg,539.7102,0.9261170512264938,0.03333411970127155
20 mcg,539.9435,0.9271407446839972,0.0328543327380631
20 mcg,540.1768,0.9259400988487378,0.03341710789788285
20 mcg,540.4101,0.9287528397333404,0.032099845340510254
20 mcg,540.6434,0.9366462733190549,0.028424390488695096
20 mcg,540.8767,0.9336124067374573,0.029833385602559506
20 mcg,541.11,0.9279577323628051,0.0324718050523166
20 mcg,541.3433,0.9264812503180577,0.03316336529899652
20 mcg,541.5766,0.9267428688187163,0.03304074713233086
20 mcg,541.8099,0.9289977982549131,0.03198531529255296
20 mcg,542.0432,0.929902695630843,0.03156249334012501
20 mcg,542.2765,0.929495900606789,0.031752521274306014
20 mcg,542.5098,0.9301298274145066,0.03145642844117507
20 mcg,542.7431,0.9276655376722022,0.03260857693362278
20 mcg,542.9764,0.9245556467049495,0.034066944613403545
20 mcg,543.2097,0.9272760622540972,0.03279095143793314
20 mcg,543.443,0.9280729392183418,0.03241789031645867
20 mcg,543.6763,0.9275097567051399,0.032681513237534064
20 mcg,543.9096,0.9287346858223015,0.03210833438098129
20 mcg,544.1429,0.9309628320778697,0.03106765752102602
20 mcg,544.3762,0.9282337764629635,0.03234263257224168
20 mcg,544.6095,0.9253586811688512,0.03368989638678922
20 mcg,544.8428,0.9304598562949078,0.03130235930450823
20 mcg,545.0761,0.9341769444418233,0.02957085533688081
20 mcg,545.3094,0.9309261372029506,0.031084776030192236
20 mcg,545.5427,0.9293908263919679,0.03180161856579014
20 mcg,545.776,0.933035242444092,0.030101951848426012
20 mcg,546.0093,0.9350467423584121,0.029166678495470798
20 mcg,546.2426,0.9318547578820767,0.03065177301711845
20 mcg,546.4759,0.9271504685382811,0.03284977788041372
20 mcg,546.7092,0.9231752397061758,0.034715852155395736
20 mcg,546.9425,0.9228761282498197,0.034856587628266246
20 mcg,547.1758,0.9322460448353797,0.030469450508691574
20 mcg,547.4091,0.9358481286260196,0.02879462375249355
20 mcg,547.6424,0.92896719515339,0.031999622083228756
20 mcg,547.8757,0.9218759630200308,0.035327508664111086
20 mcg,548.109,0.9205450572052964,0.03595494956438777
20 mcg,548.3423,0.9317708893736204,0.030690862016034364
20 mcg,548.5756,0.9266424769726468,0.03308779576678532
20 mcg,548.8089,0.9276133794062081,0.032632995954293254
20 mcg,549.0422,0.9292701234762143,0.03185802542185373
20 mcg,549.2755,0.9288689449988671,0.03204555670477372
20 mcg,549.5088,0.925020155343624,0.03384880427810005
20 mcg,549.7421,0.9299586046496261,0.03153638281419519
20 mcg,549.9754,0.9346472704520569,0.029352258003194135
20 mcg,550.2087,0.9418635752688173,0.02601199826729406
20 mcg,550.442,0.9448486077318193,0.024637772542410008
20 mcg,550.6753,0.9383688279544943,0.027626427653194088
20 mcg,550.9086,0.9309904377753029,0.031054779644594507
20 mcg,551.1419,0.9386168559070018,0.027511650888848018
20 mcg,551.3752000000001,0.9401328993761866,0.02681074918115635
20 mcg,551.6085,0.9357261747691059,0.028851221972594484
20 mcg,551.8418,0.9403798499551774,0.026696685318081587
20 mcg,552.0751,0.9363862261200626,0.02854498323261836
20 mcg,552.3084,0.9392340509835667,0.02722617090246761
20 mcg,552.5417,0.9437199288782504,0.025156873699506338
20 mcg,552.775,0.9408244909172077,0.026491385855776144
20 mcg,553.0083,0.9365300319259237,0.028478291443484138
20 mcg,553.2416000000001,0.937031208752027,0.028245944263685232
20 mcg,553.4749,0.941149544324772,0.02634136369820191
20 mcg,553.7082,0.9431870581668279,0.025402166994066895
20 mcg,553.9415,0.9385333430064846,0.027550293712322975
20 mcg,554.1748,0.941301867093986,0.026271079877986474
20 mcg,554.4081,0.9458136555773131,0.024194419968444344
20 mcg,554.6414,0.9411847584457873,0.02632511440771055
20 mcg,554.8747,0.938617814206512,0.027511207487502506
20 mcg,555.1080000000001,0.9443257760945057,0.0248781557519122
20 mcg,555.3413,0.9509284269174956,0.021852169670934975
20 mcg,555.5746,0.9472914926829956,0.023516362934883028
20 mcg,555.8079,0.9440281013983925,0.025015077629252966
20 mcg,556.0412,0.9489010328239954,0.022779080659885164
20 mcg,556.2745,0.9460552571261068,0.024083496617120965
20 mcg,556.5078,0.942979550513442,0.025497725285436344
20 mcg,556.7411,0.9433658741683714,0.025319838211610983
20 mcg,556.9744000000001,0.9324881772520891,0.030356665778500803
20 mcg,557.2077,0.9312501530464107,0.03093364286946962
20 mcg,557.441,0.9465637263812997,0.02385014230863635
20 mcg,557.6743,0.94085047660604,0.02647939075410996
20 mcg,557.9076,0.9404289603231222,0.02667400532882278
20 mcg,558.1409,0.9464339198467415,0.02390970314525365
20 mcg,558.3742,0.9451912568306012,0.02448030431409318
20 mcg,558.6075,0.9422546850899973,0.025831694468779778
20 mcg,558.8408000000001,0.9441133733903128,0.02497585053099629
20 mcg,559.0741,0.9484161433818381,0.023001062325668516
20 mcg,559.3074,0.9466896831115938,0.023792355735817575
20 mcg,559.5407,0.9325252675019151,0.030339391810981393
20 mcg,559.774,0.9474483648881241,0.02344444938650356
20 mcg,560.0073,0.9584682203620452,0.018422282316651904
20 mcg,560.2406,0.9465153651073781,0.023872331592223035
20 mcg,560.4739,0.9318855789957243,0.03063740895650375
20 mcg,560.7072000000001,0.9370003197953308,0.028260260888823854
20 mcg,560.9405,0.9504536092143091,0.022069075804233573
20 mcg,561.1738,0.9530906575998203,0.02086578748050232
20 mcg,561.4071,0.9467893276321897,0.02374664615547253
20 mcg,561.6404,0.9409480352158042,0.02643436025200838
20 mcg,561.8737,0.939896751204748,0.026919851554382212
20 mcg,562.107,0.9445265063579985,0.024785849914209658
20 mcg,562.3403,0.947776803087242,0.02329392489858382
20 mcg,562.5736,0.9431658365337379,0.02541193869497637
20 mcg,562.8069,0.9390399491666399,0.02731593134030793
20 mcg,563.0402,0.9389273869068657,0.027367993127975908
20 mcg,563.2735,0.9519364865696163,0.021392026880769226
20 mcg,563.5068,0.9540556220312556,0.02042630492161969
20 mcg,563.7401,0.9520080560888918,0.0213593765103282
20 mcg,563.9734,0.9465112186221585,0.02387423414939329
20 mcg,564.2067,0.942931231682036,0.025519979362410013
20 mcg,564.44,0.9464927841627873,0.02388269264601587
20 mcg,564.6733,0.9570713713724597,0.019055674514209888
20 mcg,564.9066,0.9649498391273067,0.015495261947835645
20 mcg,565.1399,0.9481327741334193,0.02313084089421328
20 mcg,565.3732,0.9512152553329024,0.021721193236114843
20 mcg,565.6065,0.9518555195562396,0.021428967394264115
20 mcg,565.8398,0.9552056370434282,0.01990312326492452
20 mcg,566.0731,0.9586738660907128,0.01832911154317509
20 mcg,566.3064,0.9571007200174897,0.019042357054775385
20 mcg,566.5397,0.9587575115831568,0.01829122046008285
20 mcg,566.773,0.9678567434679249,0.014188919680800181
20 mcg,567.0063,0.9595437541678703,0.01793521711358531
20 mcg,567.2396,0.9627284383158513,0.016496199244111567
20 mcg,567.4729,0.9629434406072918,0.01639922082304291
20 mcg,567.7062,0.9550398425346837,0.019978510058117526
20 mcg,567.9395,0.9521150877192983,0.021310552728447542
20 mcg,568.1728,0.9587528049910345,0.018293352440254852
20 mcg,568.4061,0.9724121694650443,0.012149614721292022
20 mcg,568.6394,0.981626786684367,0.008053599068254255
20 mcg,568.8727,0.9586556837827127,0.018337348495485628
20 mcg,569.106,0.9539703767165032,0.020465111069810547
20 mcg,569.3393,0.9567858624524559,0.019185250479668722
20 mcg,569.5726,0.9679764582475332,0.014135204858462869
20 mcg,569.8059,0.9754435156960833,0.010797873918602782
20 mcg,570.0392,0.9646078975960649,0.015649186672533
20 mcg,570.2725,0.9574225127992251,0.01889636474886389
20 mcg,570.5058,0.9603369919247928,0.017576341906390295
20 mcg,570.7391,0.9604040466797138,0.017546018703549226
20 mcg,570.9724,0.9616650989391137,0.016976145223732343
20 mcg,571.2057,0.9629051451368826,0.016416492701638016
20 mcg,571.439,0.9588738461538461,0.01823852684724317
20 mcg,571.6723000000001,0.9541490915265749,0.020383758872144494
20 mcg,571.9056,0.9516591167816884,0.021518587552567574
20 mcg,572.1389,0.9579460834181078,0.018658933857723665
20 mcg,572.3722,0.9618292322884746,0.016902027814661245
20 mcg,572.6055,0.9520220280539654,0.021353002716780038
20 mcg,572.8388,0.9519913666856814,0.021366990079569905
20 mcg,573.0721,0.9448251284437275,0.024648564802536858
20 mcg,573.3054,0.9492897746050633,0.0226011971593408
20 mcg,573.5387000000001,0.9651022115159423,0.015426689198521137
20 mcg,573.772,0.9543140349146859,0.02030868903980775
20 mcg,574.0053,0.9430721403875766,0.025455084596802957
20 mcg,574.2386,0.9549527520701413,0.02001811535115394
20 mcg,574.4719,0.9615631288542681,0.017022198047384945
20 mcg,574.7052,0.9615140674852556,0.017044357409351205
20 mcg,574.9385,0.9579222327407876,0.018669746936538122
20 mcg,575.1718,0.9576469062955549,0.018794589996778834
20 mcg,575.4051000000001,0.9638615720014261,0.0159853341809549
20 mcg,575.6384,0.9599151821994713,0.01776713938761201
20 mcg,575.8717,0.9571992893848006,0.018997632474369603
20 mcg,576.105,0.9531856822858255,0.02082248977392395
20 mcg,576.3383,0.9593350724584988,0.018029677810064836
20 mcg,576.5716,0.9537747024368992,0.02055420081362278
20 mcg,576.8049,0.9540990100180615,0.020406554778798495
20 mcg,577.0382,0.9507328315537663,0.02194150838683364
20 mcg,577.2715000000001,0.961406044678055,0.017093151645616672
20 mcg,577.5048,0.9695560432386431,0.01342708233995776
20 mcg,577.7381,0.963995341245184,0.01592506493160708
20 mcg,577.9714,0.9630574693090641,0.016347796095503884
20 mcg,578.2047,0.9549279955518489,0.02002937429420523
20 mcg,578.438,0.9627299903861871,0.01649549909336064
20 mcg,578.6713,0.9676899160819921,0.014263784539224474
20 mcg,578.9046,0.9602786300016999,0.017602735798922423
20 mcg,579.1379000000001,0.9532885674931129,0.020775615311451716
20 mcg,579.3712,0.9619761547797531,0.016835693009921975
20 mcg,579.6045,0.9710369471733918,0.012764245222526213
20 mcg,579.8378,0.9723640518816128,0.012171105318247806
20 mcg,580.0711,0.9664393300148892,0.01482540440498361
20 mcg,580.3044,0.9678993927369389,0.014169782619218352
20 mcg,580.5377,0.9715541832984737,0.012532973909949051
20 mcg,580.771,0.9743064356057715,0.011304428786687939
20 mcg,581.0043000000001,0.9689663243733012,0.013691316234053353
20 mcg,581.2376,0.964513660384884,0.015691617073737195
20 mcg,581.4709,0.9663785022911431,0.01485273977444975
20 mcg,581.7042,0.9688399703313415,0.013747952300740718
20 mcg,581.9375,0.9696224083821388,0.013397356333464597
20 mcg,582.1708,0.9633250171216124,0.016227161133132075
20 mcg,582.4041,0.9644827140344329,0.015705551604061185
20 mcg,582.6374,0.9659491455706216,0.01504573733132433
20 mcg,582.8707,0.9690116006120181,0.013671023721547264
20 mcg,583.104,0.9692027482908064,0.013585363038617612
20 mcg,583.3373,0.9714360167745376,0.012585798745969792
20 mcg,583.5706,0.9736873469328429,0.0115804736138571
20 mcg,583.8039,0.973697646840032,0.011575879562993292
20 mcg,584.0372,0.9727071192853995,0.012017905492823345
20 mcg,584.2705000000001,0.9678494878026048,0.014192175438683452
20 mcg,584.5038000000001,0.9659511559256799,0.015044833468834309
20 mcg,584.7371,0.9735495578204456,0.011641936141743952
20 mcg,584.9704,0.9780663106523972,0.009631700044531063
20 mcg,585.2037,0.978622834721026,0.009384654836414446
20 mcg,585.437,0.9799758996392117,0.008784604697712677
20 mcg,585.6703,0.9763911372274955,0.010376171359173137
20 mcg,585.9036,0.9777256646209481,0.009782984736468613
20 mcg,586.1369000000001,0.9789787692885014,0.00922672646124351
20 mcg,586.3702000000001,0.980098319174138,0.008730355600352499
20 mcg,586.6035,0.9806198132595665,0.00849933615371115
20 mcg,586.8368,0.9830582580701791,0.007420744213957196
20 mcg,587.0701,0.9839405391427711,0.007031145778458482
20 mcg,587.3034,0.984382627754887,0.0068360592690766865
20 mcg,587.5367,0.9845282875759364,0.006771801149382627
20 mcg,587.77,0.9826563722258065,0.007598325236459521
20 mcg,588.0033000000001,0.9811748589428911,0.00825358843370798
20 mcg,588.2366000000001,0.9827100167366584,0.007574617173490707
20 mcg,588.4699,0.990100782436895,0.004320596282750425
20 mcg,588.7032,0.9924518638681846,0.003290548306303446
20 mcg,588.9365,0.9920442475768616,0.0034689568277654318
20 mcg,589.1698,0.9929680326089808,0.0030647328590955505
20 mcg,589.4031,0.9970804913284408,0.001269780977451317
20 mcg,589.6364,0.9933003061694455,0.002919430663696296
20 mcg,589.8697000000001,0.9886555450245972,0.00495499349083366
20 mcg,590.1030000000001,0.9942694402814728,0.002495908791133183
20 mcg,590.3363,1.000229093420543,-9.948261341107582e-05
20 mcg,590.5696,0.996755283282822,0.0014114536896512717
20 mcg,590.8029,0.9860434338394277,0.006103954570615255
20 mcg,591.0362,0.9892556541654739,0.004691458811899214
20 mcg,591.2695,0.993105869945591,0.0030044511196203267
20 mcg,591.5028000000001,0.9920507715638991,0.003466100783530588
20 mcg,591.7361000000001,0.987352536151465,0.005527753947518639
20 mcg,591.9694000000001,0.9905307415903792,0.004132041381477852
20 mcg,592.2027,0.989947740915817,0.004387731090261161
20 mcg,592.436,0.9871686405194022,0.005608649366038837
20 mcg,592.6693,0.9874798257036721,0.005471768283852382
20 mcg,592.9026,0.995863561432939,0.001800158138247949
20 mcg,593.1359,0.9929624449549372,0.0030671767385216727
20 mcg,593.3692000000001,0.9852860571154307,0.006437662912774069
20 mcg,593.6025000000001,0.985762118688271,0.006227875125048669
20 mcg,593.8358000000001,0.9962248140610904,0.0016426450212306183
20 mcg,594.0691,0.9971727549745336,0.0012295959182255034
20 mcg,594.3024,0.9902280690284728,0.004264767308307388
20 mcg,594.5357,0.9869834895459564,0.005690112233158049
20 mcg,594.769,0.9934865844426757,0.002837993015016777
20 mcg,595.0023,0.9944100151456398,0.002434510371456157
20 mcg,595.2356000000001,0.9924769339957414,0.0032795778190287074
20 mcg,595.4689000000001,0.9884363422293906,0.00505129509965599
20 mcg,595.7022000000001,0.9937049549549549,0.0027425446327196713
20 mcg,595.9355,1.0011775161075316,-0.0005110878997550872
20 mcg,596.1688,1.0024926998267758,-0.0010812187620536015
20 mcg,596.4021,1.0019236296957081,-0.0008346192699832335
20 mcg,596.6354,1.000350937195625,-0.00015238335062530393
20 mcg,596.8687,0.991116637028401,0.003875233671019482
20 mcg,597.1020000000001,0.9950209029066173,0.002167795714932127
20 mcg,597.3353000000001,0.999321291735085,0.00029485932732857046
20 mcg,597.5686000000001,0.9952914030517306,0.002049747184811137
20 mcg,597.8019,0.9926450541552035,0.003206016941499305
20 mcg,598.0352,1.0016680826322422,-0.0007238355414932493
20 mcg,598.2685,1.0040726831246491,-0.0017651517905091843
20 mcg,598.5018,1.0002527100322112,-0.00010973670731141335
20 mcg,598.7351,0.9901889803041636,0.004281911189471275
20 mcg,598.9684000000001,0.9942014045648355,0.0025256276440859546
20 mcg,599.2017000000001,0.9948438415555739,0.0022450841518808296
20 mcg,599.4350000000001,0.995271624452629,0.002058377643963858
20 mcg,599.6683,0.990182939238846,0.0042845607941302205
20 mcg,599.9016,0.991462381852552,0.0037237591831251102
20 mcg,600.1349,0.9919895582999133,0.0034928992133574375
20 mcg,600.3682,0.994904051172708,0.002218800717097592
20 mcg,600.6015,0.992178203012303,0.0034103181337981885
20 mcg,600.8348000000001,0.9945641958234319,0.0023671793650046112
20 mcg,601.0681000000001,0.9963383363883412,0.0015931588904246087
20 mcg,601.3014000000001,0.9953275019821478,0.0020339957356061843
20 mcg,601.5347,0.9915596662761823,0.003681147364026524
20 mcg,601.768,0.9937016815338873,0.002743975269692022
20 mcg,602.0013,0.9948513603867715,0.0022418018532691817
20 mcg,602.2346,0.9971921398507501,0.0012211533861740337
20 mcg,602.4679,0.9942511752161547,0.0025038870006801753
20 mcg,602.7012000000001,0.9909963654722439,0.003927938308108452
20 mcg,602.9345000000001,0.9897945505632458,0.0044549415804564
20 mcg,603.1678,0.9962042884990254,0.0016515930318089151
20 mcg,603.4011,0.9977242260647315,0.0009894824088269266
20 mcg,603.6344,0.9945712201729706,0.0023641120662987554
20 mcg,603.8677,0.9917994477970434,0.003576137846445169
20 mcg,604.101,0.9965834118755891,0.0014863459336281674
20 mcg,604.3343,0.994589290060215,0.002356221649935973
20 mcg,604.5676000000001,0.9906743312422825,0.004069089600822412
20 mcg,604.8009000000001,0.9936120725823369,0.0027831403719646235
20 mcg,605.0342,0.9949305774692332,0.0022072216400817525
20 mcg,605.2675,0.989498534807168,0.004584844535536405
20 mcg,605.5008,0.9914073852185269,0.003747850260696737
20 mcg,605.7341,0.994930125802609,0.0022074187959150557
20 mcg,605.9674,0.9941088455875162,0.002566061829974538
20 mcg,606.2007,0.9931794261536427,0.002972285493318882
20 mcg,606.4340000000001,0.9928037704874627,0.003136582135042066
20 mcg,606.6673000000001,0.9859764627775186,0.006133452409552284
20 mcg,606.9006,0.9887822014671506,0.004899359684640528
20 mcg,607.1339,0.9980560485479256,0.0008450690417006687
20 mcg,607.3672,0.9973763088321561,0.0011409520046245407
20 mcg,607.6005,0.9943363579717005,0.0024666802897941012
20 mcg,607.8338,0.9984766497584737,0.0006620870272512754
20 mcg,608.0671,0.9966483988824414,0.0014580265998416619
20 mcg,608.3004000000001,0.9939329309188463,0.00264292014451444
20 mcg,608.5337000000001,0.9889102723450436,0.004843111833798503
20 mcg,608.767,0.9907679981564398,0.004028029587737862
20 mcg,609.0003,0.9961084155480082,0.0016933907812667329
20 mcg,609.2336,0.992955847929615,0.003070062105663615
20 mcg,609.4669,0.9903577024691658,0.004207916361629223
20 mcg,609.7002,0.9955317254796909,0.001944895374168641
20 mcg,609.9335000000001,0.989656936803014,0.0045153268914179066
20 mcg,610.1668000000001,0.994091229210683,0.0025737579319382725
20 mcg,610.4001000000001,0.9935424239220885,0.0028135839322247086
20 mcg,610.6334,0.989291176867991,0.0046758642215209345
20 mcg,610.8667,0.9862160113715748,0.006027950908637389
20 mcg,611.1,0.9870455547173078,0.0056628030489051405
20 mcg,611.3333,0.9882774555187647,0.005121111602075115
20 mcg,611.5666,0.9942795261934612,0.0024915033115645185
20 mcg,611.7999000000001,0.9888184742034847,0.00488342820825199
20 mcg,612.0332000000001,0.988607694797864,0.004976013544222149
20 mcg,612.2665000000001,0.9874248124903083,0.0054959638166794025
20 mcg,612.4998,0.987126703550249,0.00562709948734256
20 mcg,612.7331,0.9851833704892329,0.006482927492410368
20 mcg,612.9664,0.9875418144680107,0.005444506427320261
20 mcg,613.1997,0.989071087633397,0.004772493177925807
20 mcg,613.433,0.9901079023142316,0.004317473254896911
20 mcg,613.6663000000001,0.9836731073631352,0.0071492016245367
20 mcg,613.8996000000001,0.9849613102561998,0.006580828458981324
20 mcg,614.1329000000001,0.9864263795276454,0.005935322127954691
20 mcg,614.3662,0.9909947369871317,0.003928651976396079
20 mcg,614.5995,0.9929227776073576,0.0030845264926485953
20 mcg,614.8328,0.9939219056634585,0.002647737606522643
20 mcg,615.0661,0.9907630954649521,0.00403017864496581
20 mcg,615.2994,0.9881736167960772,0.005166745501081513
20 mcg,615.5327000000001,0.9815693040834772,0.00807903145017108
20 mcg,615.7660000000001,0.9914439287127836,0.003731842365606006
20 mcg,615.9993000000001,0.9929882540977466,0.0030558886755191646
20 mcg,616.2326,0.9859624152854437,0.0061396399728288935
20 mcg,616.4659,0.984186765666471,0.006922479209138823
20 mcg,616.6992,0.991867036965992,0.0035465425456749885
20 mcg,616.9325,0.9960366083625971,0.001724699209141464
20 mcg,617.1658,0.9936439129573686,0.0027692235949818497
20 mcg,617.3991000000001,0.9787713030875554,0.009318772353986263
20 mcg,617.6324000000001,0.9941983998478708,0.0025269401889720967
20 mcg,617.8657000000001,0.9923420743136976,0.0033385946015038895
20 mcg,618.099,0.9852297419929565,0.00646248620721907
20 mcg,618.3323,0.9855814793211678,0.006307466202571847
20 mcg,618.5656,0.9871446106059467,0.005619221202913162
20 mcg,618.7989,0.9865190777221976,0.005894511760635023
20 mcg,619.0322,0.9952682300663728,0.0020598588132227035
20 mcg,619.2655000000001,0.9884114507033215,0.005062231958282315
20 mcg,619.4988000000001,0.9841236356965971,0.006950337617598553
20 mcg,619.7321000000001,0.9837659775480716,0.007108201108494803
20 mcg,619.9654,0.9888311383470118,0.0048778660827702965
20 mcg,620.1987,0.9874101754180178,0.005502401620107072
20 mcg,620.432,0.982731342743697,0.007565192555316678
20 mcg,620.6653,0.9831987742025352,0.007358671575433438
20 mcg,620.8986,0.9902403148430416,0.004259396569004475
20 mcg,621.1319000000001,0.9906556488680363,0.004077279707594839
20 mcg,621.3652000000001,0.9901662217056744,0.004291893170208994
20 mcg,621.5985000000001,0.9837666161518905,0.007107919189795642
20 mcg,621.8318,0.9854030793680104,0.006386084896054824
20 mcg,622.0651,0.9927635308351594,0.0031541850225793103
20 mcg,622.2984,0.9890805324431181,0.004768346045114653
20 mcg,622.5317,0.9867796657694033,0.005779808447735708
20 mcg,622.765,0.9961160680176241,0.001690054384836976
20 mcg,622.9983000000001,0.9929565465157942,0.003069756561346932
20 mcg,623.2316000000001,0.9886743040510733,0.004946753144198028
20 mcg,623.4649000000001,0.9851797674092755,0.006484515826777019
20 mcg,623.6982,0.9921379544106432,0.0034279360376207792
20 mcg,623.9315,0.9964662586435357,0.0015374023654162172
20 mcg,624.1648,0.9877328541984756,0.005360500387714767
20 mcg,624.3981,0.9815783442338869,0.008075031661931105
20 mcg,624.6314,0.988667066397552,0.004949932436386228
20 mcg,624.8647000000001,0.9970538240410455,0.0012813964997103137
20 mcg,625.0980000000001,0.9971716191011523,0.0012300906206932163
20 mcg,625.3313,0.9921422537161197,0.003426054080993057
20 mcg,625.5646,0.9908027392853818,0.004012801384867232
20 mcg,625.7979,0.9907429187079232,0.004039023083668484
20 mcg,626.0312,0.9877711232953746,0.005343674243295808
20 mcg,626.2645,0.9895664724404566,0.0045550274864204375
20 mcg,626.4978,0.9977186863044423,0.000991893790590636
20 mcg,626.7311000000001,0.9915709851174588,0.003676189838606289
20 mcg,626.9644000000001,0.9931452400567337,0.00298723454318918
20 mcg,627.1977,0.9927813199580605,0.003146403059949805
20 mcg,627.431,0.9885962385631988,0.004981046287091627
20 mcg,627.6643,0.9873561759729271,0.005526152947465913
20 mcg,627.8976,0.9901740089975385,0.004288477617837596
20 mcg,628.1309,0.9926824973516122,0.0031896353891708975
20 mcg,628.3642,0.9922070617111396,0.0033976863390722967
20 mcg,628.5975000000001,0.984645012124288,0.006720314744078571
20 mcg,628.8308000000001,0.9880967751068829,0.005200518128299689
20 mcg,629.0641,0.9880012123993325,0.005242522479156401
20 mcg,629.2974,0.9857675488807669,0.0062254827667946365
20 mcg,629.5307,0.9837190548694524,0.0071289161432407065
20 mcg,629.764,0.9875455729166668,0.005442853565252204
20 mcg,629.9973,0.9893500298151462,0.004650028804655591
20 mcg,630.2306000000001,0.9885513169845593,0.005000780973731589
20 mcg,630.4639000000001,0.9826815500622021,0.007587197790853864
20 mcg,630.6972000000001,0.9884981223335859,0.005024151298146004
20 mcg,630.9305,0.9901089584933572,0.004317009979611029
20 mcg,631.1638,0.9889043354655294,0.004845719109528572
20 mcg,631.3971,0.987917306052856,0.005279406655252737
20 mcg,631.6304,0.9856060799555015,0.0062966261181844055
20 mcg,631.8637,0.9849030986283549,0.006606496204079909
20 mcg,632.0970000000001,0.990091241554223,0.004324781283646072
20 mcg,632.3303000000001,0.9926176074979707,0.0032180253593413624
20 mcg,632.5636000000001,0.9924891607086455,0.003274227607798134
20 mcg,632.7969,0.9845005435852657,0.006784039733058336
20 mcg,633.0302,0.9793592728078926,0.009057960316335248
20 mcg,633.2635,0.9816549797617011,0.008041125975370498
20 mcg,633.4968,0.97986559599066,0.008833490555122264
20 mcg,633.7301,0.9801543685441991,0.008705520095939388
20 mcg,633.9634000000001,0.9846103499056986,0.006735603376071867
20 mcg,634.1967000000001,0.981620740715282,0.008056273953590624
20 mcg,634.4300000000001,0.987886574895236,0.005292916469973343
20 mcg,634.6633,0.9866084147994348,0.005855184753285461
20 mcg,634.8966,0.982008501685679,0.007884752315703538
20 mcg,635.1299,0.9792822719449227,0.009092107503702368
20 mcg,635.3632,0.9813423687845304,0.008179450383822598
20 mcg,635.5965,0.9833347775852109,0.007298600880319474
20 mcg,635.8298000000001,0.9852107919445966,0.006470839569112546
20 mcg,636.0631000000001,0.9865030995788759,0.005901545862487137
20 mcg,636.2964000000001,0.9915648239942214,0.0036788883344047413
20 mcg,636.5297,0.9872309723910553,0.005581227979063672
20 mcg,636.763,0.9778816037203814,0.00971372390722472
20 mcg,636.9963,0.9772083655273599,0.010012823844712493
20 mcg,637.2296,0.9854336310593377,0.00637262012661238
20 mcg,637.4629,0.9877331174146079,0.005360384654702441
20 mcg,637.6962000000001,0.9830189065373292,0.007438129242257305
20 mcg,637.9295000000001,0.9822069147069146,0.007797012773661141
20 mcg,638.1628000000001,0.9887467148052775,0.004914946472077577
20 mcg,638.3961,0.9913174601763881,0.0037872444809318602
20 mcg,638.6294,0.9851701799546501,0.006488742262436252
20 mcg,638.8627,0.9792394082656173,0.009111117208407167
20 mcg,639.096,0.9748539141070545,0.011060460250845698
20 mcg,639.3293,0.981067936811476,0.008300917634572797
20 mcg,639.5626000000001,0.990325565016011,0.00422200959783502
20 mcg,639.7959000000001,0.9936570779008491,0.0027634695976412145
20 mcg,640.0292000000001,0.9893887577381433,0.004633028760626381
20 mcg,640.2625,0.9859721886300049,0.006135335053584334
20 mcg,640.4958,0.9848300477897253,0.006638709274350357
20 mcg,640.7291,0.9867560286365856,0.005790211579921601
20 mcg,640.9624,0.9890158523853794,0.004796747282173247
20 mcg,641.1957,0.9915001254917615,0.0037072264910778317
20 mcg,641.4290000000001,0.991778987581836,0.0035850971680479447
20 mcg,641.6623000000001,0.9867779719382749,0.0057805539253425586
20 mcg,641.8956000000001,0.991516173120729,0.0037001974044149812
20 mcg,642.1289,0.9940544890848063,0.0025898091034270423
20 mcg,642.3622,0.9901639344262294,0.00429289638963525
20 mcg,642.5955,0.983607638794327,0.007178107146270218
20 mcg,642.8288,0.9836848343746495,0.0071440241463748555
20 mcg,643.0621,0.9902504961910266,0.004254931308955209
20 mcg,643.2954000000001,1.0000724052465955,-3.144406071350589e-05
20 mcg,643.5287000000001,0.9894797826066966,0.004593075022062575
20 mcg,643.7620000000001,0.987993375655534,0.005245967280684045
20 mcg,643.9953,0.9898550590841951,0.004428392925950544
20 mcg,644.2286,0.9966413246109515,0.001461109259663129
20 mcg,644.4619,1.0021554659918144,-0.0009350995601769907
20 mcg,644.6952,1.0027724236925324,-0.0012023823236374112
20 mcg,644.9285,1.0002830729876897,-0.00012291963973535538
20 mcg,645.1618000000001,0.9994047899193941,0.0002585734139677424
20 mcg,645.3951000000001,1.0011749745836598,-0.0005099854267406895
20 mcg,645.6284,1.0069920463450306,-0.003026040323125822
20 mcg,645.8617,1.0043798191337459,-0.0018979779089603385
20 mcg,646.095,0.9990459912005825,0.00041451851588393383
20 mcg,646.3283,1.0033776290630978,-0.0014644139303630972
20 mcg,646.5616,1.0049631764329172,-0.0021501487565310116
20 mcg,646.7949,1.0004810508223954,-0.00020886748377076998
20 mcg,647.0282000000001,1.0011436742825925,-0.0004964076197875192
20 mcg,647.2615000000001,0.9963267190550846,0.0015982228059221487
20 mcg,647.4948,0.993478567535507,0.0028414975541294412
20 mcg,647.7281,0.9943325249363106,0.0024683544409140473
20 mcg,647.9614,0.9984578699958743,0.0006702554946576467
20 mcg,648.1947,1.0024696089703902,-0.0010712153505509083
20 mcg,648.428,0.997461395741506,0.0011039036019895117
20 mcg,648.6613,0.9943490658800394,0.002461129915258263
20 mcg,648.8946000000001,0.9927604695733929,0.0031555242046718865
20 mcg,649.1279000000001,0.9933888173321442,0.0028807332055810894
20 mcg,649.3612,0.9923762517455611,0.0033236372447137327
20 mcg,649.5945,0.9861582174070349,0.006053402062407231
20 mcg,649.8278,0.9791009534436551,0.009172526518501532
20 mcg,650.0611,0.9800692562481182,0.008743233956833385
20 mcg,650.2944,0.9763560006569267,0.010391800232381157
20 mcg,650.5277000000001,0.9758745017168237,0.010606029378698636
20 mcg,650.7610000000001,0.9791002345763496,0.00917284538267738
20 mcg,650.9943000000001,0.9862736763531939,0.006002558042475194
20 mcg,651.2276,0.9904680940386231,0.0041595098338082235
20 mcg,651.4609,0.9851697990177003,0.006488910191643394
20 mcg,651.6942,0.9823673409093308,0.007726084210469669
20 mcg,651.9275,0.994777943602793,0.002273852551468542
20 mcg,652.1608,0.9971289916678384,0.0012486563865248613
20 mcg,652.3941000000001,0.9990247927275635,0.00042373378486369853
20 mcg,652.6274000000001,1.0101702126085332,-0.0043945581077552785
20 mcg,652.8607000000001,1.0056893760027272,-0.0024638623111287285
20 mcg,653.094,1.0073396001193673,-0.0031759070922071303
20 mcg,653.3273,1.0068900801276648,-0.0029820622123930773
20 mcg,653.5606,1.0079888000783845,-0.0034557066222267903
20 mcg,653.7939,1.0102668640625594,-0.004436108714471189
20 mcg,654.0272,1.000657442062682,-0.0002854296435446111
20 mcg,654.2605000000001,1.0005779401133814,-0.00025092369965870696
20 mcg,654.4938000000001,1.0169489215915284,-0.007299140112488845
20 mcg,654.7271000000001,1.0189238443109068,-0.008141725486794805
20 mcg,654.9604,1.0168429196815207,-0.007253868965565178
20 mcg,655.1937,1.0096343245271098,-0.0041641068558030386
20 mcg,655.427,1.0082402545743834,-0.0035640329062630602
20 mcg,655.6603,1.0172716563642326,-0.007436944177199039
20 mcg,655.8936,1.0052140400949767,-0.0022585458707877018
20 mcg,656.1269000000001,0.985265654270796,0.0064466561736858064
20 mcg,656.3602000000001,0.9754642458990286,0.01078864435590851
20 mcg,656.5935000000001,0.9762573438046639,0.010435686162688545
20 mcg,656.8268,0.9930002063983487,0.0030506612350774186
20 mcg,657.0601,1.0119429226653078,-0.0051560173747650295
20 mcg,657.2934,1.003829866918615,-0.0016601130883977628
20 mcg,657.5267,0.9910633584968113,0.0038985802614715593
20 mcg,657.76,0.9931845786069586,0.002970032450031752
20 mcg,657.9933000000001,0.9982350634069812,0.0007671794341085307
20 mcg,658.2266000000001,0.9892066070235648,0.004712991598757446
20 mcg,658.4599000000001,0.99562599893447,0.0019037711169296522
20 mcg,658.6932,1.01423263032959,-0.006137578745990341
20 mcg,658.9265,1.0148164524895211,-0.006387499510958462
20 mcg,659.1598,1.0009878986991445,-0.0004288271696750403
20 mcg,659.3931,1.000920040069984,-0.00039938462875248234
20 mcg,659.6264,1.0001002548143196,-4.353793023616104e-05
20 mcg,659.8597000000001,1.001474051910227,-0.0006397012499706091
20 mcg,660.0930000000001,1.007367596810934,-0.003187977142563068
20 mcg,660.3263000000001,0.9914407934941007,0.003733215726506206
20 mcg,660.5596,1.0032696177062375,-0.001417660584563876
20 mcg,660.7929,1.0312705975779233,-0.013372635812622598
20 mcg,661.0262,1.0180237388724036,-0.007757905251316762
20 mcg,661.2595,0.9775995699977446,0.009838998128165643
20 mcg,661.4928,0.976816905915034,0.010186832599133578
20 mcg,661.7261000000001,1.0111918545602274,-0.004833562586061244
20 mcg,661.9594000000001,1.0148008872382133,-0.006380838252582063
20 mcg,662.1927000000001,0.9787616762491135,0.00932304393751276
20 mcg,662.426,0.9815533782404573,0.00808607788267948
20 mcg,662.6593,0.9872903997089248,0.005555085991848404
20 mcg,662.8926,0.9875712104459539,0.005431579054708395
20 mcg,663.1259,0.987415574731011,0.005500026836570986
20 mcg,663.3592,0.9776279662417564,0.00982638339985048
20 mcg,663.5925000000001,0.9789307107926393,0.009248046690577915
20 mcg,663.8258000000001,0.9910099289372565,0.00392199429266596
20 mcg,664.0591000000001,1.0082490409080347,-0.003567817559352465
20 mcg,664.2924,0.9992071464650765,0.00034446848975670883
20 mcg,664.5257,0.9793004538782122,0.009084044210593445
20 mcg,664.759,0.9753683554346594,0.010831338638901065
20 mcg,664.9923,0.9873503440998613,0.005528718139068715
20 mcg,665.2256,0.9714892195321455,0.012562014337156572
20 mcg,665.4589000000001,0.9450812476282715,0.02453085405173325
20 mcg,665.6922000000001,0.9312983430089875,0.03091116975279187
20 mcg,665.9255,0.9410612880886426,0.026382091544107984
20 mcg,666.1588,0.9618208280395348,0.016905822599393026
20 mcg,666.3921,0.9709092014839142,0.012821383004792145
20 mcg,666.6254,0.9556654627293681,0.019694108892453824
20 mcg,666.8587,0.9558273839019705,0.01962053135115499
20 mcg,667.092,0.9539342340674933,0.02048156530231201
20 mcg,667.3253000000001,0.9739509241555132,0.01146292598115837
20 mcg,667.5586000000001,1.0056693238500523,-0.0024552029514054237
20 mcg,667.7919,0.9971705728906058,0.0012305462731575156
20 mcg,668.0252,0.9830510841162508,0.007423913527624218
20 mcg,668.2585,0.9918998167379354,0.0035321899779347096
20 mcg,668.4918,0.998337380907902,0.0007226672239781421
20 mcg,668.7251,0.9884203230054759,0.005058333607478055
20 mcg,668.9584,0.9886466218110456,0.004958913278584198
20 mcg,669.1917000000001,0.9976573519198689,0.001018592702744786
20 mcg,669.4250000000001,0.9765185516062933,0.010319501701562312
20 mcg,669.6583,0.9903839316164893,0.004196414433510706
20 mcg,669.8916,1.0041406116711544,-0.0017945321287418346
20 mcg,670.1249,1.0222946694120338,-0.009576096243065364
20 mcg,670.3582,1.0194636139128028,-0.008371729811179748
20 mcg,670.5915,1.0105216520265066,-0.004545623397975159
20 mcg,670.8248000000001,0.9943317267232805,0.0024687030764507637
20 mcg,671.0581000000001,0.9933083119029417,0.0029159303810041273
20 mcg,671.2914000000001,1.0012468631754499,-0.0005411684853259672
20 mcg,671.5247,1.0120322658319287,-0.005194358995260123
20 mcg,671.758,1.013556079728295,-0.0058477830662770226
20 mcg,671.9913,0.9968612392429623,0.0013652902591849985
20 mcg,672.2246,0.9840040257648955,0.007003124776074031
20 mcg,672.4579,0.9921470363147112,0.0034239605796191576
20 mcg,672.6912000000001,0.9879329071628152,0.005272548366176281
20 mcg,672.9245000000001,0.9859047523275594,0.006165039964104008
20 mcg,673.1578000000001,1.0003418317705508,-0.00014843028404111437
20 mcg,673.3911,1.005232136142229,-0.002266364049218942
20 mcg,673.6244,0.9828146727817652,0.0075283684103252995
20 mcg,673.8577,0.9673168214654284,0.014431259858111204
20 mcg,674.091,0.9595856178918831,0.017916269788200927
20 mcg,674.3243,0.9751464024281377,0.010930177128588672
20 mcg,674.5576000000001,0.9691355370420137,0.013615481078079635
20 mcg,674.7909000000001,0.9723974920833672,0.012156169918952006
20 mcg,675.0242000000001,0.9867760537092235,0.005781398165004827
20 mcg,675.2575,1.000982346241458,-0.00042641814112892975
20 mcg,675.4908,0.9829901808493613,0.007450820341046462
20 mcg,675.7241,0.9869167648100805,0.005719473579603427
20 mcg,675.9574,1.0109031110581175,-0.004709533089290572
20 mcg,676.1907,1.00905206139031,-0.003913573958663038
20 mcg,676.4240000000001,0.9570419553502694,0.019069022957000026
20 mcg,676.6573000000001,0.9420177031975321,0.025940935499313405
20 mcg,676.8906000000001,0.9613595706618963,0.017114145789273637
20 mcg,677.1239,0.9682575366325403,0.014009113907915411
20 mcg,677.3572,0.9463529765484066,0.02394684755691701
20 mcg,677.5905,0.9201255440736683,0.03615291246028026
20 mcg,677.8238,0.9289077525702604,0.03202741252831088
20 mcg,678.0571,0.9637892341246012,0.016017929234636376
20 mcg,678.2904000000001,0.9477024665389968,0.02332798905664716
20 mcg,678.5237000000001,0.9198578934920977,0.0362792605230954
20 mcg,678.7570000000001,0.9245375873214473,0.03407542778824568
20 mcg,678.9903,0.9320838499772145,0.030545016890229433
20 mcg,679.2236,0.9603831012009132,0.017555490347374334
20 mcg,679.4569,0.975043700871762,0.010975919047986792
20 mcg,679.6902,0.9513784710698087,0.02164668054001123
20 mcg,679.9235,0.9101040639022372,0.040908946366179824
20 mcg,680.1568000000001,0.8835282076729831,0.05377958057581695
20 mcg,680.3901000000001,0.8882603674540682,0.051459714880776684
20 mcg,680.6234000000001,0.8996708934275481,0.04591632979121353
20 mcg,680.8567,0.8774056857350662,0.05679955562133569
20 mcg,681.09,0.8860511935576647,0.05254118506858372
20 mcg,681.3233,0.9091423895253682,0.04136809241907044
20 mcg,681.5566,0.8883503646517389,0.05141571504934233
20 mcg,681.7899,0.8332016882725354,0.07924985873544965
20 mcg,682.0232000000001,0.8219149995023389,0.08517309384178784
20 mcg,682.2565000000001,0.8330373308920761,0.07933553612363232
20 mcg,682.4898000000001,0.8283908010872553,0.08176473239957248
20 mcg,682.7231,0.8111340124065279,0.09090738741580089
20 mcg,682.9564,0.8288794412389917,0.08150863206992777
20 mcg,683.1897,0.8131239528497358,0.08984324538334611
20 mcg,683.423,0.8088745681505459,0.09211881903483884
20 mcg,683.6563,0.8240364670289086,0.08405356854683407
20 mcg,683.8896000000001,0.7785277307062642,0.10872591350277196
20 mcg,684.1229000000001,0.7257981536255266,0.13918414094569279
20 mcg,684.3562000000001,0.7277590560662837,0.13801238159489676
20 mcg,684.5895,0.7221160433850289,0.14139300609769254
20 mcg,684.8228,0.7202963317638921,0.14248879693892394
20 mcg,685.0561,0.702903223010859,0.15310446531529676
20 mcg,685.2894,0.6874573682870959,0.16275422883113785
20 mcg,685.5227,0.6839285112122745,0.16498929127491374
20 mcg,685.7560000000001,0.663536646033649,0.17813508676984707
20 mcg,685.9893000000001,0.647278012055369,0.18890914565503894
20 mcg,686.2226,0.6454461319411485,0.1901399975136317
20 mcg,686.4559,0.6737390716798918,0.17150826618013798
20 mcg,686.6892,0.6398525025248374,0.1939201271445085
20 mcg,686.9225,0.597264612936892,0.22383321580961218
20 mcg,687.1558,0.5528243151078068,0.25741286345420294
20 mcg,687.3891,0.5214297510162601,0.2828041930879431
20 mcg,687.6224000000001,0.5106561240310078,0.2918714554591498
20 mcg,687.8557000000001,0.5034585711751066,0.298036261059325
20 mcg,688.089,0.4822695785521654,0.31671013240450757
20 mcg,688.3223,0.43888120139447573,0.3576530208991401
20 mcg,688.5556,0.421178107606679,0.37553421106848833
20 mcg,688.7889,0.40643438554695255,0.3910095565765638
20 mcg,689.0222,0.3925743592687746,0.40607806946279124
20 mcg,689.2555,0.3754145749836997,0.42548887046768474
20 mcg,689.4888000000001,0.36109610138742054,0.44237720045456475
20 mcg,689.7221000000001,0.3518948241106636,0.45358712099291043
20 mcg,689.9554,0.34731137922992894,0.45928098733188866
20 mcg,690.1887,0.34124767992591454,0.46693029262165825
20 mcg,690.422,0.3502493048793364,0.4556227179618681
20 mcg,690.6553,0.3530293845150811,0.4521891444659077
20 mcg,690.8886,0.355115779333852,0.4496300296827093
20 mcg,691.1219000000001,0.35993984110204125,0.44377007940119373
20 mcg,691.3552000000001,0.36607051755446857,0.43643524675080386
20 mcg,691.5885000000001,0.37855364700024885,0.4218725654500058
20 mcg,691.8218,0.3988755565617688,0.3991625768152645
20 mcg,692.0551,0.41271491260903814,0.3843498384964446
20 mcg,692.2884,0.4257729112015039,0.37082197298211406
20 mcg,692.5217,0.43714268697294245,0.3593767825938158
20 mcg,692.755,0.4507152829275596,0.34609771555099716
20 mcg,692.9883000000001,0.468789152438151,0.32902244624499627
20 mcg,693.2216000000001,0.48659740441459404,0.31283021199259364
20 mcg,693.4549000000001,0.5058760032243368,0.29595592133156234
20 mcg,693.6882,0.5272038698328936,0.2780214105519386
20 mcg,693.9215,0.5406656027592057,0.2670712594368695
20 mcg,694.1548,0.5572480093020359,0.2539514743070072
20 mcg,694.3881,0.5729656335826039,0.24187142618799096
20 mcg,694.6214,0.5925615883001868,0.2272665042733608
20 mcg,694.8547000000001,0.6170928118030536,0.20964951242931903
20 mcg,695.0880000000001,0.6386087075951107,0.19476516403847005
20 mcg,695.3213000000001,0.6525772424882127,0.1853680755590594
20 mcg,695.5546,0.6702333939067847,0.17377393754499657
20 mcg,695.7879,0.6806984908038046,0.16704521228111682
20 mcg,696.0212,0.6930566418819243,0.15923127007575835
20 mcg,696.2545,0.7021457256480659,0.15357274360112352
20 mcg,696.4878,0.7150470077157491,0.14566540642201425
20 mcg,696.7211000000001,0.7331393643031785,0.1348134613823489
20 mcg,696.9544000000001,0.7354729968799254,0.1334332679008641
20 mcg,697.1877000000001,0.7278457678163736,0.13796063893231844
20 mcg,697.421,0.743281101614435,0.128846909264731
20 mcg,697.6543,0.7626623844918603,0.11766767305598778
20 mcg,697.8876,0.7501515293237303,0.12485100100548911
20 mcg,698.1209,0.7509546354746874,0.12438629756052227
20 mcg,698.3542,0.7644157119578647,0.11667039494712278
20 mcg,698.5875000000001,0.7670283754287496,0.11518856947451189
20 mcg,698.8208000000001,0.7602203851671627,0.11906048905163064
20 mcg,699.0541000000001,0.757365311024449,0.12069459038982883
20 mcg,699.2874,0.758553899291038,0.12001355484690229
20 mcg,699.5207,0.7566627303567619,0.12109765680687097
20 mcg,699.754,0.755346762160549,0.12185362807968612
20 mcg,699.9873,0.7520813743753512,0.12373516668200678
20 mcg,700.2206,0.7503484208054478,0.12473702714694006
20 mcg,700.4539000000001,0.7527821437038468,0.12333069109894565
20 mcg,700.6872000000001,0.7555453455503339,0.12173946549926397
20 mcg,700.9205000000001,0.7573916427776859,0.12067949128749159
20 mcg,701.1538,0.7587912103792207,0.1198777084975442
20 mcg,701.3871,0.7512036887189141,0.12424228817227503
20 mcg,701.6204,0.762238736380825,0.11790898449462026
20 mcg,701.8537,0.7674692738547139,0.11493900277255603
20 mcg,702.087,0.7644731976775366,0.11663773628801921
20 mcg,702.3203000000001,0.7674003203236955,0.11497802385703479
20 mcg,702.5536000000001,0.7827220044315664,0.1063924568165327
20 mcg,702.7869000000001,0.7919003994628209,0.10132943796078021
20 mcg,703.0202,0.7903452640262628,0.10218314477985968
20 mcg,703.2535,0.7840821155184412,0.10563845204891983
20 mcg,703.4868,0.7945708438666186,0.09986737507244507
20 mcg,703.7201,0.7990483371031246,0.09742694796737149
20 mcg,703.9534,0.8026353740360254,0.09548170379716239
20 mcg,704.1867000000001,0.8029358356862093,0.09531915873228887
20 mcg,704.4200000000001,0.8049380877526819,0.09423752234195028
20 mcg,704.6533000000001,0.8153693229934558,0.08864563223299893
20 mcg,704.8866,0.8201938942178371,0.08608346806166639
20 mcg,705.1199,0.8196779255099513,0.086356760604862
20 mcg,705.3532,0.8296939846230941,0.08108205858224148
20 mcg,705.5865,0.8340234764751567,0.07882172447003456
20 mcg,705.8198,0.8354435394023421,0.07808289508783359
20 mcg,706.0531000000001,0.8377736790534143,0.07687328830689226
20 mcg,706.2864000000001,0.83725204224602,0.07714378444489403
20 mcg,706.5197000000001,0.8410522119278356,0.07517704267022213
20 mcg,706.753,0.8517095321787013,0.06970849218216076
20 mcg,706.9863,0.847663072651424,0.07177673590962012
20 mcg,707.2196,0.8463506450886743,0.07244967043957169
20 mcg,707.4529,0.8483432604980105,0.07142838597896936
20 mcg,707.6862,0.8471655493828658,0.07203171344959172
20 mcg,707.9195000000001,0.8482053890813368,0.07149897257325324
20 mcg,708.1528000000001,0.8515221592425184,0.06980404586752298
20 mcg,708.3861,0.8537328923142449,0.06867798591417389
20 mcg,708.6194,0.8622247720731644,0.06437950384337769
20 mcg,708.8527,0.8484850176364733,0.07135582195591367
20 mcg,709.086,0.8515506875250959,0.06978949607803363
20 mcg,709.3193,0.8599436512591427,0.06553000544128627
20 mcg,709.5526000000001,0.8647003511373681,0.063134364666114
20 mcg,709.7859000000001,0.8611803870375264,0.06490586958051708
20 mcg,710.0192000000001,0.8602911642580312,0.06535453755922903
20 mcg,710.2525,0.8629334546780241,0.06402269371749897
20 mcg,710.4858,0.8615184029184173,0.06473544114043649
20 mcg,710.7191,0.8669383365200766,0.06201179186802179
20 mcg,710.9524,0.8721257469056766,0.05942089207428764
20 mcg,711.1857,0.8747928187865673,0.05809479076262204
20 mcg,711.4190000000001,0.8757846827367127,0.05760265478341817
20 mcg,711.6523000000001,0.8744969532476519,0.05824169926710858
20 mcg,711.8856000000001,0.8714906289707751,0.059737278442872695
20 mcg,712.1189,0.8728349478587688,0.05906787314569906
20 mcg,712.3522,0.8806472673008767,0.05519800820532124
20 mcg,712.5855,0.8735916691065339,0.058691516212498705
20 mcg,712.8188,0.87006185231546,0.06044987247969592
20 mcg,713.0521,0.8735716598359038,0.05870146366924527
20 mcg,713.2854000000001,0.8790793063571578,0.055971943174651484
20 mcg,713.5187000000001,0.8854388473119653,0.052841427914976286
20 mcg,713.7520000000001,0.8866805596586902,0.052232813273741935
20 mcg,713.9853,0.8785028522990821,0.05625682411092739
20 mcg,714.2186,0.8804988680060829,0.05527119803745131
20 mcg,714.4519,0.8856825220360519,0.05272192555839099
20 mcg,714.6852,0.8816214082728133,0.054717872460230056
20 mcg,714.9185,0.8789786341591296,0.056021681444505866
20 mcg,715.1518000000001,0.8822868492357877,0.05439019402147676
20 mcg,715.3851000000001,0.8903807402693817,0.05042424274926282
20 mcg,715.6184000000001,0.8957224218230205,0.0478265543418244
20 mcg,715.8517,0.8956602870813396,0.04785668165668929
20 mcg,716.085,0.8934528446882368,0.048928364067253836
20 mcg,716.3183,0.8800085575114338,0.05551310459764468
20 mcg,716.5516,0.8849881043251993,0.053062566884824906
20 mcg,716.7849,0.8932064419344854,0.04904815339447441
20 mcg,717.0182000000001,0.892564657164513,0.04936031389064228
20 mcg,717.2515000000001,0.8888780285294635,0.05115782864823785
20 mcg,717.4848000000001,0.8928923993362511,0.0492008739111107
20 mcg,717.7181,0.8958190385429902,0.04777971187759864
20 mcg,717.9514,0.8920859025032938,0.04959332366548508
20 mcg,718.1847,0.8841992070762832,0.05344987889242617
20 mcg,718.418,0.8886377646444694,0.05127523438999245
20 mcg,718.6513,0.897723603059901,0.046857356142260935
20 mcg,718.8846000000001,0.9036411279595638,0.044004010997125656
20 mcg,719.1179000000001,0.8968475820722078,0.04728135839344822
20 mcg,719.3512000000001,0.8867445690534076,0.05220146272335474
20 mcg,719.5845,0.8894799640215136,0.05086383016903693
20 mcg,719.8178,0.9033332535267844,0.0441520022137571
20 mcg,720.0511,0.9049173169751138,0.043391100819009217
20 mcg,720.2844,0.8845386559630998,0.05328318287339118
20 mcg,720.5177,0.8791421155732211,0.05594091443660937
20 mcg,720.7510000000001,0.8970708247169469,0.04717326758076775
20 mcg,720.9843000000001,0.9109188974625116,0.04052028817787303
20 mcg,721.2176000000001,0.9004803066328437,0.04552578069476295
20 mcg,721.4509,0.8927667825305621,0.04926197704455189
20 mcg,721.6842,0.8988123283071449,0.04633097933363307
20 mcg,721.9175,0.8997037201636946,0.04590048376308665
20 mcg,722.1508,0.8960970956172044,0.04764493028637062
20 mcg,722.3841,0.9009007074715248,0.04532307203256228
20 mcg,722.6174000000001,0.9004949144100106,0.045518735537292195
20 mcg,722.8507000000001,0.8943463250587007,0.04849427322142122
20 mcg,723.0840000000001,0.8955980204115459,0.04788687503638854
20 mcg,723.3173,0.9017194831482703,0.04492854656942644
20 mcg,723.5506,0.9021997194668281,0.04469731227934966
20 mcg,723.7839,0.8968471958675943,0.04728154541136743
20 mcg,724.0172,0.8990007426377118,0.04623994950889907
20 mcg,724.2505,0.8955924345398028,0.047889583752558806
20 mcg,724.4838000000001,0.8977560396039603,0.04684166450002362
20 mcg,724.7171000000001,0.9062932740849671,0.0427312430442672
20 mcg,724.9504000000001,0.9009249176688152,0.04531140125272329
