Concentration,Wavelength,Transmittance,Absorbance
1 mcg,375.0004,0.9856650683715148,0.006270634418767345
1 mcg,375.23370000000006,0.9727454413611363,0.012000795781318314
1 mcg,375.46700000000004,0.9071148459383753,0.04233772528850692
1 mcg,375.7003,0.9239952895125307,0.03433024278847502
1 mcg,375.9336,0.9417236844295727,0.026076506900330972
1 mcg,376.16690000000006,0.9534836992012858,0.020686727271825852
1 mcg,376.40020000000004,0.9469638790538405,0.023666586389312565
1 mcg,376.6335,0.893056942265329,0.0491208491481767
1 mcg,376.8668,0.8802170851727031,0.055410205956878344
1 mcg,377.10010000000005,0.9308358894420141,0.031126880342181196
1 mcg,377.33340000000004,0.9175016307893021,0.03739315514980696
1 mcg,377.5667,0.9441592905767361,0.02495472902553509
1 mcg,377.8,1.0112644871129566,-0.004864756255086786
1 mcg,378.03330000000005,1.0106614559229359,-0.004605703121208403
1 mcg,378.26660000000004,1.0135938768810795,-0.0058639783110682134
1 mcg,378.4999,1.0220738149502657,-0.009482262009993964
1 mcg,378.7332,0.9696467821908706,0.013386439426531577
1 mcg,378.96650000000005,0.9470435806831567,0.023630035342321457
1 mcg,379.19980000000004,0.9093086660175268,0.041288669920460035
1 mcg,379.4331,0.8815614200439836,0.05474742419627414
1 mcg,379.6664,0.9018923968763475,0.04484527424347761
1 mcg,379.89970000000005,0.9213357465473102,0.03558207848768117
1 mcg,380.13300000000004,0.8846440534037836,0.05323143748077851
1 mcg,380.3663,0.8814720652856248,0.054791446364705045
1 mcg,380.5996,0.8899936386768447,0.05061309750948861
1 mcg,380.83290000000005,0.8809025954392833,0.05507211043233551
1 mcg,381.06620000000004,0.8531279835970637,0.068985812442549
1 mcg,381.2995,0.8797510224698961,0.05564021974394917
1 mcg,381.5328,0.8747365163139977,0.05812274325552669
1 mcg,381.76610000000005,0.8572125883108542,0.06691145989596008
1 mcg,381.99940000000004,0.8762169093181413,0.05738837002031534
1 mcg,382.2327,0.8519051376061634,0.0696087626369096
1 mcg,382.466,0.8776968728958208,0.0566554489676758
1 mcg,382.69930000000005,0.9542429931834714,0.020341020305168277
1 mcg,382.93260000000004,1.0049554615398348,-0.0021468147554118957
1 mcg,383.1659,0.9760375606594137,0.01053346914351021
1 mcg,383.3992,0.9553740371193714,0.019826565113581617
1 mcg,383.63250000000005,0.9276232926438063,0.03262835475195873
1 mcg,383.86580000000004,0.8793722620709576,0.055827237396674195
1 mcg,384.0991,0.8227284186798356,0.08474350103746286
1 mcg,384.3324,0.8408738738738739,0.0752691409302979
1 mcg,384.56570000000005,0.9250066533599468,0.03385514346948721
1 mcg,384.79900000000004,0.9154916403601076,0.03834561702263618
1 mcg,385.0323,0.8647905717470936,0.06308905386109638
1 mcg,385.2656,0.8657493683515988,0.06260781663846718
1 mcg,385.49890000000005,0.8958371346511235,0.047770938944461064
1 mcg,385.73220000000003,0.9127447435036421,0.03965065947265938
1 mcg,385.9655,0.9094063650577496,0.041242010434645204
1 mcg,386.1988,0.8989778451606593,0.04625101109550688
1 mcg,386.43210000000005,0.8869707310039892,0.05209071114142593
1 mcg,386.66540000000003,0.9139155041453606,0.03909395500985067
1 mcg,386.8987,0.8945549449658772,0.048392979230041364
1 mcg,387.132,0.9041689297058871,0.043750420868552096
1 mcg,387.36530000000005,0.9199130006287064,0.03625324345170211
1 mcg,387.59860000000003,0.9113534077206569,0.04031317817517759
1 mcg,387.8319,0.8897633361487886,0.050725493886158185
1 mcg,388.0652,0.9273372251209725,0.032762306441402836
1 mcg,388.29850000000005,1.0231423108233468,-0.009936044764771083
1 mcg,388.53180000000003,1.0516025455037816,-0.021851628686615
1 mcg,388.7651,1.0292983345537843,-0.012541270070417991
1 mcg,388.9984,0.9688398177357168,0.013748020703619433
1 mcg,389.23170000000005,0.9255455626454976,0.03360219698837411
1 mcg,389.46500000000003,0.9256004449613188,0.033576445279082406
1 mcg,389.6983,0.920490656961364,0.035980615254172205
1 mcg,389.9316,0.9204185654008439,0.03601462993187751
1 mcg,390.16490000000005,0.9260066914624412,0.03338587503003736
1 mcg,390.39820000000003,0.9370990740263533,0.028214491259124664
1 mcg,390.6315,0.9108116682529345,0.04057141434872224
1 mcg,390.86480000000006,0.9206855791962175,0.035888659199503514
1 mcg,391.09810000000004,0.8951077943615257,0.04812466113388293
1 mcg,391.33140000000003,0.8349675794187619,0.07833038721446117
1 mcg,391.5647,0.8190760196357297,0.08667578886694964
1 mcg,391.79800000000006,0.8773444662737394,0.056829858823440736
1 mcg,392.03130000000004,0.9451141552511417,0.024515732229931374
1 mcg,392.26460000000003,0.9195704380179265,0.03641499870338016
1 mcg,392.4979,0.9381496473160152,0.02772788036311279
1 mcg,392.73120000000006,0.9594974822197994,0.017956160542352738
1 mcg,392.96450000000004,0.9666631799163178,0.014724823316396646
1 mcg,393.19780000000003,0.9744169262994841,0.011255180648578122
1 mcg,393.4311,0.9506294019390057,0.021988757575030365
1 mcg,393.66440000000006,0.9193288613170592,0.03652910547234196
1 mcg,393.89770000000004,0.9130535777407465,0.03950373743344422
1 mcg,394.13100000000003,0.9212263110568196,0.0356336666873884
1 mcg,394.3643,0.873836714370613,0.05856971230029264
1 mcg,394.59760000000006,0.8650436715896458,0.06296196669514532
1 mcg,394.83090000000004,0.8804645670565019,0.0552881168590831
1 mcg,395.0642,0.8795775324051849,0.05572587262305986
1 mcg,395.2975,0.8620426591935233,0.06447124207095371
1 mcg,395.53080000000006,0.8718856407600937,0.05954047475074724
1 mcg,395.76410000000004,0.9096156047154232,0.041142097810571626
1 mcg,395.9974,0.8985103052018271,0.04647693751257764
1 mcg,396.2307,0.8649806847151191,0.06299359035634022
1 mcg,396.46400000000006,0.9099008103513722,0.041005948189838236
1 mcg,396.69730000000004,0.9720192970365263,0.012325113146470352
1 mcg,396.9306,0.965293605157693,0.015340570898804461
1 mcg,397.1639,0.9457747075057991,0.0242123043378683
1 mcg,397.39720000000005,0.9520537486639183,0.02133853261424012
1 mcg,397.63050000000004,0.9264662671882995,0.033170388801296836
1 mcg,397.8638,0.8461359762260335,0.0725598391130574
1 mcg,398.0971,0.8848148148148148,0.053147614409109416
1 mcg,398.33040000000005,0.9265218903741985,0.033144315409936516
1 mcg,398.56370000000004,0.9112167083067979,0.04037832551925792
1 mcg,398.797,0.8705184493227464,0.060222020234005275
1 mcg,399.0303,0.8723331785106051,0.0593176091588749
1 mcg,399.26360000000005,0.8897672955974842,0.05072356127911086
1 mcg,399.49690000000004,0.892263882297105,0.0495066863444203
1 mcg,399.7302,0.872336729787993,0.05931584114514812
1 mcg,399.9635,0.881938422871505,0.0545617363428768
1 mcg,400.19680000000005,0.8831331757289205,0.05397380024683372
1 mcg,400.43010000000004,0.8881953694893753,0.05149149530381413
1 mcg,400.6634,0.8891863765373699,0.051007199864150594
1 mcg,400.8967,0.8594444444444445,0.06578219140393854
1 mcg,401.13000000000005,0.8615073435070719,0.06474101626469732
1 mcg,401.36330000000004,0.9121803207628953,0.03991930139597208
1 mcg,401.5966,0.9238412434082708,0.034402653277175586
1 mcg,401.8299,0.9661866448009019,0.014938969881334033
1 mcg,402.06320000000005,0.9625818490245972,0.016562331878253074
1 mcg,402.29650000000004,0.9291012514220705,0.03193695496462957
1 mcg,402.5298,0.8966770750803934,0.04736393350118225
1 mcg,402.7631,0.892584228234318,0.04935079131502843
1 mcg,402.99640000000005,0.9126984874899874,0.03967266917545189
1 mcg,403.22970000000004,0.9579184552885643,0.018671459528473832
1 mcg,403.463,0.9435426435281417,0.025238467061899802
1 mcg,403.6963,0.9590653566016522,0.018151796328501044
1 mcg,403.92960000000005,0.96327421377502,0.016250065339402493
1 mcg,404.16290000000004,0.9653429485617762,0.015318371414313183
1 mcg,404.3962,0.9503498621272255,0.02211648395363777
1 mcg,404.6295,0.9420368605020655,0.025932103577130702
1 mcg,404.86280000000005,0.9373404102711234,0.02810265942796227
1 mcg,405.09610000000004,0.9223631875992392,0.03509803847739521
1 mcg,405.3294,0.9229185247774179,0.03483663678708162
1 mcg,405.5627,0.9210830999066292,0.035701186086713924
1 mcg,405.79600000000005,0.9574914238778567,0.018865107259290692
1 mcg,406.02930000000003,0.9772502084661795,0.00999422825237757
1 mcg,406.2626,0.9332395994438457,0.03000684140092484
1 mcg,406.4959,0.8907900467030079,0.05022464422680734
1 mcg,406.72920000000005,0.900649757678607,0.04544406349309825
1 mcg,406.96250000000003,0.9171917051694903,0.03753988156465455
1 mcg,407.1958,0.8890982867448151,0.051050226620934565
1 mcg,407.4291,0.8943979239276392,0.0484692175388424
1 mcg,407.66240000000005,0.8778705760402783,0.05656950716302563
1 mcg,407.89570000000003,0.8696138615318935,0.06067354626901015
1 mcg,408.129,0.8818343722172751,0.05461297721148383
1 mcg,408.3623,0.8958990442054958,0.04774092673823452
1 mcg,408.59560000000005,0.8777864923747276,0.05661110648518454
1 mcg,408.82890000000003,0.8604215390285042,0.06528872640621551
1 mcg,409.0622,0.8452788011756427,0.07300002259880295
1 mcg,409.2955,0.8685659129299208,0.06119721862670893
1 mcg,409.52880000000005,0.8927181751287713,0.049285623198827296
1 mcg,409.76210000000003,0.8709496882702625,0.06000693194720489
1 mcg,409.9954,0.8500995889307964,0.07053019382736872
1 mcg,410.2287,0.8612738141315099,0.06485875672098265
1 mcg,410.46200000000005,0.8637487422739687,0.06361257200428391
1 mcg,410.69530000000003,0.859161970935898,0.06592495438451677
1 mcg,410.9286,0.8597615396305662,0.06562198641115928
1 mcg,411.16190000000006,0.8871073289239024,0.05202383277308915
1 mcg,411.39520000000005,0.8805283258193048,0.05525666860170236
1 mcg,411.62850000000003,0.8577884743949726,0.06661979342020496
1 mcg,411.8618,0.8378828125000001,0.07681671817578338
1 mcg,412.09510000000006,0.8418366945787633,0.07477214783752456
1 mcg,412.32840000000004,0.8717346064389766,0.059615712891057396
1 mcg,412.56170000000003,0.912568725226953,0.03973441907650465
1 mcg,412.795,0.898376934952226,0.04654140673720543
1 mcg,413.02830000000006,0.8927697349317625,0.04926054082464021
1 mcg,413.26160000000004,0.8688772213247171,0.06104158818699958
1 mcg,413.49490000000003,0.8534425235062176,0.06882572184229292
1 mcg,413.7282,0.8560516068127287,0.06750005322189338
1 mcg,413.96150000000006,0.8530270474404552,0.06903719817842091
1 mcg,414.19480000000004,0.8605167694705275,0.06524066186454322
1 mcg,414.42810000000003,0.8949545817596014,0.04819900422787098
1 mcg,414.6614,0.9053397066633985,0.04318843179271236
1 mcg,414.89470000000006,0.9397009943282273,0.0270103136032722
1 mcg,415.12800000000004,0.9388832630098454,0.027388402816248134
1 mcg,415.3613,0.8717505098130901,0.05960778996982687
1 mcg,415.5946,0.8450198954708179,0.07313306573495529
1 mcg,415.82790000000006,0.8983106651510995,0.04657344414755711
1 mcg,416.06120000000004,0.9630379186883977,0.01635661261282322
1 mcg,416.2945,0.9615796464418245,0.01701473786582961
1 mcg,416.5278,0.9590642800124475,0.018152283841693
1 mcg,416.76110000000006,0.9973694888692999,0.0011439216784934322
1 mcg,416.99440000000004,0.9822759315206445,0.007766497239833648
1 mcg,417.2277,0.9219718419113369,0.03528234260067421
1 mcg,417.461,0.8955222765806476,0.047923606380310194
1 mcg,417.69430000000006,0.8889855179275529,0.05110531387273304
1 mcg,417.92760000000004,0.8937582903463523,0.048779916732149396
1 mcg,418.1609,0.9061574415744157,0.042796338673512506
1 mcg,418.3942,0.899924359759392,0.045793992249145654
1 mcg,418.62750000000005,0.9618618049501573,0.016887320538953043
1 mcg,418.86080000000004,0.9735048555933913,0.011661877988677601
1 mcg,419.0941,0.9269766501326292,0.0329312052797423
1 mcg,419.3274,0.9074353931615085,0.04218428573236292
1 mcg,419.56070000000005,0.9329016668426177,0.03016413095689166
1 mcg,419.79400000000004,0.9620796869185244,0.016788954827342255
1 mcg,420.0273,0.9654318344039972,0.01527838474039995
1 mcg,420.2606,0.9600625434329394,0.01770047385309779
1 mcg,420.49390000000005,0.9711049005738996,0.01273385425297538
1 mcg,420.72720000000004,0.9763718820861679,0.010384736045767888
1 mcg,420.9605,0.9898557101115737,0.00442810729069263
1 mcg,421.1938,0.9886722253595986,0.0049476662509535495
1 mcg,421.42710000000005,0.963368443451431,0.016207583742334164
1 mcg,421.66040000000004,0.9614324372703246,0.017081229523926142
1 mcg,421.8937,0.9660638197140422,0.014994182451871759
1 mcg,422.127,0.9633802229863497,0.016202273462790434
1 mcg,422.36030000000005,0.9516242981112814,0.021534477520722954
1 mcg,422.59360000000004,0.960216472802791,0.017630847850306153
1 mcg,422.8269,0.9600527169505272,0.017704918989466665
1 mcg,423.0602,0.9693477801587539,0.013520379909065044
1 mcg,423.29350000000005,0.9767135474455472,0.010232788384384597
1 mcg,423.52680000000004,0.9808429802894582,0.008400511735158163
1 mcg,423.7601,0.9681801060469968,0.01404384539144874
1 mcg,423.9934,0.9285097921170494,0.03221351180575573
1 mcg,424.22670000000005,0.9757358178761718,0.01066775238376882
1 mcg,424.46000000000004,0.9966388329014302,0.0014621950435069252
1 mcg,424.6933,0.9795480950654807,0.008974235617424112
1 mcg,424.9266,0.9682286981253805,0.014022049093616165
1 mcg,425.15990000000005,0.9688068946943172,0.01376277911661284
1 mcg,425.39320000000004,0.9759552622908485,0.010570089900449952
1 mcg,425.6265,0.9812183544303796,0.008234336583387352
1 mcg,425.8598,0.9874895397489539,0.005467496059344309
1 mcg,426.09310000000005,0.9690014277315866,0.013675583057085137
1 mcg,426.32640000000004,0.9571325813307177,0.019027899890632822
1 mcg,426.5597,0.9800712038416958,0.00874237092771794
1 mcg,426.793,0.9938479886699628,0.0026800368605765083
1 mcg,427.02630000000005,0.9567319119464187,0.019209739833661168
1 mcg,427.25960000000003,0.9296139413021648,0.0316973718457408
1 mcg,427.4929,0.9507637099042796,0.02192740339432169
1 mcg,427.7262,0.9453835301106409,0.02439196797807162
1 mcg,427.95950000000005,0.9364001476239063,0.028538526508686584
1 mcg,428.19280000000003,0.9312427952107156,0.030937074256894865
1 mcg,428.4261,0.9441402172379744,0.024963502470363826
1 mcg,428.6594,0.9460742594910304,0.024074773512114435
1 mcg,428.89270000000005,0.9301802074708349,0.03143290571640726
1 mcg,429.12600000000003,0.9209739820416313,0.03575263865804353
1 mcg,429.3593,0.9216737462096968,0.03542278317153412
1 mcg,429.5926,0.9077969669065831,0.042011272637380546
1 mcg,429.82590000000005,0.9158000858801785,0.03819932008186823
1 mcg,430.05920000000003,0.9177314635659486,0.037284378659793914
1 mcg,430.2925,0.9114211793020458,0.04028088364567276
1 mcg,430.5258,0.9294138988154624,0.031790837200676915
1 mcg,430.75910000000005,0.9365527070645372,0.0284677764914516
1 mcg,430.99240000000003,0.9310932639755375,0.031006815257858967
1 mcg,431.2257,0.9349382093754888,0.029217090960659175
1 mcg,431.45900000000006,0.9327791054967567,0.030221190789493015
1 mcg,431.69230000000005,0.9421540861837978,0.02587806397263209
1 mcg,431.92560000000003,0.9396135829429709,0.027050713739320588
1 mcg,432.1589,0.9268721753357201,0.032980155147951926
1 mcg,432.39220000000006,0.9348077242235893,0.029277707732717803
1 mcg,432.62550000000005,0.928702934119529,0.03212318235128018
1 mcg,432.85880000000003,0.9290555564153756,0.03195831493724156
1 mcg,433.0921,0.942972957621386,0.025500761689192374
1 mcg,433.32540000000006,0.9395752415477332,0.027068435701228317
1 mcg,433.55870000000004,0.9344446105546419,0.029446436439674106
1 mcg,433.79200000000003,0.9319835075835665,0.030591772870079213
1 mcg,434.0253,0.9199325699562759,0.03624400479481243
1 mcg,434.25860000000006,0.9100107048863834,0.040953498837432815
1 mcg,434.49190000000004,0.9041363867404831,0.04376605233318665
1 mcg,434.72520000000003,0.909074066505919,0.041400731338654816
1 mcg,434.9585,0.9113539000404148,0.04031294356619424
1 mcg,435.19180000000006,0.9057419383221152,0.0429955227726432
1 mcg,435.42510000000004,0.9107567638217224,0.040597594744797155
1 mcg,435.65840000000003,0.9140333432338547,0.0390379612482859
1 mcg,435.8917,0.9087036567857446,0.04157772426543611
1 mcg,436.12500000000006,0.9125036590975621,0.03976538536716569
1 mcg,436.35830000000004,0.9110804246242619,0.040443284466226144
1 mcg,436.5916,0.9187138879006832,0.03681971848591734
1 mcg,436.8249,0.9284408010114604,0.032245782407442566
1 mcg,437.05820000000006,0.9143186682520809,0.038902412862425795
1 mcg,437.29150000000004,0.908600383137296,0.04162708438868488
1 mcg,437.5248,0.9111889108422785,0.04039157425524268
1 mcg,437.7581,0.9159897262764644,0.03810939734357089
1 mcg,437.99140000000006,0.918886471586573,0.036738142377943844
1 mcg,438.22470000000004,0.914770371864251,0.03868791002969679
1 mcg,438.458,0.9135141317983914,0.03928472984993395
1 mcg,438.6913,0.9106216626445506,0.04066202253750558
1 mcg,438.92460000000005,0.9102368848025959,0.040845569904478386
1 mcg,439.15790000000004,0.9062562242139707,0.042748997654054474
1 mcg,439.3912,0.9067493973437241,0.042512724394213594
1 mcg,439.6245,0.9119047367326729,0.04005052841748083
1 mcg,439.85780000000005,0.9109780062899009,0.04049210805689796
1 mcg,440.09110000000004,0.9098684074189204,0.04102141434304641
1 mcg,440.3244,0.909225817497004,0.04132824096587924
1 mcg,440.5577,0.9115035214861692,0.040241649160341016
1 mcg,440.79100000000005,0.9093961199080942,0.04124690311760385
1 mcg,441.02430000000004,0.9108809953843067,0.040538358947867136
1 mcg,441.2576,0.9148034017008504,0.03867222913616619
1 mcg,441.4909,0.9149739751365767,0.03859125851859537
1 mcg,441.72420000000005,0.9166924677322342,0.03777633714098769
1 mcg,441.95750000000004,0.920103911381237,0.036163123098876655
1 mcg,442.1908,0.9252636029531337,0.033734521316280165
1 mcg,442.4241,0.9282223925437959,0.03234795882056308
1 mcg,442.65740000000005,0.9224996727424818,0.03503377923519961
1 mcg,442.89070000000004,0.9300906678956279,0.031474713115500916
1 mcg,443.124,0.9345409538795131,0.029401662017449506
1 mcg,443.3573,0.9344238486527805,0.029456085892922857
1 mcg,443.59060000000005,0.9339944222602522,0.029655717333961332
1 mcg,443.82390000000004,0.9384372623574144,0.02759475609828263
1 mcg,444.0572,0.9429980557643575,0.025489202672726256
1 mcg,444.2905,0.9451080670868308,0.024518529844025538
1 mcg,444.52380000000005,0.9458346377265298,0.024184785585926315
1 mcg,444.75710000000004,0.9440258105130627,0.025016131538626172
1 mcg,444.9904,0.94524337291818,0.024456358784421452
1 mcg,445.2237,0.9464062514728477,0.023922399644713283
1 mcg,445.45700000000005,0.946795565721888,0.023743784738545166
1 mcg,445.69030000000004,0.9476901181508406,0.02333364787042542
1 mcg,445.9236,0.9469467104235035,0.023674460300001705
1 mcg,446.1569,0.9522283987195526,0.021258870516117818
1 mcg,446.39020000000005,0.9531261439687619,0.02084961772037508
1 mcg,446.62350000000004,0.9520350286711544,0.021347072121069507
1 mcg,446.8568,0.9557830960693103,0.01964065465717862
1 mcg,447.0901,0.9561582723503153,0.019470213247871786
1 mcg,447.32340000000005,0.9504870946924433,0.02205377542337562
1 mcg,447.55670000000003,0.9509377695625384,0.02184790285216926
1 mcg,447.79,0.9559763818210469,0.01955283719199374
1 mcg,448.0233,0.9596169016175884,0.017902111460134696
1 mcg,448.25660000000005,0.9559121657930536,0.019582011137988176
1 mcg,448.48990000000003,0.9571523680666132,0.01901892184353767
1 mcg,448.7232,0.95650201566618,0.019314110433572996
1 mcg,448.9565,0.9599477138622702,0.01775242133491039
1 mcg,449.18980000000005,0.9645301314530594,0.015684200659397508
1 mcg,449.42310000000003,0.9627848334253636,0.016470759705227093
1 mcg,449.6564,0.9603987036017856,0.017548434848840843
1 mcg,449.8897,0.9624787266605447,0.016608860776384737
1 mcg,450.12300000000005,0.9641277129825206,0.015865433555850746
1 mcg,450.35630000000003,0.9681706871176579,0.014048070441012904
1 mcg,450.5896,0.9681148745899201,0.014073107112569686
1 mcg,450.82290000000006,0.9649163992052576,0.01551031249728221
1 mcg,451.05620000000005,0.9642571934929889,0.015807112552501206
1 mcg,451.28950000000003,0.967064856324737,0.014544398926899446
1 mcg,451.5228,0.969077949094469,0.013641288480648097
1 mcg,451.75610000000006,0.9702492340559683,0.01311669143298506
1 mcg,451.98940000000005,0.9690962580077536,0.0136330833771231
1 mcg,452.22270000000003,0.9691479447953045,0.01360992088129977
1 mcg,452.456,0.9698252114919547,0.013306530192119666
1 mcg,452.68930000000006,0.969342003491298,0.013522968022770568
1 mcg,452.92260000000005,0.9689542812993381,0.013696714020270263
1 mcg,453.15590000000003,0.9703237316665598,0.013083346743780111
1 mcg,453.3892,0.9733540370768519,0.011729165504870511
1 mcg,453.62250000000006,0.9749738608384769,0.011007027630473603
1 mcg,453.85580000000004,0.973294196783465,0.011755866075389155
1 mcg,454.08910000000003,0.97268188346014,0.012029172935624414
1 mcg,454.3224,0.9701737063448528,0.013150499802801635
1 mcg,454.55570000000006,0.9714076501331772,0.012598480647271133
1 mcg,454.78900000000004,0.9771037949849796,0.010059299950716812
1 mcg,455.02230000000003,0.9780820825242569,0.009624696857102167
1 mcg,455.2556,0.9752447381302007,0.010886384217589251
1 mcg,455.48890000000006,0.975418628629823,0.01080895447145441
1 mcg,455.72220000000004,0.9755030428629506,0.010771371583120132
1 mcg,455.95550000000003,0.9762751161560085,0.010427780087601044
1 mcg,456.1888,0.9792405544768267,0.009110608861921317
1 mcg,456.42210000000006,0.9800306342643323,0.008760348711567808
1 mcg,456.65540000000004,0.9798649771945808,0.008833764817029818
1 mcg,456.88870000000003,0.9793703495911779,0.009053048371569549
1 mcg,457.122,0.9805304355833868,0.008538921322282442
1 mcg,457.35530000000006,0.9827258466365231,0.007567621434490939
1 mcg,457.58860000000004,0.9812205880998647,0.008233347945921262
1 mcg,457.8219,0.9820938543846548,0.007847006618704081
1 mcg,458.0552,0.9815651212093282,0.008080882163130952
1 mcg,458.28850000000006,0.9791386391590674,0.009155810792485182
1 mcg,458.52180000000004,0.9789857138914699,0.009223645707967154
1 mcg,458.7551,0.9833544336940417,0.0072899197531213
1 mcg,458.9884,0.9867798392084106,0.005779732114994169
1 mcg,459.22170000000006,0.9857181242877129,0.006247258048583696
1 mcg,459.45500000000004,0.9815415360019677,0.008091317587384704
1 mcg,459.6883,0.9825763734910078,0.00763368288982371
1 mcg,459.9216,0.9864274421353234,0.005934854293342822
1 mcg,460.15490000000005,0.9891263703841734,0.00474821957114752
1 mcg,460.38820000000004,0.9904600157392633,0.004163051972281414
1 mcg,460.6215,0.9854606832048065,0.006360698028693212
1 mcg,460.8548,0.9832167486161363,0.007350732064631142
1 mcg,461.08810000000005,0.9868572847784917,0.00574564866232444
1 mcg,461.32140000000004,0.9852089474059403,0.006471652667909795
1 mcg,461.5547,0.9935657088140589,0.002803405824724318
1 mcg,461.788,0.9933946734265953,0.002878173017702115
1 mcg,462.02130000000005,0.9839184415310512,0.007040899394879013
1 mcg,462.25460000000004,0.9840429198140886,0.0069859590565432205
1 mcg,462.4879,0.9910303917245952,0.003913026891212793
1 mcg,462.7212,0.9984546104855814,0.0006716732706971573
1 mcg,462.95450000000005,0.9967119078427485,0.0014303531371675142
1 mcg,463.18780000000004,0.9924169724339071,0.003305816980078579
1 mcg,463.4211,0.9903573585696894,0.00420806716943378
1 mcg,463.6544,0.990653385955021,0.004078271749339263
1 mcg,463.88770000000005,0.9939156609452993,0.0026504662466119194
1 mcg,464.12100000000004,0.9966340615047613,0.00146427422819868
1 mcg,464.3543,0.9942034187549786,0.002524747791397607
1 mcg,464.5876,0.9931894873560834,0.0029678859835686093
1 mcg,464.82090000000005,0.9943936831297105,0.0024416432065396017
1 mcg,465.05420000000004,0.9966748768472908,0.0014464888486230496
1 mcg,465.2875,0.9984563361391323,0.0006709226695588156
1 mcg,465.5208,0.9944151761927731,0.002432256363109306
1 mcg,465.75410000000005,0.990287995975602,0.004238485327642508
1 mcg,465.98740000000004,0.9928385552201519,0.003121366084026901
1 mcg,466.2207,0.993720584983733,0.0027357136495064494
1 mcg,466.454,0.9926840360018948,0.0031889622365654734
1 mcg,466.68730000000005,0.9940684054448382,0.002583729199225185
1 mcg,466.92060000000004,0.9931266390188507,0.0029953687046759226
1 mcg,467.1539,0.9919485526482114,0.0035108519188024982
1 mcg,467.3872,0.9942143289274052,0.0025199819642095756
1 mcg,467.62050000000005,0.9939754569736604,0.0026243389754241546
1 mcg,467.85380000000004,0.9938359006522034,0.002685319148608658
1 mcg,468.0871,0.9934554775014237,0.002851591371198843
1 mcg,468.3204,0.9949615093287187,0.002193719866814962
1 mcg,468.55370000000005,0.9956346788525006,0.0018999849320809115
1 mcg,468.78700000000003,1.0010851986181422,-0.00047104023172577663
1 mcg,469.0203,0.9993530290149931,0.00028106685959855543
1 mcg,469.2536,0.9985357006491027,0.0006364031841304532
1 mcg,469.48690000000005,1.000131335252358,-5.7034430144779445e-05
1 mcg,469.72020000000003,0.9988530329068805,0.000498407362558961
1 mcg,469.9535,0.9978216499761563,0.0009470773028568644
1 mcg,470.1868,0.9998400667768995,6.946367118802977e-05
1 mcg,470.42010000000005,1.0049513194978223,-0.0021450247559882314
1 mcg,470.65340000000003,0.9986459029967197,0.000588475372834701
1 mcg,470.8867,1.0006347381864622,-0.00027557584182812746
1 mcg,471.12000000000006,1.0027720174091141,-0.00120220636478752
1 mcg,471.35330000000005,0.9993639846743295,0.00027630582303072774
1 mcg,471.58660000000003,0.9964266712543927,0.0015546562624039544
1 mcg,471.8199,0.9972312599681019,0.0012041162303714696
1 mcg,472.05320000000006,0.9975782425014609,0.0010530315269069628
1 mcg,472.28650000000005,0.9982203116053979,0.0007735974348372739
1 mcg,472.51980000000003,0.991024186191398,0.003915746320692529
1 mcg,472.7531,0.982811292119055,0.007529862288801056
1 mcg,472.98640000000006,0.9740679222619482,0.011410758485784933
1 mcg,473.21970000000005,0.9705843312113818,0.012966724068912193
1 mcg,473.45300000000003,0.9698941981538308,0.013275638583321625
1 mcg,473.6863,0.9559606444336447,0.01955998665394219
1 mcg,473.91960000000006,0.9405071441620323,0.026637901167973013
1 mcg,474.15290000000005,0.9440601288218801,0.025000343854560757
1 mcg,474.38620000000003,0.9464196630096602,0.02391624529487369
1 mcg,474.6195,0.9514982483789759,0.021592006872541782
1 mcg,474.85280000000006,0.9547540791516536,0.02010847744349553
1 mcg,475.08610000000004,0.9640314248122392,0.015908809043113026
1 mcg,475.31940000000003,0.9672414547299721,0.014465098443122612
1 mcg,475.5527,0.9659498394515318,0.015045425359888221
1 mcg,475.78600000000006,0.9680740375663984,0.014091426909635026
1 mcg,476.01930000000004,0.972413276521208,0.012149120292978096
1 mcg,476.25260000000003,0.9626614865997006,0.016526402747842048
1 mcg,476.4859,0.9723419263270022,0.012180987538372087
1 mcg,476.71920000000006,0.9744172997114625,0.011255014220095338
1 mcg,476.95250000000004,0.9647704245817279,0.015576018468672298
1 mcg,477.18580000000003,0.9673375403169261,0.014421957852486933
1 mcg,477.4191,0.9804389321071966,0.008579451741031443
1 mcg,477.65240000000006,0.9845756668334988,0.006750901744783947
1 mcg,477.88570000000004,0.9715756195624067,0.012523391790293013
1 mcg,478.119,0.9633094236952757,0.016234191152806467
1 mcg,478.3523,0.9639332564904769,0.01595303595337689
1 mcg,478.58560000000006,0.9716932947922619,0.01247079412594738
1 mcg,478.81890000000004,0.9693344334433442,0.013526359646036237
1 mcg,479.0522,0.9678373402909812,0.014197626317607135
1 mcg,479.2855,0.964807597838546,0.01555928513099445
1 mcg,479.51880000000006,0.9657018856711349,0.015156920571767606
1 mcg,479.75210000000004,0.9589933826328536,0.018184389592581195
1 mcg,479.9854,0.9571802520895482,0.019006270042939106
1 mcg,480.2187,0.9635221854777634,0.016138281091927328
1 mcg,480.45200000000006,0.9590675444856981,0.018150805588007874
1 mcg,480.68530000000004,0.9549213924017073,0.020032377370455958
1 mcg,480.9186,0.9660479548359041,0.015001314574477037
1 mcg,481.1519,0.966631634819533,0.0147389958692443
1 mcg,481.38520000000005,0.9668109050562688,0.014658459651382903
1 mcg,481.61850000000004,0.9738516349671101,0.011507202282646421
1 mcg,481.8518,0.9760829176120867,0.010513287731056826
1 mcg,482.0851,0.9735709612415271,0.011632388311931764
1 mcg,482.31840000000005,0.9773099965989064,0.009967658944287291
1 mcg,482.55170000000004,0.9782069720181333,0.009569246137295725
1 mcg,482.785,0.9839531782872918,0.007025567112626323
1 mcg,483.0183,0.9813255836240768,0.008186878744339795
1 mcg,483.25160000000005,0.9776128423332021,0.009833101989193812
1 mcg,483.48490000000004,0.9797300071861206,0.00889359016916289
1 mcg,483.7182,0.9808919578369548,0.008378826156534897
1 mcg,483.9515,0.9850581867457688,0.006538115252392328
1 mcg,484.18480000000005,0.9866443518070684,0.0058393659546224245
1 mcg,484.41810000000004,0.9811849924292575,0.008249103102224754
1 mcg,484.6514,0.9839354742223879,0.007033381353219061
1 mcg,484.8847,0.9780749401699101,0.009627868264146296
1 mcg,485.11800000000005,0.983073670630271,0.007413935322140403
1 mcg,485.35130000000004,0.9887352193012372,0.004919995756104262
1 mcg,485.5846,0.990278502980267,0.004242648535990165
1 mcg,485.8179,0.987701797576296,0.005374155832736099
1 mcg,486.05120000000005,0.9870089833095613,0.005678894560335647
1 mcg,486.28450000000004,0.9839375160025756,0.007032480142751533
1 mcg,486.5178,0.9852962414298795,0.0064331738928834785
1 mcg,486.7511,0.9843714793951972,0.006840977781833605
1 mcg,486.98440000000005,0.9882775563521929,0.005121067291240124
1 mcg,487.21770000000004,0.9924136752898535,0.003307259855288303
1 mcg,487.451,0.9827118312681774,0.007573815268264347
1 mcg,487.6843,0.9882596620755416,0.00512893092824638
1 mcg,487.91760000000005,0.9898498202694855,0.004430691438566061
1 mcg,488.15090000000004,0.9892962618260698,0.004673631952993235
1 mcg,488.3842,0.9867742406542057,0.005782196117600067
1 mcg,488.6175,0.9778102196814753,0.009745427976174302
1 mcg,488.85080000000005,0.9799845612003666,0.008780766183324852
1 mcg,489.08410000000003,0.9877197453466049,0.005366264233461218
1 mcg,489.3174,0.9828048400761781,0.007532713391386739
1 mcg,489.5507,0.9849647547315564,0.006579309704884899
1 mcg,489.78400000000005,0.9878204570710731,0.005321984146238615
1 mcg,490.01730000000003,0.9847791483324918,0.006661155710381228
1 mcg,490.2506,0.9842456031644246,0.00689651661971747
1 mcg,490.48390000000006,0.9821303869517388,0.007830851750067098
1 mcg,490.71720000000005,0.9810020757282943,0.008330073683873679
1 mcg,490.95050000000003,0.983137198690843,0.0073858713066346825
1 mcg,491.1838,0.9820507499922485,0.007866068351459534
1 mcg,491.41710000000006,0.979950185321053,0.008796000623884132
1 mcg,491.65040000000005,0.9777766737638987,0.009760327653549089
1 mcg,491.88370000000003,0.9776619360695619,0.00981129314775931
1 mcg,492.117,0.9835683562652977,0.007195451995574743
1 mcg,492.35030000000006,0.9811131602591384,0.008280898795531651
1 mcg,492.58360000000005,0.9788627423268084,0.009278201382962464
1 mcg,492.81690000000003,0.9797110450795083,0.008901995768563481
1 mcg,493.0502,0.9857920320626886,0.006214696472622898
1 mcg,493.28350000000006,0.9799953130858642,0.008776001354253932
1 mcg,493.51680000000005,0.9785526294280157,0.009415811747919153
1 mcg,493.75010000000003,0.9793181812879003,0.009076182632981598
1 mcg,493.9834,0.9874691449360117,0.0054764657201167265
1 mcg,494.21670000000006,0.9856455950793983,0.006279214642542072
1 mcg,494.45000000000005,0.9830672445127916,0.00741677421058412
1 mcg,494.68330000000003,0.9842239256873062,0.00690608182614457
1 mcg,494.9166,0.9797564307378854,0.008881877301441677
1 mcg,495.14990000000006,0.9816653113046462,0.008036555216222293
1 mcg,495.38320000000004,0.9813894501028699,0.008158614978228472
1 mcg,495.61650000000003,0.9810079050926729,0.008327493003033766
1 mcg,495.8498,0.9873632055849537,0.00552306094184568
1 mcg,496.08310000000006,0.9838975212726602,0.00705013354375402
1 mcg,496.31640000000004,0.9817616938831997,0.007993917092227451
1 mcg,496.54970000000003,0.9833035652474906,0.007312386176522781
1 mcg,496.783,0.9809624315997612,0.008347624690734265
1 mcg,497.01630000000006,0.9759914137608185,0.010554003002057588
1 mcg,497.24960000000004,0.9749137085926635,0.01103382280456334
1 mcg,497.48290000000003,0.9759981210765502,0.010551018405922577
1 mcg,497.7162,0.9806905198231032,0.008468022934305054
1 mcg,497.94950000000006,0.97758142308594,0.009847059891949575
1 mcg,498.18280000000004,0.9760622634526883,0.01052247760847208
1 mcg,498.41610000000003,0.9751606451627515,0.010923833982715573
1 mcg,498.6494,0.9810879773472728,0.00829204627623837
1 mcg,498.88270000000006,0.9761401366083142,0.010487829682833216
1 mcg,499.11600000000004,0.9718821382195608,0.01238639950221967
1 mcg,499.3493,0.973657312620642,0.011593870046782955
1 mcg,499.5826,0.9770441807350578,0.010085797575373208
1 mcg,499.81590000000006,0.9772041293663629,0.010014706498809572
1 mcg,500.04920000000004,0.9808011037228027,0.008419054101707223
1 mcg,500.2825,0.9808866305329722,0.008381184851585188
1 mcg,500.5158,0.9783604638072722,0.009501105744118759
1 mcg,500.74910000000006,0.9786328074900604,0.009380229130883091
1 mcg,500.98240000000004,0.9837066979555942,0.007134371535388908
1 mcg,501.2157,0.9824018370518747,0.0077108340889557965
1 mcg,501.449,0.981288738738739,0.008203185086557043
1 mcg,501.68230000000005,0.9814190169599051,0.008145530947795515
1 mcg,501.91560000000004,0.9857024849346606,0.006254148597155122
1 mcg,502.1489,0.9865458542982974,0.0058827240905422505
1 mcg,502.3822,0.9883833139925486,0.0050745950203933765
1 mcg,502.61550000000005,0.9851721627573089,0.006487868180572638
1 mcg,502.84880000000004,0.9823072824994773,0.007752636226450931
1 mcg,503.0821,0.98127735094577,0.008208225075450734
1 mcg,503.3154,0.982389436092002,0.0077163162676652415
1 mcg,503.54870000000005,0.9825392862685299,0.007650075590164957
1 mcg,503.78200000000004,0.9857386954863204,0.00623819474275614
1 mcg,504.0153,0.9873586612392582,0.0055250597896759355
1 mcg,504.2486,0.9840218820255755,0.006995243908804705
1 mcg,504.48190000000005,0.9862813551432491,0.005999176787102889
1 mcg,504.71520000000004,0.9889940809608398,0.004806307607813343
1 mcg,504.9485,0.9870247058850202,0.0056719765145083366
1 mcg,505.1818,0.9874575093496462,0.005481583146570359
1 mcg,505.41510000000005,0.9852917774589078,0.006435141506551869
1 mcg,505.64840000000004,0.9856851272899824,0.0062617963364997855
1 mcg,505.8817,0.9909560245599375,0.00394561767891489
1 mcg,506.115,0.9896135711988394,0.004534357582295491
1 mcg,506.34830000000005,0.9879782242266868,0.005252627479587533
1 mcg,506.58160000000004,0.9891805276889474,0.004724441441832116
1 mcg,506.8149,0.9903335322318473,0.004218515692317751
1 mcg,507.0482,0.9898593571724185,0.004426507163051815
1 mcg,507.28150000000005,0.9873342781958149,0.005535784921678493
1 mcg,507.51480000000004,0.9892285598455334,0.004703353689359945
1 mcg,507.7481,0.991133498250909,0.003867845364404476
1 mcg,507.9814,0.9872496448049864,0.005573013842886558
1 mcg,508.21470000000005,0.9894623062416632,0.004600745674923697
1 mcg,508.44800000000004,0.9920477642276424,0.0034674173205048843
1 mcg,508.6813,0.9874997410167338,0.005463009600254744
1 mcg,508.9146,0.9871388771750329,0.0056217436343913765
1 mcg,509.14790000000005,0.9858286756527086,0.006198553297739048
1 mcg,509.38120000000004,0.9892491033206061,0.0046943347168138996
1 mcg,509.6145,0.9907194610132449,0.004049305940877058
1 mcg,509.8478,0.9935326060368864,0.002817875519913102
1 mcg,510.08110000000005,0.9919099429815683,0.003527756315169731
1 mcg,510.31440000000003,0.9882675797243661,0.005125451501177114
1 mcg,510.5477,0.9877741934734696,0.00534232437660959
1 mcg,510.78100000000006,0.9938842561043864,0.0026641889045089006
1 mcg,511.01430000000005,0.9929524478800655,0.0030715492063123676
1 mcg,511.24760000000003,0.9928692220969563,0.003107951768459864
1 mcg,511.4809,0.9919111092294267,0.0035272456894670052
1 mcg,511.71420000000006,0.9949899534311987,0.002181304371279777
1 mcg,511.94750000000005,0.992550371844163,0.0032474435987557377
1 mcg,512.1808,0.9953563784018262,0.0020213961763814237
1 mcg,512.4141,0.9961885752304915,0.0016584432729850453
1 mcg,512.6474000000001,0.997073210248053,0.001272952380971762
1 mcg,512.8807,0.9964098896120925,0.0015619706350840914
1 mcg,513.114,0.9948341085271317,0.002249333081256073
1 mcg,513.3473,0.9965324336611394,0.0015085619601448135
1 mcg,513.5806,0.9970803024743321,0.0012698632359106564
1 mcg,513.8139,0.9977420029270333,0.000981744474612614
1 mcg,514.0472,0.9983515291735955,0.0007165125208711645
1 mcg,514.2805,0.9927529020362932,0.0031588347234032376
1 mcg,514.5138000000001,0.9917386281588447,0.0036027706936685314
1 mcg,514.7471,0.996107154869323,0.0016939404264000961
1 mcg,514.9804,1.002296715112239,-0.000996307020503509
1 mcg,515.2137,1.0000141198581196,-6.1321331742801455e-06
1 mcg,515.447,0.9990654887931665,0.00040604281574939323
1 mcg,515.6803,1.0044766174273045,-0.0019398315367434083
1 mcg,515.9136,1.0082806581745687,-0.0035814362076629293
1 mcg,516.1469,1.0018904278375442,-0.000820227332032073
1 mcg,516.3802000000001,0.9976598135783695,0.0010175211089935511
1 mcg,516.6135,0.9967610245408838,0.0014089521834577997
1 mcg,516.8468,1.003521514740506,-0.0015266878677688159
1 mcg,517.0801,1.0062238492426667,-0.002694606640832847
1 mcg,517.3134,1.0014897441031991,-0.000646506198547782
1 mcg,517.5467,1.0025623481580646,-0.001111390388508487
1 mcg,517.78,1.0059955284036102,-0.0025960503084240852
1 mcg,518.0133,1.0044026145355607,-0.0019078345435619133
1 mcg,518.2466000000001,1.005112429942303,-0.002214643818751086
1 mcg,518.4799,1.0033678419604901,-0.001460177733279066
1 mcg,518.7132,1.0046788645433324,-0.0020272660907703455
1 mcg,518.9465,1.0047830013761319,-0.0020722791887098396
1 mcg,519.1798,0.9984777743527284,0.0006615978773004221
1 mcg,519.4131,1.0019056688862522,-0.000826833895806945
1 mcg,519.6464,1.0091025807255318,-0.003935316859888722
1 mcg,519.8797,1.005571123971977,-0.002412793636048056
1 mcg,520.113,1.002515340688753,-0.0010910270034411363
1 mcg,520.3463,1.0014298752662,-0.000620543393747278
1 mcg,520.5796,1.0042442779222105,-0.001839365846687548
1 mcg,520.8129,0.9988106487832139,0.000516836081266922
1 mcg,521.0462,1.0010576749001099,-0.000459099626465548
1 mcg,521.2795,1.0020140075991608,-0.0008737927692494873
1 mcg,521.5128,1.0017620513923124,-0.0007645757832482852
1 mcg,521.7461,0.9971861985849285,0.0012237409182506676
1 mcg,521.9794,0.9978647741499421,0.0009283082312348668
1 mcg,522.2127,0.9974939039868311,0.0010897497494553605
1 mcg,522.446,1.002974915955521,-0.0012900716063346668
1 mcg,522.6793,1.0037673285437405,-0.0016330557970393662
1 mcg,522.9126,0.995344012015453,0.0020267919188938673
1 mcg,523.1459,0.999571726684702,0.00018603657767544377
1 mcg,523.3792,0.9986219247759391,0.0005989032271530518
1 mcg,523.6125,0.9935821077572671,0.0027962377917424585
1 mcg,523.8458,0.9958942126535176,0.001786791396433104
1 mcg,524.0791,0.9964259898593727,0.001554953249836032
1 mcg,524.3124,0.9994132313960533,0.00025490515933610647
1 mcg,524.5457,1.0032417117124248,-0.0014055804941622457
1 mcg,524.779,1.0028132674560313,-0.0012200711426078163
1 mcg,525.0123,0.9934935698354915,0.0028349394187870097
1 mcg,525.2456,0.9905506250147131,0.004123323656284524
1 mcg,525.4789,0.9938062947496388,0.00269825676901768
1 mcg,525.7122,1.0008432433006496,-0.0003660615945621832
1 mcg,525.9455,0.9995265882777524,0.00020564878075389397
1 mcg,526.1788,0.9979883134130146,0.0008745443338281494
1 mcg,526.4121,0.9970337269922334,0.001290150415652887
1 mcg,526.6454,0.996140818612621,0.0016792635607181692
1 mcg,526.8787,0.9967257597202341,0.0014243175394119604
1 mcg,527.112,0.9992010481219809,0.0003471190761207574
1 mcg,527.3453,0.995712459909812,0.0018660582667129097
1 mcg,527.5786,0.9959491534080065,0.0017628332208870568
1 mcg,527.8119,0.9961845395259203,0.0016602026665573455
1 mcg,528.0452,0.9986160291055237,0.000601467225222055
1 mcg,528.2785,1.0005670298693554,-0.0002461881519119626
1 mcg,528.5118,0.9973291560814999,0.0011614845391571735
1 mcg,528.7451,1.0039546775858923,-0.0017141075115537597
1 mcg,528.9784,1.0051033729345897,-0.0022107303996377085
1 mcg,529.2117,0.9953920300291016,0.0020058409159249575
1 mcg,529.445,0.99253162157038,0.003255647935367896
1 mcg,529.6783,0.9994621145723264,0.00023366352087141534
1 mcg,529.9116,1.0056971910715908,-0.002467237138562434
1 mcg,530.1449,1.0012102017644422,-0.0005252661733314044
1 mcg,530.3782,0.9991196326856973,0.0003825070647242516
1 mcg,530.6115,1.0018713663292027,-0.0008119645655557134
1 mcg,530.8448,0.9990329219807742,0.0004201998631101567
1 mcg,531.0781000000001,1.0020442458521244,-0.0008868984825019312
1 mcg,531.3114,1.0064073826251814,-0.0027738139334853792
1 mcg,531.5447,0.9989702618730582,0.000447439998907114
1 mcg,531.778,0.9917382765564273,0.0036029246646972226
1 mcg,532.0113,0.9977705879238321,0.0009693022515640486
1 mcg,532.2446,1.0032465144740204,-0.0014076595622889558
1 mcg,532.4779,0.9966268462631047,0.001467418362140059
1 mcg,532.7112,0.9904864288273874,0.004151470580513429
1 mcg,532.9445000000001,0.9961978165291153,0.001654414491204003
1 mcg,533.1778,1.0028891504441266,-0.0012529330095744713
1 mcg,533.4111,0.9966568338249754,0.0014543510473596847
1 mcg,533.6444,0.9879373424980953,0.0052705986008636544
1 mcg,533.8777,0.9926534052596089,0.0032023632454579293
1 mcg,534.111,0.9981066818494692,0.0008230370068061601
1 mcg,534.3443,0.9944059541678326,0.0024362839495850417
1 mcg,534.5776,0.9963184333759045,0.0016018345124443742
1 mcg,534.8109000000001,0.9909232990741527,0.003959960124214917
1 mcg,535.0442,0.9892818608918755,0.00467995391337793
1 mcg,535.2775,0.9958201071782018,0.0018191088816295296
1 mcg,535.5108,1.0032101130933373,-0.0013919015154427463
1 mcg,535.7441,1.0017929009413593,-0.0007779498001732613
1 mcg,535.9774,0.9928628997684986,0.003110717249595727
1 mcg,536.2107,0.9925857232812411,0.0032319757080759024
1 mcg,536.444,0.9981206597597884,0.0008169550048279929
1 mcg,536.6773000000001,1.00148099085202,-0.0006427103480947237
1 mcg,536.9106,0.9985831800575911,0.0006157533917584355
1 mcg,537.1439,0.9888211047942104,0.004882272839954907
1 mcg,537.3772,0.9910621524968023,0.0038991087437963826
1 mcg,537.6105,0.998906546357451,0.00047514070270945446
1 mcg,537.8438,1.0041049434640552,-0.0017791052249106869
1 mcg,538.0771,1.0095987360080307,-0.004148798174741094
1 mcg,538.3104,1.0072496655483671,-0.003137131855379189
1 mcg,538.5437000000001,0.998606210147427,0.0006057374754082025
1 mcg,538.777,0.9992659627953746,0.00031890536600658894
1 mcg,539.0103,0.9970895853680192,0.0012658199399718342
1 mcg,539.2436,0.9996379433035886,0.00015726769701728598
1 mcg,539.4769,1.00862243991192,-0.0037286261486259714
1 mcg,539.7102,1.0056283812840385,-0.0024375216996923754
1 mcg,539.9435,0.9987596147805092,0.0005390268258661707
1 mcg,540.1768,0.9971585857588031,0.0012357670213707737
1 mcg,540.4101,0.9980630951415117,0.000842002795158886
1 mcg,540.6434,1.0009827816889711,-0.00042660706794836814
1 mcg,540.8767,1.0011132613165923,-0.0004832143246829755
1 mcg,541.11,1.0009440290918805,-0.000409793227414989
1 mcg,541.3433,1.0022365764300658,-0.0009702481888195346
1 mcg,541.5766,0.9988405744177765,0.000503824262378796
1 mcg,541.8099,0.9937751040622246,0.00271188734881679
1 mcg,542.0432,0.9975488442761019,0.001065830197364285
1 mcg,542.2765,1.0002769921477948,-0.00012027950384766478
1 mcg,542.5098,0.9988467251607663,0.0005011499361810419
1 mcg,542.7431,1.0000117178706778,-5.088976759085753e-06
1 mcg,542.9764,1.003112929725038,-0.0013498283301008234
1 mcg,543.2097,1.000266063836715,-0.00011553468699970902
1 mcg,543.443,0.9966762728146014,0.001445880565531552
1 mcg,543.6763,1.0036294907841299,-0.0015734141976161628
1 mcg,543.9096,1.0082266237626565,-0.0035581614621242657
1 mcg,544.1429,1.0046918166646237,-0.002032864893279432
1 mcg,544.3762,1.0035387600189924,-0.0015341510509924348
1 mcg,544.6095,1.0074218935416805,-0.0032113848193126957
1 mcg,544.8428,1.0108438451916006,-0.004684071110756331
1 mcg,545.0761,1.008663363973922,-0.0037462469480910414
1 mcg,545.3094,1.0041494118281717,-0.0017983382121140648
1 mcg,545.5427,1.0006373159243456,-0.0002766946275886554
1 mcg,545.776,1.0018325031192556,-0.0007951176872434825
1 mcg,546.0093,1.010942970400162,-0.004726656739268905
1 mcg,546.2426,1.0143122008988807,-0.0061716495327440385
1 mcg,546.4759,1.0085743748388758,-0.00370792970904542
1 mcg,546.7092,1.0018708269131997,-0.0008117307376767249
1 mcg,546.9425,0.999507648798046,0.0002138780660500801
1 mcg,547.1758,1.0131066615802464,-0.005655171023843241
1 mcg,547.4091,1.009536071580686,-0.004121841267343048
1 mcg,547.6424,1.0105034407823252,-0.00453779663433437
1 mcg,547.8757,1.011366236286339,-0.0049084509385148925
1 mcg,548.109,1.011715448195691,-0.0050583814212196215
1 mcg,548.3423,1.0072952512044047,-0.0031567865165483466
1 mcg,548.5756,1.0107013422929654,-0.0046228424792934516
1 mcg,548.8089,1.0147168944756733,-0.00634489119792659
1 mcg,549.0422,1.0237620967741934,-0.010199046422924555
1 mcg,549.2755,1.0270917815625844,-0.011609254157307866
1 mcg,549.5088,1.0187087423369618,-0.00805003319517174
1 mcg,549.7421,1.0114960751064421,-0.004964201923510268
1 mcg,549.9754,1.020917815625845,-0.008990782579783807
1 mcg,550.2087,1.0216239490100354,-0.009291065149049878
1 mcg,550.442,1.0166697114246086,-0.007179885269345871
1 mcg,550.6753,1.0230207342720508,-0.009884435949388157
1 mcg,550.9086,1.0187599428921068,-0.008071860395497048
1 mcg,551.1419,1.021515843981951,-0.009245107043424483
1 mcg,551.3752000000001,1.0259731952168216,-0.011136014458554357
1 mcg,551.6085,1.0211689159026132,-0.009097586530341586
1 mcg,551.8418,1.0151232381714967,-0.006518769745671627
1 mcg,552.0751,1.014864869497842,-0.006408219255797412
1 mcg,552.3084,1.0204446285556474,-0.008789443971090275
1 mcg,552.5417,1.0240454323247663,-0.010319224774822885
1 mcg,552.775,1.0184618998759765,-0.007944786911911377
1 mcg,553.0083,1.0198301128303315,-0.008527831364509277
1 mcg,553.2416000000001,1.024577386375139,-0.010544766257409618
1 mcg,553.4749,1.0185436822275797,-0.007979659299448754
1 mcg,553.7082,1.0131233705142493,-0.005662333683285799
1 mcg,553.9415,1.0199509706208407,-0.008579295584861564
1 mcg,554.1748,1.0285091854064494,-0.012208174643792626
1 mcg,554.4081,1.0238985732458041,-0.0102569378299196
1 mcg,554.6414,1.0189252164011513,-0.008142310310502667
1 mcg,554.8747,1.0238801641199773,-0.010249129386929552
1 mcg,555.1080000000001,1.0195367103539126,-0.008402867992627315
1 mcg,555.3413,1.0165500795473386,-0.00712877868023164
1 mcg,555.5746,1.0171841048090478,-0.007399564984151013
1 mcg,555.8079,1.0052366122453258,-0.0022682978737332007
1 mcg,556.0412,1.0039312812870589,-0.0017039865348759077
1 mcg,556.2745,1.0203962915833484,-0.00876887158826696
1 mcg,556.5078,1.012756084841906,-0.005504861191912495
1 mcg,556.7411,1.0109671305514443,-0.004737035658073845
1 mcg,556.9744000000001,1.0155924643213279,-0.006719469756030451
1 mcg,557.2077,1.0131411836137005,-0.005669969537924538
1 mcg,557.441,1.0092850451143622,-0.004013838226562072
1 mcg,557.6743,1.0097436281912595,-0.004211121312085971
1 mcg,557.9076,1.013213704856586,-0.005701055480272085
1 mcg,558.1409,1.0105968859682144,-0.004577955678478658
1 mcg,558.3742,0.9932869463301668,0.002925271941969537
1 mcg,558.6075,1.0065289730349973,-0.002826280613766817
1 mcg,558.8408000000001,1.0170064694975707,-0.007323715615133019
1 mcg,559.0741,1.0038826175384978,-0.0016829343870794487
1 mcg,559.3074,0.9870433584225591,0.005663769407293216
1 mcg,559.5407,0.9910869487972142,0.0038882428645000008
1 mcg,559.774,1.0058336128936842,-0.0025261447570989145
1 mcg,560.0073,1.009693993938538,-0.004189772911087171
1 mcg,560.2406,1.003264480508496,-0.0014154367931680201
1 mcg,560.4739,0.9977353088540548,0.0009846582626460447
1 mcg,560.7072000000001,0.9981518250995459,0.0008033947968031856
1 mcg,560.9405,1.0035444987924662,-0.0015366345729306632
1 mcg,561.1738,1.005810599579078,-0.0025162080540952333
1 mcg,561.4071,0.998634494085079,0.0005934369469605917
1 mcg,561.6404,0.9932981355151699,0.0029203797263294457
1 mcg,561.8737,0.9929261230770328,0.003083063220172221
1 mcg,562.107,1.0067443215331227,-0.0029191886804768824
1 mcg,562.3403,1.01005620218282,-0.0043455397418367915
1 mcg,562.5736,1.0091220381760262,-0.003943690817180423
1 mcg,562.8069,1.0014776184267709,-0.0006412478858456146
1 mcg,563.0402,0.995390664093216,0.002006436880938629
1 mcg,563.2735,0.9982088525259908,0.0007785829510215474
1 mcg,563.5068,1.0095355081364885,-0.00412159887801094
1 mcg,563.7401,1.0164765775932274,-0.007097375753977455
1 mcg,563.9734,0.9971875112019214,0.001223169247741714
1 mcg,564.2067,0.9996143072613661,0.00016753653898939435
1 mcg,564.44,0.9994460171720324,0.00024065835170909255
1 mcg,564.6733,0.9997835777969514,9.400114087930937e-05
1 mcg,564.9066,0.9994787616990641,0.00022642993495824981
1 mcg,565.1399,0.9963931030280874,0.0015692872848789253
1 mcg,565.3732,0.9966760908592498,0.0014459598512680599
1 mcg,565.6065,1.0022113279150386,-0.0009593072302350193
1 mcg,565.8398,0.9904293218362522,0.004176510768241408
1 mcg,566.0731,0.9925649734463338,0.0032410546548942228
1 mcg,566.3064,0.9902498307138529,0.0042552231675935985
1 mcg,566.5397,0.9797185801312916,0.008898655580818787
1 mcg,566.773,0.9768863157894736,0.010155973945540226
1 mcg,567.0063,0.9816429409340223,0.008046452111943521
1 mcg,567.2396,0.9939331028996828,0.0026428449982751605
1 mcg,567.4729,1.0037804136581294,-0.0016387172245160792
1 mcg,567.7062,0.9809644038138521,0.008346751547371974
1 mcg,567.9395,0.974457666844281,0.011237023098718445
1 mcg,568.1728,0.9768092902290134,0.010190218559478699
1 mcg,568.4061,0.9879278118631001,0.005274788261456987
1 mcg,568.6394,0.9959484385344421,0.0017631449494071468
1 mcg,568.8727,0.9832734183671686,0.007325701316362767
1 mcg,569.106,0.9747882938978829,0.011089694840288105
1 mcg,569.3393,0.9778013146007912,0.00974938318643383
1 mcg,569.5726,0.9772586540751556,0.009990475001169622
1 mcg,569.8059,0.9762925138425175,0.010420040822509425
1 mcg,570.0392,0.9766838629797772,0.010245987746290526
1 mcg,570.2725,0.9727357264957265,0.012005133127276373
1 mcg,570.5058,0.9684448972660892,0.013925084799358748
1 mcg,570.7391,0.9667771280710465,0.014673632643817188
1 mcg,570.9724,0.9741586978636826,0.011370287482518695
1 mcg,571.2057,0.9783637221266386,0.00949965937765455
1 mcg,571.439,0.9693877004452478,0.013502494890385394
1 mcg,571.6723000000001,0.9702977959695632,0.013094955117623444
1 mcg,571.9056,0.9630781617615517,0.016338464854455444
1 mcg,572.1389,0.9668510807059292,0.014640412998880678
1 mcg,572.3722,0.9839218441567131,0.007039397503125201
1 mcg,572.6055,0.9723726863267252,0.01216724886632505
1 mcg,572.8388,0.959260873354833,0.018063269313654328
1 mcg,573.0721,0.9708199383016722,0.012861312886584429
1 mcg,573.3054,0.977491723466407,0.009886911137298655
1 mcg,573.5387000000001,0.9752315575751714,0.01089225380168042
1 mcg,573.772,0.9675142080317216,0.01434264860934222
1 mcg,574.0053,0.962854043935125,0.01643954124277766
1 mcg,574.2386,0.9654131922425297,0.01528677090059879
1 mcg,574.4719,0.9572903141434617,0.018956335253052743
1 mcg,574.7052,0.9513407165883081,0.021663915414280983
1 mcg,574.9385,0.9459873138025463,0.024114687681181118
1 mcg,575.1718,0.9508821363971024,0.021873311332426346
1 mcg,575.4051000000001,0.9428177562145856,0.025572246943854692
1 mcg,575.6384,0.9412815669442399,0.026280445989317818
1 mcg,575.8717,0.9366526635159577,0.0284214275582214
1 mcg,576.105,0.9453736311870345,0.024396515413339422
1 mcg,576.3383,0.9517613422748376,0.021471938933849643
1 mcg,576.5716,0.94517471764905,0.02448790376878083
1 mcg,576.8049,0.9432984604916221,0.025350874350145648
1 mcg,577.0382,0.9341701417848206,0.029574017871744216
1 mcg,577.2715000000001,0.9399117302369653,0.02691293030564803
1 mcg,577.5048,0.9422313935892144,0.025842429884000127
1 mcg,577.7381,0.9327639847921878,0.030228230925516762
1 mcg,577.9714,0.9240956770502224,0.03428306139480658
1 mcg,578.2047,0.9307658340142098,0.031159566910262667
1 mcg,578.438,0.937845545538402,0.027868680004406354
1 mcg,578.6713,0.93737462686176,0.02808680627032461
1 mcg,578.9046,0.9301113975398098,0.03146503376910338
1 mcg,579.1379000000001,0.9301450100099715,0.03144933946991244
1 mcg,579.3712,0.9314608664117947,0.030835386455797347
1 mcg,579.6045,0.9323490342774258,0.03042147468067245
1 mcg,579.8378,0.9259986912312493,0.0333896271317246
1 mcg,580.0711,0.9203405125137102,0.036051460322780705
1 mcg,580.3044,0.920671505043498,0.03589529813653096
1 mcg,580.5377,0.9221619422552646,0.035192805137202736
1 mcg,580.771,0.9228709812933997,0.03485900973122957
1 mcg,581.0043000000001,0.9177335877115742,0.03728337345980569
1 mcg,581.2376,0.9193684297839223,0.03651041357900872
1 mcg,581.4709,0.9212557105965794,0.03561980705919209
1 mcg,581.7042,0.9237025631295626,0.03446785127647798
1 mcg,581.9375,0.9255308261121579,0.03360911187870584
1 mcg,582.1708,0.9301136887014279,0.031463963964319816
1 mcg,582.4041,0.9332558156435543,0.029999295059268564
1 mcg,582.6374,0.9328435244022907,0.030191198898564576
1 mcg,582.8707,0.9336178447896132,0.029830855956264744
1 mcg,583.104,0.92973851289514,0.03163917873083153
1 mcg,583.3373,0.9270207588505204,0.03291054055529903
1 mcg,583.5706,0.9348290215148625,0.02926781351545777
1 mcg,583.8039,0.9406462401682801,0.026573676072261517
1 mcg,584.0372,0.9423964015695283,0.025766380856507756
1 mcg,584.2705000000001,0.9438289448202156,0.02510670808764077
1 mcg,584.5038000000001,0.9407351413541376,0.026532632512608505
1 mcg,584.7371,0.9423340199914939,0.02579512976915088
1 mcg,584.9704,0.9443735883203774,0.024856167513594075
1 mcg,585.2037,0.9454872163710207,0.02434433873544775
1 mcg,585.437,0.9456518492707453,0.024268723820215204
1 mcg,585.6703,0.9490170122010528,0.022726002284172004
1 mcg,585.9036,0.9520868473931312,0.021323434364156728
1 mcg,586.1369000000001,0.953755612960156,0.020562893157168107
1 mcg,586.3702000000001,0.9541146103688324,0.02039945374337635
1 mcg,586.6035,0.9529367279464764,0.020935934215749435
1 mcg,586.8368,0.951654134806505,0.021520861108251934
1 mcg,587.0701,0.9519749965181141,0.02137445814579195
1 mcg,587.3034,0.9584183885746619,0.018444862338013533
1 mcg,587.5367,0.962000385898966,0.01682475374830151
1 mcg,587.77,0.9630858993593866,0.01633497564384174
1 mcg,588.0033000000001,0.9644339818399079,0.015727495655064518
1 mcg,588.2366000000001,0.9691091737162763,0.013627295320966053
1 mcg,588.4699,0.9668936091006065,0.01462131032495179
1 mcg,588.7032,0.9629227922400299,0.016408533486414387
1 mcg,588.9365,0.9675532003891285,0.014325146205460253
1 mcg,589.1698,0.9735945768389439,0.011621853898246952
1 mcg,589.4031,0.9709616810521693,0.012797909160968278
1 mcg,589.6364,0.9613263002827477,0.01712917595337361
1 mcg,589.8697000000001,0.9640891306422368,0.015882813444987005
1 mcg,590.1030000000001,0.9683396850506939,0.013972269277216657
1 mcg,590.3363,0.9682256066737104,0.014023435752106447
1 mcg,590.5696,0.9647943560993888,0.01556524575332396
1 mcg,590.8029,0.9681401631465275,0.01406176286258558
1 mcg,591.0362,0.9685428613227619,0.013881155508545786
1 mcg,591.2695,0.967634081937033,0.014288843352207764
1 mcg,591.5028000000001,0.9694650484063206,0.013467843684698815
1 mcg,591.7361000000001,0.9779486769835567,0.009683936508615439
1 mcg,591.9694000000001,0.9755035883462689,0.010771128733719914
1 mcg,592.2027,0.9683575713942884,0.013964247434567924
1 mcg,592.436,0.9685893599275056,0.013860306041236595
1 mcg,592.6693,0.978385619913881,0.009489939084961636
1 mcg,592.9026,0.9799976129058973,0.008774982167769643
1 mcg,593.1359,0.9738530566189414,0.01150656828967185
1 mcg,593.3692000000001,0.9714772422491716,0.012567368694018748
1 mcg,593.6025000000001,0.9776958296517528,0.009796237288440883
1 mcg,593.8358000000001,0.9788482972740287,0.00928461030295754
1 mcg,594.0691,0.9774903114245924,0.009887538500576012
1 mcg,594.3024,0.9736042288502753,0.01161754841567549
1 mcg,594.5357,0.9783974735605171,0.009484677415089552
1 mcg,594.769,0.9856446715544693,0.0062796215656495845
1 mcg,595.0023,0.9866552833457066,0.00583455421004522
1 mcg,595.2356000000001,0.985676479333928,0.0062656066568200774
1 mcg,595.4689000000001,0.9836581237251883,0.007155816993800849
1 mcg,595.7022000000001,0.9750984457742718,0.010951535790469369
1 mcg,595.9355,0.9795616573902287,0.008968222638526367
1 mcg,596.1688,0.9841016072050555,0.006960058915865703
1 mcg,596.4021,0.9803160898151595,0.00863386927820398
1 mcg,596.6354,0.978759263390091,0.009324114568572538
1 mcg,596.8687,0.9878547745607374,0.005306896751147699
1 mcg,597.1020000000001,0.9916375113032133,0.003647053259735992
1 mcg,597.3353000000001,0.9885759978274483,0.004989938218390888
1 mcg,597.5686000000001,0.9792829718274746,0.009091797118198242
1 mcg,597.8019,0.9840742412841735,0.006972135955060255
1 mcg,598.0352,0.9860426867450789,0.006104283622120431
1 mcg,598.2685,0.9865898267825313,0.005863367076785318
1 mcg,598.5018,0.9811221579845276,0.008276915927167283
1 mcg,598.7351,0.9824620037807184,0.007684236746385662
1 mcg,598.9684000000001,0.9840908114555454,0.006964823220814553
1 mcg,599.2017000000001,0.9872616509290284,0.005567732340135173
1 mcg,599.4350000000001,0.9846621489723639,0.006712756310631726
1 mcg,599.6683,0.9882124909899929,0.005149660936641715
1 mcg,599.9016,0.9914459774875306,0.0037309449163179867
1 mcg,600.1349,0.9901317169237065,0.004307027495319497
1 mcg,600.3682,0.9865821382723233,0.00586675155377619
1 mcg,600.6015,0.9892812467958579,0.004680223501455018
1 mcg,600.8348000000001,0.9912091755387541,0.0038346863864265096
1 mcg,601.0681000000001,0.9930988715882977,0.003007511577478816
1 mcg,601.3014000000001,0.9898313825905554,0.004438781005923815
1 mcg,601.5347,0.9863907413560832,0.005951012848693535
1 mcg,601.768,0.9857103085608229,0.0062507015690319735
1 mcg,602.0013,0.9920847303443795,0.0034512347514858424
1 mcg,602.2346,0.9942091124846778,0.002522260626032319
1 mcg,602.4679,0.9913446910492864,0.00377531484599073
1 mcg,602.7012000000001,0.9889325203823264,0.004833341391111117
1 mcg,602.9345000000001,0.9934809927741124,0.0028404373737768484
1 mcg,603.1678,0.9920613611562527,0.00346146495529391
1 mcg,603.4011,0.9875795238878402,0.005427923149491519
1 mcg,603.6344,0.9900078665827564,0.004361354493450961
1 mcg,603.8677,0.9903076680340801,0.004229858158957615
1 mcg,604.101,0.9848185596329554,0.006643775399418202
1 mcg,604.3343,0.9863804651431665,0.005955537349608725
1 mcg,604.5676000000001,0.9900884553721649,0.004326003418682882
1 mcg,604.8009000000001,0.9891080393043231,0.004756268250098347
1 mcg,605.0342,0.9883638767684781,0.005083135798088227
1 mcg,605.2675,0.9876267641062304,0.005407149454815289
1 mcg,605.5008,0.9809715756555462,0.008343576427179032
1 mcg,605.7341,0.9836717945459695,0.007149781237445686
1 mcg,605.9674,0.9936209910351235,0.002779242253617785
1 mcg,606.2007,0.9930281333622621,0.00303844738487006
1 mcg,606.4340000000001,0.9895648639180166,0.004555733424835827
1 mcg,606.6673000000001,0.9922921219647912,0.0033604565945436165
1 mcg,606.9006,0.9908021706425961,0.004013050635787775
1 mcg,607.1339,0.9884592890677398,0.005041212943456259
1 mcg,607.3672,0.9836822846084556,0.007145149863458818
1 mcg,607.6005,0.9846255670688735,0.006728891402214154
1 mcg,607.8338,0.9896005175481158,0.00454008624854767
1 mcg,608.0671,0.9863287324777357,0.005978315376053764
1 mcg,608.3004000000001,0.984074459307279,0.006972039736485308
1 mcg,608.5337000000001,0.9890372631311204,0.004787345544013455
1 mcg,608.767,0.9829909164599777,0.00745049534134837
1 mcg,609.0003,0.9869651660436644,0.005698175052737742
1 mcg,609.2336,0.9852270478761611,0.006463673789777464
1 mcg,609.4669,0.9792011890285096,0.009128067841276457
1 mcg,609.7002,0.9762043862559305,0.010459245314544438
1 mcg,609.9335000000001,0.9778210421855016,0.009740621186805888
1 mcg,610.1668000000001,0.9793367340020772,0.009067955209836543
1 mcg,610.4001000000001,0.9844797496046606,0.006793212715708492
1 mcg,610.6334,0.9791311534686709,0.009159131064334048
1 mcg,610.8667,0.9779107124883365,0.009700796381951116
1 mcg,611.1,0.9765493863937472,0.010305788529805756
1 mcg,611.3333,0.977023761853005,0.010094873828669457
1 mcg,611.5666,0.9767303352741508,0.010225323761120677
1 mcg,611.7999000000001,0.9784926857108529,0.009442416370096601
1 mcg,612.0332000000001,0.97947087512905,0.009008473358673575
1 mcg,612.2665000000001,0.9803008967612837,0.008640600077240008
1 mcg,612.4998,0.9749877190109709,0.011000854659779511
1 mcg,612.7331,0.9759828288628222,0.010557823107616503
1 mcg,612.9664,0.9771390213162364,0.01004364314373603
1 mcg,613.1997,0.9822121187071176,0.007794711769106062
1 mcg,613.433,0.9850805994732638,0.006528233995352008
1 mcg,613.6663000000001,0.9849186644191086,0.006599632499801948
1 mcg,613.8996000000001,0.9814030174735079,0.00815261104831797
1 mcg,614.1329000000001,0.9789718273754889,0.00922980604304736
1 mcg,614.3662,0.9724563853969819,0.012129867643569972
1 mcg,614.5995,0.9813329126291521,0.008183635239198045
1 mcg,614.8328,0.9822254780357457,0.007788804854358725
1 mcg,615.0661,0.9744519930159624,0.011239551807340297
1 mcg,615.2994,0.9728638008538458,0.01194795590626764
1 mcg,615.5327000000001,0.9807399870450837,0.008446117145167431
1 mcg,615.7660000000001,0.9856477562571415,0.006278262386940284
1 mcg,615.9993000000001,0.9835605356898778,0.00719890518337966
1 mcg,616.2326,0.969206948993595,0.013583480730616604
1 mcg,616.4659,0.9849655052839695,0.00657897876852841
1 mcg,616.6992,0.9825733513237179,0.007635018676670692
1 mcg,616.9325,0.9730298413438456,0.01187384037683614
1 mcg,617.1658,0.9726517234674888,0.012042639333713688
1 mcg,617.3991000000001,0.9752049186031301,0.010904116949958414
1 mcg,617.6324000000001,0.9748414017330985,0.011066034511521715
1 mcg,617.8657000000001,0.9823116182001522,0.007750719344884091
1 mcg,618.099,0.975791009875241,0.010643187432565988
1 mcg,618.3323,0.9709882462152478,0.0127860271823708
1 mcg,618.5656,0.9687162387462489,0.013803420053845529
1 mcg,618.7989,0.9720656903099248,0.012304385305075183
1 mcg,619.0322,0.9715633457055962,0.012528878241215777
1 mcg,619.2655000000001,0.9675445406256696,0.014329033231324725
1 mcg,619.4988000000001,0.9677654269396853,0.014229896959276102
1 mcg,619.7321000000001,0.9739373064863394,0.011468998278824786
1 mcg,619.9654,0.9737746068381108,0.011541554758162651
1 mcg,620.1987,0.9721227025555078,0.012278914415777054
1 mcg,620.432,0.9654501257287663,0.015270156561175946
1 mcg,620.6653,0.9671073358122722,0.014525322438147782
1 mcg,620.8986,0.9751434800143268,0.010931478666583932
1 mcg,621.1319000000001,0.9712416647699013,0.012672695305542039
1 mcg,621.3652000000001,0.9690225437415884,0.013666119225100672
1 mcg,621.5985000000001,0.9775221504390471,0.009873392802215651
1 mcg,621.8318,0.9741722171912512,0.011364260406402584
1 mcg,622.0651,0.9691441802175447,0.01361160786679252
1 mcg,622.2984,0.966478912708421,0.014807617263238908
1 mcg,622.5317,0.973968307770528,0.011455174522111278
1 mcg,622.765,0.9773862117691121,0.009933791965129364
1 mcg,622.9983000000001,0.96885454714164,0.013741418114655743
1 mcg,623.2316000000001,0.9644340097266476,0.015727483097380715
1 mcg,623.4649000000001,0.9704829706197798,0.013012080915234472
1 mcg,623.6982,0.976483942461314,0.010334893961157617
1 mcg,623.9315,0.9773513772849474,0.009949270691623407
1 mcg,624.1648,0.9726313886039935,0.012051719059900406
1 mcg,624.3981,0.9688960747631907,0.013722803524434547
1 mcg,624.6314,0.9675807547925463,0.014312778353275893
1 mcg,624.8647000000001,0.9664079853788837,0.014839490155417426
1 mcg,625.0980000000001,0.9700750688530505,0.013194656736678365
1 mcg,625.3313,0.9775621071663099,0.009855641151768834
1 mcg,625.5646,0.9706569050302367,0.012934251639947046
1 mcg,625.7979,0.9729206831828645,0.01192256390440893
1 mcg,626.0312,0.9727824534557512,0.01198427157881296
1 mcg,626.2645,0.966852479385519,0.014639784734196946
1 mcg,626.4978,0.9647975183305133,0.015563822302545506
1 mcg,626.7311000000001,0.9681136292900998,0.01407366575204759
1 mcg,626.9644000000001,0.9713627623892007,0.012618549410303439
1 mcg,627.1977,0.9705031945024445,0.013003030752176065
1 mcg,627.431,0.9626120791744206,0.01654869295381623
1 mcg,627.6643,0.9653614201987598,0.015310061359036191
1 mcg,627.8976,0.9649474957438552,0.01549631663451103
1 mcg,628.1309,0.9615839714616035,0.017012784488377324
1 mcg,628.3642,0.9582225229797553,0.018533625284526817
1 mcg,628.5975000000001,0.9607914402173914,0.017370874758889748
1 mcg,628.8308000000001,0.9631172445125935,0.01632084107333532
1 mcg,629.0641,0.962044732061762,0.016804734161838048
1 mcg,629.2974,0.9557633664232177,0.019649619625173247
1 mcg,629.5307,0.960979735962918,0.017285770138190545
1 mcg,629.764,0.9632926517026542,0.01624175263521038
1 mcg,629.9973,0.9614697938877043,0.017064355267367774
1 mcg,630.2306000000001,0.9604694515487354,0.01751644364434531
1 mcg,630.4639000000001,0.9586804816514412,0.018326114599472525
1 mcg,630.6972000000001,0.9590665201003241,0.01815126946060518
1 mcg,630.9305,0.9635119563321525,0.016142891764252272
1 mcg,631.1638,0.9651096561040033,0.015423339158487509
1 mcg,631.3971,0.9656473425790335,0.015181450329084814
1 mcg,631.6304,0.9590481978935714,0.018159566392185526
1 mcg,631.8637,0.9531952509671168,0.020818130072867924
1 mcg,632.0970000000001,0.9554079014879425,0.019811171302170746
1 mcg,632.3303000000001,0.9539387208838771,0.020479522609069017
1 mcg,632.5636000000001,0.9539051532271873,0.020494805042050184
1 mcg,632.7969,0.9580670071278681,0.01860411533878035
1 mcg,633.0302,0.9563733534966447,0.019372532713711
1 mcg,633.2635,0.9623160317364181,0.016682279002033853
1 mcg,633.4968,0.9609314531245493,0.017307591094744217
1 mcg,633.7301,0.9561096884152318,0.019492281007572138
1 mcg,633.9634000000001,0.954865748709122,0.020057684639657992
1 mcg,634.1967000000001,0.9568088167587477,0.019174831420013885
1 mcg,634.4300000000001,0.9594766031195839,0.017965611089997228
1 mcg,634.6633,0.9622710973124499,0.016702558439723018
1 mcg,634.8966,0.9647900627472179,0.015567178375849804
1 mcg,635.1299,0.9686900678171306,0.01381515315295286
1 mcg,635.3632,0.9644946230917005,0.015700189137891635
1 mcg,635.5965,0.9558598031645221,0.01960580142365416
1 mcg,635.8298000000001,0.9556633995155703,0.019695046504379303
1 mcg,636.0631000000001,0.9640654354425424,0.015893487583519654
1 mcg,636.2964000000001,0.9675429563850041,0.014329744338166264
1 mcg,636.5297,0.963521229290369,0.016138712080566046
1 mcg,636.763,0.9620007020007022,0.01682461104439076
1 mcg,636.9963,0.9681807321670339,0.014043564534212035
1 mcg,637.2296,0.9713738072172797,0.012613611316314393
1 mcg,637.4629,0.9642720874208661,0.01580040448666566
1 mcg,637.6962000000001,0.9579077417897002,0.018676316768077014
1 mcg,637.9295000000001,0.9555424856108686,0.019749998450766713
1 mcg,638.1628000000001,0.9636993557792473,0.01605843133634794
1 mcg,638.3961,0.9729090751733173,0.011927745544242179
1 mcg,638.6294,0.9770061575652872,0.01010269913875085
1 mcg,638.8627,0.9731303538676505,0.011828980724895027
1 mcg,639.096,0.9684322736108499,0.013930745854065122
1 mcg,639.3293,0.9659426523297492,0.01504865672741436
1 mcg,639.5626000000001,0.9687604697646681,0.013783590873812156
1 mcg,639.7959000000001,0.9723454249516367,0.012179424887828808
1 mcg,640.0292000000001,0.9765793062573519,0.01029248266653856
1 mcg,640.2625,0.9777054722931644,0.00979195402857818
1 mcg,640.4958,0.9740321904020329,0.011426690058798239
1 mcg,640.7291,0.9786836750189827,0.009357655891122045
1 mcg,640.9624,0.9803371043413843,0.008624559633023686
1 mcg,641.1957,0.976740833994727,0.010220655623207944
1 mcg,641.4290000000001,0.9716683158280153,0.01248195851890159
1 mcg,641.6623000000001,0.9715337207575084,0.012542120967690177
1 mcg,641.8956000000001,0.9777235459079913,0.009783925845387164
1 mcg,642.1289,0.9881261584065895,0.005187603588439621
1 mcg,642.3622,0.9784268106146295,0.009471655376452432
1 mcg,642.5955,0.9781654246020794,0.009587692332471478
1 mcg,642.8288,0.9809545790251111,0.008351101218865488
1 mcg,643.0621,0.9867011591586561,0.005814361596089395
1 mcg,643.2954000000001,0.991910519573843,0.003527503862039079
1 mcg,643.5287000000001,0.9917272331236622,0.0036077607476921775
1 mcg,643.7620000000001,0.9887309991567372,0.004921849426677306
1 mcg,643.9953,0.988685674482525,0.004941758489011312
1 mcg,644.2286,0.992078285475073,0.0034540560631966997
1 mcg,644.4619,0.9974213279780204,0.00112134944818333
1 mcg,644.6952,0.9952403617325083,0.0020720195882807336
1 mcg,644.9285,0.9903731839331498,0.004201127438988263
1 mcg,645.1618000000001,0.993940089228808,0.0026397923647370988
1 mcg,645.3951000000001,0.9962894652577651,0.0016144618776862787
1 mcg,645.6284,0.9944571935181361,0.0024139063746132015
1 mcg,645.8617,0.9966303544458369,0.0014658896237498865
1 mcg,646.095,0.9924200307148743,0.003304478638898893
1 mcg,646.3283,0.9903972299701836,0.004190582995146952
1 mcg,646.5616,0.9923572663941949,0.0033319459000170724
1 mcg,646.7949,0.9981014940501137,0.0008252943191050394
1 mcg,647.0282000000001,1.00342711885505,-0.0014858341941750858
1 mcg,647.2615000000001,0.998565449720387,0.0006234645730850644
1 mcg,647.4948,0.9960183546378235,0.0017326583187953822
1 mcg,647.7281,0.9944666344500658,0.0024097833965650173
1 mcg,647.9614,0.9934337329502295,0.002861097224414816
1 mcg,648.1947,0.9923510426928576,0.003334669644494217
1 mcg,648.428,0.9885278604834882,0.005011086103740077
1 mcg,648.6613,0.9830452412501369,0.00742649480960822
1 mcg,648.8946000000001,0.9846866740272342,0.006701939439720191
1 mcg,649.1279000000001,0.9821222084803877,0.007834468255384683
1 mcg,649.3612,0.9833163167311949,0.007306754280842613
1 mcg,649.5945,0.989496835432264,0.0045855903979619556
1 mcg,649.8278,1.0015219216853106,-0.0006604597332095092
1 mcg,650.0611,1.0110768261964735,-0.004784156506473587
1 mcg,650.2944,1.0095355286083387,-0.0041216076848447965
1 mcg,650.5277000000001,1.008637481139143,-0.003735102579269325
1 mcg,650.7610000000001,1.0232431794023857,-0.00997885846484737
1 mcg,650.9943000000001,1.0266210939612561,-0.011410183455680034
1 mcg,651.2276,1.0298443230433156,-0.012771579313799766
1 mcg,651.4609,1.043937123810158,-0.018674341956840246
1 mcg,651.6942,1.0413532970962138,-0.01759809641608892
1 mcg,651.9275,1.0431527902118771,-0.01834792404120401
1 mcg,652.1608,1.042859872110403,-0.018225956693398663
1 mcg,652.3941000000001,1.0434354968175188,-0.018465606978793816
1 mcg,652.6274000000001,1.0449295828113732,-0.019087024584036206
1 mcg,652.8607000000001,1.0345310196211863,-0.014743517184780333
1 mcg,653.094,1.0349975269185405,-0.014939312066449273
1 mcg,653.3273,1.0532500194658567,-0.022531475825388197
1 mcg,653.5606,1.0558501237186282,-0.023602275147137357
1 mcg,653.7939,1.053322754205006,-0.022561466050518425
1 mcg,654.0272,1.0468609564427596,-0.01988900272976343
1 mcg,654.2605000000001,1.047968973747017,-0.020348425080983914
1 mcg,654.4938000000001,1.0611466669905154,-0.025775414308993824
1 mcg,654.7271000000001,1.0531756301877362,-0.022500801253020303
1 mcg,654.9604,1.0374873450516164,-0.01598280802724289
1 mcg,655.1937,1.031020066889632,-0.013267118100806153
1 mcg,655.427,1.034585147921618,-0.014766239565056863
1 mcg,655.6603,1.0557622291021673,-0.023566120644736375
1 mcg,655.8936,1.081116065740859,-0.033872321154911754
1 mcg,656.1269000000001,1.0792419425541244,-0.033118814968013756
1 mcg,656.3602000000001,1.0700002970393663,-0.029383898248330927
1 mcg,656.5935000000001,1.077368766657654,-0.03236438102537142
1 mcg,656.8268,1.0863433128513533,-0.035967095340174345
1 mcg,657.0601,1.0773683681979138,-0.03236422040358272
1 mcg,657.2934,1.0823086485526552,-0.03435112883739397
1 mcg,657.5267,1.1026348945494384,-0.042431732266661595
1 mcg,657.76,1.101266639030906,-0.04189248322234345
1 mcg,657.9933000000001,1.0841024372139056,-0.03507032077693938
1 mcg,658.2266000000001,1.0846049090346737,-0.03527156576589899
1 mcg,658.4599000000001,1.0839541241395956,-0.03501090207816961
1 mcg,658.6932,1.0851934576069602,-0.035507166831393655
1 mcg,658.9265,1.0912433561123767,-0.03792161257844458
1 mcg,659.1598,1.074435199548724,-0.031180227806010343
1 mcg,659.3931,1.0894164989939639,-0.03719394828957862
1 mcg,659.6264,1.122801270597578,-0.050302895424108554
1 mcg,659.8597000000001,1.1116191889218596,-0.045956035020545384
1 mcg,660.0930000000001,1.0707497684418659,-0.029687989148989152
1 mcg,660.3263000000001,1.0710240411885334,-0.029799219513773432
1 mcg,660.5596,1.106641275644932,-0.04400686455021723
1 mcg,660.7929,1.1102775198596926,-0.045431546605979714
1 mcg,661.0262,1.071455374972963,-0.029974087830877422
1 mcg,661.2595,1.0776913655848135,-0.03249440332301748
1 mcg,661.4928,1.088485888039919,-0.03682280288917499
1 mcg,661.7261000000001,1.0925530458590007,-0.038442532108895595
1 mcg,661.9594000000001,1.0960594439117928,-0.03983410840273189
1 mcg,662.1927000000001,1.0886415132564546,-0.03688489128405832
1 mcg,662.426,1.089506063007834,-0.03722965140055751
1 mcg,662.6593,1.1045068885103286,-0.043168428792963204
1 mcg,662.8926,1.1281516866985135,-0.05236749704731231
1 mcg,663.1259,1.1208440456529265,-0.049545189023045
1 mcg,663.3592,1.1003065224605035,-0.0415136874028472
1 mcg,663.5925000000001,1.1002810835316787,-0.04150364646070562
1 mcg,663.8258000000001,1.1194580209764666,-0.04900781243036596
1 mcg,664.0591000000001,1.1037321213587479,-0.04286368178777566
1 mcg,664.2924,1.0763756024898192,-0.03196384533091631
1 mcg,664.5257,1.064528431754199,-0.027157265200423254
1 mcg,664.759,1.0790662511542013,-0.033048109768547405
1 mcg,664.9923,1.10125679246521,-0.04188860012254401
1 mcg,665.2256,1.1103326643556528,-0.04545311630828768
1 mcg,665.4589000000001,1.0934775638117018,-0.038809876525246235
1 mcg,665.6922000000001,1.0952545255443196,-0.03951505633993232
1 mcg,665.9255,1.0960984638163982,-0.03984956908573887
1 mcg,666.1588,1.122272785213512,-0.05009843153151514
1 mcg,666.3921,1.1607695842407049,-0.06474601971785415
1 mcg,666.6254,1.149126353501591,-0.06036778465999822
1 mcg,666.8587,1.1330474271770423,-0.05424808897212878
1 mcg,667.092,1.1445869816059187,-0.05864880198747983
1 mcg,667.3253000000001,1.1556136745750047,-0.06281267228372858
1 mcg,667.5586000000001,1.1482636722811392,-0.060041625229437005
1 mcg,667.7919,1.1528581440986825,-0.06177587188679849
1 mcg,668.0252,1.1658440191593098,-0.0666404490937993
1 mcg,668.2585,1.1424783215989904,-0.057847968129846807
1 mcg,668.4918,1.156971504451749,-0.06332266265809076
1 mcg,668.7251,1.1714860063347947,-0.06873710521819036
1 mcg,668.9584,1.1933790894532144,-0.07677842380919844
1 mcg,669.1917000000001,1.1934451958363146,-0.07680248057582621
1 mcg,669.4250000000001,1.1852134381260595,-0.07379656693129169
1 mcg,669.6583,1.1666605462474178,-0.06694451128380266
1 mcg,669.8916,1.1644680243109453,-0.06612756753280957
1 mcg,670.1249,1.1747622306657544,-0.06994997523829352
1 mcg,670.3582,1.1890601171843647,-0.07520381248363707
1 mcg,670.5915,1.1888724071687378,-0.075135247523682
1 mcg,670.8248000000001,1.1664372368601124,-0.06686137543269323
1 mcg,671.0581000000001,1.155742351046699,-0.06286102786464809
1 mcg,671.2914000000001,1.1719439438450967,-0.0689068391044513
1 mcg,671.5247,1.1700072133920352,-0.06818853929034933
1 mcg,671.758,1.1722117471570672,-0.06900606928918403
1 mcg,671.9913,1.1942293286492909,-0.07708773265897693
1 mcg,672.2246,1.1957044538307493,-0.07762384693333392
1 mcg,672.4579,1.1653132260599934,-0.06644267563298112
1 mcg,672.6912000000001,1.1494719642242863,-0.0604983832336827
1 mcg,672.9245000000001,1.1433256243016396,-0.05816993704216417
1 mcg,673.1578000000001,1.1645527584359936,-0.06615916842123977
1 mcg,673.3911,1.1598082952611306,-0.06438621061434495
1 mcg,673.6244,1.1590004627487274,-0.06408360936236966
1 mcg,673.8577,1.1646897140893855,-0.06621024003383802
1 mcg,674.091,1.1731586940015186,-0.06935676340925204
1 mcg,674.3243,1.151642330612591,-0.0613176197468508
1 mcg,674.5576000000001,1.1583450626681604,-0.06383795186943515
1 mcg,674.7909000000001,1.18812809888614,-0.07486326694167664
1 mcg,675.0242000000001,1.1826783027384895,-0.07286662937429099
1 mcg,675.2575,1.118527713625866,-0.04864674902780289
1 mcg,675.4908,1.0992532364559007,-0.041097752957078786
1 mcg,675.7241,1.1210594315245477,-0.04962863676891367
1 mcg,675.9574,1.127318204372614,-0.05204652021422575
1 mcg,676.1907,1.108035678492684,-0.044553744799473494
1 mcg,676.4240000000001,1.0839191069789476,-0.03499687195922688
1 mcg,676.6573000000001,1.0937276581175925,-0.03890919466548123
1 mcg,676.8906000000001,1.129270579806345,-0.05279801388022706
1 mcg,677.1239,1.1112527339130798,-0.0458128424344267
1 mcg,677.3572,1.0790984154404584,-0.033061054816025066
1 mcg,677.5905,1.0831842352205194,-0.0347023306186177
1 mcg,677.8238,1.0960841043249718,-0.03984387955241247
1 mcg,678.0571,1.1390699264454516,-0.056550385832592406
1 mcg,678.2904000000001,1.15916816095454,-0.06414644379537149
1 mcg,678.5237000000001,1.128620422613121,-0.05254790465096113
1 mcg,678.7570000000001,1.0734366546796932,-0.030776421073367605
1 mcg,678.9903,1.0369217091048184,-0.015745967008778908
1 mcg,679.2236,1.041314435695538,-0.017581889037822294
1 mcg,679.4569,1.0589617010292645,-0.024880253466853353
1 mcg,679.6902,1.0335072573759605,-0.014313530626845013
1 mcg,679.9235,1.0407908051853982,-0.01736344681747802
1 mcg,680.1568000000001,1.0601614839061646,-0.02537202208351395
1 mcg,680.3901000000001,1.0324694877790948,-0.013877225960425786
1 mcg,680.6234000000001,0.9673761431011959,0.014404627147338782
1 mcg,680.8567,0.9512650542450483,0.021698457239693977
1 mcg,681.09,0.9624758417251549,0.016610162533362297
1 mcg,681.3233,0.9566441682191614,0.019249571644031533
1 mcg,681.5566,0.9303780705160759,0.03134053470060905
1 mcg,681.7899,0.937546310355299,0.028007270976215692
1 mcg,682.0232000000001,0.9104719983344736,0.040733406437788555
1 mcg,682.2565000000001,0.9036181312426376,0.044015063475858436
1 mcg,682.4898000000001,0.9219176557488188,0.0353078677217986
1 mcg,682.7231,0.867604905649539,0.06167800104408025
1 mcg,682.9564,0.809079501658152,0.0920088017066005
1 mcg,683.1897,0.8111287844067614,0.09091018658182315
1 mcg,683.423,0.800761640374058,0.09649673944094161
1 mcg,683.6563,0.7918087587228118,0.10137969853740465
1 mcg,683.8896000000001,0.7704079244988689,0.11327925866074104
1 mcg,684.1229000000001,0.7493849155849663,0.12529505309456265
1 mcg,684.3562000000001,0.7402731411229134,0.13060800757270444
1 mcg,684.5895,0.7186651334621879,0.143473424730409
1 mcg,684.8228,0.7025516403402187,0.1533217478776308
1 mcg,685.0561,0.6985666824869482,0.15579213149127394
1 mcg,685.2894,0.7255448710025626,0.13933572364497937
1 mcg,685.5227,0.6883340770838716,0.16220072946828834
1 mcg,685.7560000000001,0.6394543822389596,0.1941904320274592
1 mcg,685.9893000000001,0.590563782590199,0.22873319046190058
1 mcg,686.2226,0.5586331300813008,0.25287331176993205
1 mcg,686.4559,0.5523807751937985,0.25776144481559793
1 mcg,686.6892,0.5500149893850682,0.25962547465390784
1 mcg,686.9225,0.5282968760098474,0.27712195742908596
1 mcg,687.1558,0.4799302762134621,0.31882185190611245
1 mcg,687.3891,0.4601546072974645,0.33709622524266414
1 mcg,687.6224000000001,0.44162596783799885,0.35494539778525164
1 mcg,687.8557000000001,0.423782526947311,0.37285695372905403
1 mcg,688.089,0.4046689555491722,0.3929001115235111
1 mcg,688.3223,0.3883759478966809,0.4107476737671061
1 mcg,688.5556,0.37702307455990847,0.4236320692971857
1 mcg,688.7889,0.36845989878037305,0.4336097715392186
1 mcg,689.0222,0.3575955203440576,0.4466079303180726
1 mcg,689.2555,0.3613587213690455,0.44206145915064265
1 mcg,689.4888000000001,0.35683331998886686,0.44753459933048023
1 mcg,689.7221000000001,0.35014338112704235,0.4557540788466792
1 mcg,689.9554,0.3459085773655779,0.4610386688143336
1 mcg,690.1887,0.34042647315901947,0.4679766744986334
1 mcg,690.422,0.3404929051530993,0.46789193304623483
1 mcg,690.6553,0.3476079073996213,0.45891035276145675
1 mcg,690.8886,0.35066323020379936,0.455109770921448
1 mcg,691.1219000000001,0.3573903161740497,0.44685721928742883
1 mcg,691.3552000000001,0.36542117304128174,0.4372062925921482
1 mcg,691.5885000000001,0.3730584307294876,0.42822314096342595
1 mcg,691.8218,0.3856781997128093,0.41377490874092154
1 mcg,692.0551,0.3980158813446672,0.4000995986731736
1 mcg,692.2884,0.40856341779693695,0.38874052208970683
1 mcg,692.5217,0.41927880386983296,0.37749709227100436
1 mcg,692.755,0.42743351447574734,0.3691314284020821
1 mcg,692.9883000000001,0.43850101567988264,0.3580293963602952
1 mcg,693.2216000000001,0.44777010879441526,0.34894490142007617
1 mcg,693.4549000000001,0.45990757912640756,0.33732943333604226
1 mcg,693.6882,0.48102110138960363,0.31783587161773813
1 mcg,693.9215,0.5014496635077599,0.2997726557801521
1 mcg,694.1548,0.516381288434278,0.28702950319293663
1 mcg,694.3881,0.5339316230639338,0.2725143565059101
1 mcg,694.6214,0.5465510516367128,0.2623692657204973
1 mcg,694.8547000000001,0.5575715572804768,0.25369938848105816
1 mcg,695.0880000000001,0.5643180285901331,0.24847607485464457
1 mcg,695.3213000000001,0.574768851714971,0.24050677549753524
1 mcg,695.5546,0.5920560717196415,0.22763716070062384
1 mcg,695.7879,0.5945022355173856,0.2258465079569139
1 mcg,696.0212,0.5897189012307296,0.22935495231604444
1 mcg,696.2545,0.6056441911997468,0.2177824437886906
1 mcg,696.4878,0.624256468936604,0.2046369485218059
1 mcg,696.7211000000001,0.6164325133289683,0.2101144627716453
1 mcg,696.9544000000001,0.6252760242604284,0.20392822369582803
1 mcg,697.1877000000001,0.6467899578082826,0.18923673165726582
1 mcg,697.421,0.6572123479887745,0.1822942854484655
1 mcg,697.6543,0.6578561751776382,0.18186904431032452
1 mcg,697.8876,0.6617671144882931,0.17929481824465182
1 mcg,698.1209,0.6662140216930255,0.1763862310266723
1 mcg,698.3542,0.6657309667396836,0.17670124119858188
1 mcg,698.5875000000001,0.6651805431214564,0.17706046260731248
1 mcg,698.8208000000001,0.6633466394630239,0.1782594666706475
1 mcg,699.0541000000001,0.6608529998825877,0.179895134220468
1 mcg,699.2874,0.6620972250271467,0.17907823232397344
1 mcg,699.5207,0.6635359873512621,0.17813551788735907
1 mcg,699.754,0.6647921440832295,0.17731412129594049
1 mcg,699.9873,0.6664510591071072,0.1762317375331321
1 mcg,700.2206,0.66115289501404,0.17969809606280734
1 mcg,700.4539000000001,0.6712490596368983,0.1731163097017617
1 mcg,700.6872000000001,0.6760963014375523,0.169991439850978
1 mcg,700.9205000000001,0.6748116597370998,0.17081742205840805
1 mcg,701.1538,0.6777700975020371,0.16891759568797557
1 mcg,701.3871,0.6917697858076245,0.1600384104390021
1 mcg,701.6204,0.7014276305097213,0.154017130468268
1 mcg,701.8537,0.7004743460437732,0.15460776555400224
1 mcg,702.087,0.6938917188587336,0.15870829549778045
1 mcg,702.3203000000001,0.7041094509813803,0.15235982628035977
1 mcg,702.5536000000001,0.7090313032308508,0.1493345905992762
1 mcg,702.7869000000001,0.7115365127091512,0.14780280905652537
1 mcg,703.0202,0.7140369816752478,0.14627929449614022
1 mcg,703.2535,0.7185962880229447,0.1435150305147756
1 mcg,703.4868,0.7281272993316842,0.1377926858460095
1 mcg,703.7201,0.7326528178719889,0.1351017757021897
1 mcg,703.9534,0.7363145869463484,0.13293659573740174
1 mcg,704.1867000000001,0.7479112159494561,0.1261499538892342
1 mcg,704.4200000000001,0.7535180164119744,0.12290635936160761
1 mcg,704.6533000000001,0.7582057609093334,0.12021292009208315
1 mcg,704.8866,0.7639090851702113,0.11695832487763887
1 mcg,705.1199,0.7648512458315239,0.11642302157367392
1 mcg,705.3532,0.7706994994798194,0.11311492306047263
1 mcg,705.5865,0.7839160127510115,0.10573046429599187
1 mcg,705.8198,0.7824473636167946,0.10654486842644516
1 mcg,706.0531000000001,0.7830657781610972,0.10620175532068853
1 mcg,706.2864000000001,0.7872715600952358,0.10387543700812052
1 mcg,706.5197000000001,0.78737644512371,0.10381758155214942
1 mcg,706.753,0.7890958713855446,0.1028702288763856
1 mcg,706.9863,0.7936396788304643,0.10037662731262444
1 mcg,707.2196,0.7992290253100747,0.09732875238079416
1 mcg,707.4529,0.8098500199376644,0.09159540278119813
1 mcg,707.6862,0.7977087204187033,0.09815566028796824
1 mcg,707.9195000000001,0.8009328323481156,0.09640390309639692
1 mcg,708.1528000000001,0.8110126436504558,0.09097237510472425
1 mcg,708.3861,0.8172054623756445,0.08766873911292326
1 mcg,708.6194,0.8156998737282729,0.08846960492235631
1 mcg,708.8527,0.8169729663589039,0.08779231403722865
1 mcg,709.086,0.8209729396017447,0.08567115758862538
1 mcg,709.3193,0.819593952438059,0.08640125480045431
1 mcg,709.5526000000001,0.8253792224346719,0.08334646797077314
1 mcg,709.7859000000001,0.832267392232181,0.07973712044700432
1 mcg,710.0192000000001,0.8368085276909515,0.07737390267582978
1 mcg,710.2525,0.839604922452684,0.0759250238917199
1 mcg,710.4858,0.8402197919161278,0.07560709259245277
1 mcg,710.7191,0.8379595510376959,0.07677694459776788
1 mcg,710.9524,0.8402382086707957,0.07559757340789196
1 mcg,711.1857,0.8503269645854984,0.07041404886063603
1 mcg,711.4190000000001,0.846572184459233,0.07233600509697262
1 mcg,711.6523000000001,0.8459685778690997,0.0726457678256269
1 mcg,711.8856000000001,0.8524481506926841,0.06933202706022401
1 mcg,712.1189,0.8594888975334026,0.06575972894914645
1 mcg,712.3522,0.8675122268103266,0.06172439550096668
1 mcg,712.5855,0.8705673504041477,0.06019762457260753
1 mcg,712.8188,0.863676688542629,0.06364880226624632
1 mcg,713.0521,0.8666392563366621,0.062161642529598646
1 mcg,713.2854000000001,0.8731591624976839,0.05890658436538045
1 mcg,713.5187000000001,0.869743711188296,0.06060870280008592
1 mcg,713.7520000000001,0.8686207890942457,0.061169780683125244
1 mcg,713.9853,0.8743903401467921,0.058294648913016854
1 mcg,714.2186,0.8841833704528583,0.053457657478635935
1 mcg,714.4519,0.8884811709913507,0.05135177148412027
1 mcg,714.6852,0.8883359914938862,0.0514227418192857
1 mcg,714.9185,0.8865617298672391,0.052291019784036656
1 mcg,715.1518000000001,0.8742259756997982,0.058376293550452575
1 mcg,715.3851000000001,0.8804546324931601,0.055293017170284876
1 mcg,715.6184000000001,0.8909517119491165,0.050145833339480674
1 mcg,715.8517,0.8914763198829528,0.04989018841767997
1 mcg,716.085,0.888096608152101,0.05153978860737873
1 mcg,716.3183,0.8922421047910748,0.04951728630964027
1 mcg,716.5516,0.8966301355357899,0.0473866686857489
1 mcg,716.7849,0.8938086956521738,0.04875542450740574
1 mcg,717.0182000000001,0.8861457591109233,0.05249483661060282
1 mcg,717.2515000000001,0.8923259333873705,0.049476485066936325
1 mcg,717.4848000000001,0.9026099155615555,0.04449989987634795
1 mcg,717.7181,0.9065474860335196,0.04260944211211396
1 mcg,717.9514,0.9008372289570294,0.04535367400637742
1 mcg,718.1847,0.8937500326771757,0.04878392931224275
1 mcg,718.418,0.8978981955687722,0.04677290120472201
1 mcg,718.6513,0.9115881769257986,0.040201316147632324
1 mcg,718.8846000000001,0.9146385296772286,0.03875050766367221
1 mcg,719.1179000000001,0.8951893818117453,0.048085077784348486
1 mcg,719.3512000000001,0.8903599274400359,0.050434394589002327
1 mcg,719.5845,0.909068004088327,0.041403627563927646
1 mcg,719.8178,0.9249556791087008,0.03387907675250854
1 mcg,720.0511,0.916168997956311,0.03802440830791842
1 mcg,720.2844,0.9094737782401824,0.04120981790864577
1 mcg,720.5177,0.9150545054584779,0.03855303629984743
1 mcg,720.7510000000001,0.9151523328069074,0.03850660889420741
1 mcg,720.9843000000001,0.9134008501532437,0.03933858850667237
1 mcg,721.2176000000001,0.9210855141958177,0.03570004774089228
1 mcg,721.4509,0.9203495134313094,0.03604721294946922
1 mcg,721.6842,0.9145012476368523,0.03881569768736669
1 mcg,721.9175,0.9173219251787128,0.03747822616935181
1 mcg,722.1508,0.9233386057084721,0.03463900577410354
1 mcg,722.3841,0.923295124609229,0.034659457692815775
1 mcg,722.6174000000001,0.9192372970693653,0.03657236292855539
1 mcg,722.8507000000001,0.922564822229446,0.03500310923664264
1 mcg,723.0840000000001,0.919503187397924,0.03644676096975278
1 mcg,723.3173,0.9215398019801979,0.03548590254249758
1 mcg,723.5506,0.9309202411493755,0.031087526658345476
1 mcg,723.7839,0.9263478336896822,0.03322590976799032
1 mcg,724.0172,0.9215032250751904,0.03550314049926662
1 mcg,724.2505,0.9319772874290233,0.03059467140614493
1 mcg,724.4838000000001,0.9350534367420912,0.029163569214027952
1 mcg,724.7171000000001,0.9284166732914647,0.032257068718643776
1 mcg,724.9504000000001,0.9250329025608499,0.03384281953503849
2 mcg,375.0004,0.9691351447345056,0.013615656881168028
2 mcg,375.23370000000006,0.9593286287826532,0.018032594895389484
2 mcg,375.46700000000004,0.8844620201021585,0.05332081149840399
2 mcg,375.7003,0.8863578311854173,0.05239091385110916
2 mcg,375.9336,0.8898533353310359,0.05068156740593852
2 mcg,376.16690000000006,0.897426365934931,0.04700117526222363
2 mcg,376.40020000000004,0.8966904370085937,0.047357461864280186
2 mcg,376.6335,0.8596681405410544,0.06566916799665523
2 mcg,376.8668,0.8587870445087893,0.06611451586688238
2 mcg,377.10010000000005,0.9083555421464607,0.04174412970654581
2 mcg,377.33340000000004,0.8781604696673188,0.056426116527633345
2 mcg,377.5667,0.8759992747531687,0.057496253387658104
2 mcg,377.8,0.9049403217436431,0.04338006034398339
2 mcg,378.03330000000005,0.882909103374985,0.05408400529518945
2 mcg,378.26660000000004,0.8772197169958017,0.05689161538229183
2 mcg,378.4999,0.8971784950795922,0.04712114478612422
2 mcg,378.7332,0.8760278757518445,0.057482074091521826
2 mcg,378.96650000000005,0.8772539121655731,0.056874686346375276
2 mcg,379.19980000000004,0.853609217786433,0.06874090378488872
2 mcg,379.4331,0.8344894753377318,0.0785791363143577
2 mcg,379.6664,0.8489691627141922,0.07110808443954425
2 mcg,379.89970000000005,0.8538896769880481,0.0685982367704285
2 mcg,380.13300000000004,0.8210218427135917,0.0856452886250232
2 mcg,380.3663,0.8217419962335217,0.08526451725369302
2 mcg,380.5996,0.8331838422391857,0.07925916082511138
2 mcg,380.83290000000005,0.8342006015181171,0.07872950133278529
2 mcg,381.06620000000004,0.8262728709833935,0.08287650619990142
2 mcg,381.2995,0.8625474572680908,0.06421700076175398
2 mcg,381.5328,0.8653472120412453,0.06280960118540613
2 mcg,381.76610000000005,0.8513840719332048,0.0698744790546114
2 mcg,381.99940000000004,0.8574994724967945,0.06676613844764298
2 mcg,382.2327,0.8224377716928883,0.08489695226283436
2 mcg,382.466,0.8367924085122376,0.07738226843401866
2 mcg,382.69930000000005,0.9079853182456317,0.0419211737877881
2 mcg,382.93260000000004,0.9670468948035489,0.014552465254539801
2 mcg,383.1659,0.9580245615879188,0.018623356448219323
2 mcg,383.3992,0.9445484154474488,0.024775776204011727
2 mcg,383.63250000000005,0.9267487210656941,0.033038004634244465
2 mcg,383.86580000000004,0.8777740336013093,0.05661727064354521
2 mcg,384.0991,0.8054544645637762,0.09395900688681551
2 mcg,384.3324,0.8109039039039038,0.09103060876912956
2 mcg,384.56570000000005,0.8977411842980705,0.04684885089640364
2 mcg,384.79900000000004,0.8971588916169764,0.04713063427868423
2 mcg,385.0323,0.8530148112756809,0.06904342791869848
2 mcg,385.2656,0.8566954730523505,0.06717352799068889
2 mcg,385.49890000000005,0.8920865010981586,0.04959303225144219
2 mcg,385.73220000000003,0.9019510599094211,0.044817026746203116
2 mcg,385.9655,0.8706982061498628,0.060132350291860974
2 mcg,386.1988,0.837234476125267,0.07715289633588635
2 mcg,386.43210000000005,0.8275420131045642,0.08220994849325988
2 mcg,386.66540000000003,0.8685465587714507,0.06120689607058516
2 mcg,386.8987,0.8622412423608747,0.06437120799410226
2 mcg,387.132,0.8864958277786005,0.05232330403034488
2 mcg,387.36530000000005,0.9173675893357801,0.037456607588897406
2 mcg,387.59860000000003,0.9084220716360116,0.04171232241214774
2 mcg,387.8319,0.8685083055928189,0.061226024014944966
2 mcg,388.0652,0.8838731897160372,0.053610039237015024
2 mcg,388.29850000000005,0.9625073360973857,0.0165959516745562
2 mcg,388.53180000000003,0.9920269250855914,0.003476540287951037
2 mcg,388.7651,0.9800184006459001,0.00876576999734616
2 mcg,388.9984,0.9302769015071856,0.03138776230917124
2 mcg,389.23170000000005,0.8965516086352142,0.047424705878279586
2 mcg,389.46500000000003,0.9054221233419291,0.04314889803610866
2 mcg,389.6983,0.9036276938111846,0.044010467564560424
2 mcg,389.9316,0.897394092827004,0.047016793573926775
2 mcg,390.16490000000005,0.8971315025220359,0.04714389292715803
2 mcg,390.39820000000003,0.9126423748904811,0.03969937037174981
2 mcg,390.6315,0.9002454540900667,0.04563906297926401
2 mcg,390.86480000000006,0.9178554542384331,0.03722570700068905
2 mcg,391.09810000000004,0.900497512437811,0.045517482551304354
2 mcg,391.33140000000003,0.8473698123182659,0.07192701186810069
2 mcg,391.5647,0.8362312856509304,0.07767358836250893
2 mcg,391.79800000000006,0.893811394891945,0.048754112970413974
2 mcg,392.03130000000004,0.9560238847910081,0.01953125740657986
2 mcg,392.26460000000003,0.9193674953492303,0.03651085499076869
2 mcg,392.4979,0.9252344110262847,0.03374822345770581
2 mcg,392.73120000000006,0.9336967242900898,0.029794164835893394
2 mcg,392.96450000000004,0.932133891213389,0.030521701338335233
2 mcg,393.19780000000003,0.9402052419425816,0.026777331811463967
2 mcg,393.4311,0.9308260577568839,0.03113146747638818
2 mcg,393.66440000000006,0.9187303508683444,0.03681193618062572
2 mcg,393.89770000000004,0.9222003400158225,0.03517472199194385
2 mcg,394.13100000000003,0.9291868139325766,0.03189696189047743
2 mcg,394.3643,0.8766475529642299,0.05717497512647132
2 mcg,394.59760000000006,0.8638399237732253,0.06356672819575028
2 mcg,394.83090000000004,0.8761812329143819,0.057406053290932464
2 mcg,395.0642,0.8682509201472235,0.06135474776422
2 mcg,395.2975,0.8560112097150863,0.0675205480733964
2 mcg,395.53080000000006,0.8740667514004613,0.05845539956480157
2 mcg,395.76410000000004,0.9104985202988831,0.0407207556642859
2 mcg,395.9974,0.8939395406639875,0.0486918526178495
2 mcg,396.2307,0.8632321431364268,0.063872396723107
2 mcg,396.46400000000006,0.9037447805779737,0.043954197883006564
2 mcg,396.69730000000004,0.9623142306808743,0.01668309182151358
2 mcg,396.9306,0.955866875762328,0.0196025880038346
2 mcg,397.1639,0.9416061360288513,0.02613072005121039
2 mcg,397.39720000000005,0.9520198164265962,0.02135401162061823
2 mcg,397.63050000000004,0.9298667855197343,0.03157926484138798
2 mcg,397.8638,0.8472281305154545,0.07199963278157538
2 mcg,398.0971,0.8834409623298513,0.053822467765664926
2 mcg,398.33040000000005,0.9206215110404345,0.035918881693818586
2 mcg,398.56370000000004,0.9076895442446805,0.04206266720193779
2 mcg,398.797,0.872623384711194,0.059173152895208136
2 mcg,399.0303,0.8796624864530113,0.05568392829048498
2 mcg,399.26360000000005,0.9010062893081761,0.04527217749784849
2 mcg,399.49690000000004,0.9086030691346306,0.0416258005326374
2 mcg,399.7302,0.8895237209013788,0.05084246610820263
2 mcg,399.9635,0.896484448633365,0.047457239767492956
2 mcg,400.19680000000005,0.8957635933806147,0.047806592611589364
2 mcg,400.43010000000004,0.9000983190612116,0.04571004934555878
2 mcg,400.6634,0.8961967833491014,0.047596619200304856
2 mcg,400.8967,0.8604408212560387,0.06527899388464879
2 mcg,401.13000000000005,0.8592974988301711,0.06585645231299936
2 mcg,401.36330000000004,0.9152081426897204,0.038480124576529745
2 mcg,401.5966,0.938071215163834,0.02776419021511065
2 mcg,401.8299,0.9879054988981703,0.005284597183587775
2 mcg,402.06320000000005,0.9835419847328246,0.007207096498472603
2 mcg,402.29650000000004,0.9429514058183,0.0255106876749182
2 mcg,402.5298,0.9009336502462288,0.045307191699042335
2 mcg,402.7631,0.8832711127498426,0.05390597286716855
2 mcg,402.99640000000005,0.8988424508002327,0.04631642477879585
2 mcg,403.22970000000004,0.9447673558000691,0.024675121153245088
2 mcg,403.463,0.9320990638243019,0.030537928219059037
2 mcg,403.6963,0.9498557950823681,0.022342323294019674
2 mcg,403.92960000000005,0.9617432940831584,0.016940833201894274
2 mcg,404.16290000000004,0.9665481005051243,0.01477652832539095
2 mcg,404.3962,0.9534356620284036,0.02070860788150193
2 mcg,404.6295,0.9524976167778837,0.021136102289098062
2 mcg,404.86280000000005,0.9513635856484802,0.021653475634828265
2 mcg,405.09610000000004,0.9365813013881684,0.02845451704828125
2 mcg,405.3294,0.9370448606612528,0.02823961693371063
2 mcg,405.5627,0.9350575785869903,0.029161645498943803
2 mcg,405.79600000000005,0.9685365028748129,0.013884006645064806
2 mcg,406.02930000000003,0.9824365200045782,0.007695501921886987
2 mcg,406.2626,0.939541641280405,0.027083966838036284
2 mcg,406.4959,0.8993858028862759,0.04605397220149156
2 mcg,406.72920000000005,0.9123239921111772,0.039850903997889646
2 mcg,406.96250000000003,0.9297895178979791,0.0316153542001751
2 mcg,407.1958,0.9040997896002405,0.043783631824484234
2 mcg,407.4291,0.9095067819369634,0.04119405817628822
2 mcg,407.66240000000005,0.8959070042943875,0.04773706803635767
2 mcg,407.89570000000003,0.8935888942866816,0.04886223736333277
2 mcg,408.129,0.9108400118729593,0.04055789971482244
2 mcg,408.3623,0.9219802867383513,0.03527836468637151
2 mcg,408.59560000000005,0.9008278867102396,0.04535817793576381
2 mcg,408.82890000000003,0.8867996201329533,0.0521745015906996
2 mcg,409.0622,0.872964358157056,0.059003487533496275
2 mcg,409.2955,0.9002739570469417,0.04562531286158887
2 mcg,409.52880000000005,0.9394790286975716,0.027112909892965657
2 mcg,409.76210000000003,0.9310163839350444,0.031042676279696316
2 mcg,409.9954,0.9135087793646086,0.0392872744622017
2 mcg,410.2287,0.9290442810246706,0.03196358574117348
2 mcg,410.46200000000005,0.9365502371711946,0.02846892182204103
2 mcg,410.69530000000003,0.9251027411769689,0.033810032181612486
2 mcg,410.9286,0.9076387449745098,0.042086973376040435
2 mcg,411.16190000000006,0.9223266068444482,0.03511526285842611
2 mcg,411.39520000000005,0.9086900773462382,0.04158421430172745
2 mcg,411.62850000000003,0.8802995052814547,0.05536954221232868
2 mcg,411.8618,0.85865625,0.06618066458191929
2 mcg,412.09510000000006,0.8687528665592116,0.061103749390268566
2 mcg,412.32840000000004,0.903379986670475,0.04412953495555608
2 mcg,412.56170000000003,0.9431871457187914,0.0254021266803958
2 mcg,412.795,0.9271526126201305,0.03284877355385524
2 mcg,413.02830000000006,0.927567373238755,0.032654535876625895
2 mcg,413.26160000000004,0.9114485729671513,0.04026783069158154
2 mcg,413.49490000000003,0.8997771359997889,0.04586504677312528
2 mcg,413.7282,0.9048473167341908,0.04342469714177257
2 mcg,413.96150000000006,0.9023270956231848,0.0446360011794413
2 mcg,414.19480000000004,0.9098076192721225,0.04105043044958629
2 mcg,414.42810000000003,0.9432644275677211,0.025366543386304903
2 mcg,414.6614,0.9545396358486198,0.02020603345894627
2 mcg,414.89470000000006,1.0010608053634318,-0.0004604577308533795
2 mcg,415.12800000000004,1.0106132208157526,-0.0045849753684405236
2 mcg,415.3613,0.9362298510176779,0.028617515819580254
2 mcg,415.5946,0.8986017039005102,0.04643276224656818
2 mcg,415.82790000000006,0.9471772560394046,0.02356873893109443
2 mcg,416.06120000000004,1.0039619016021786,-0.0017172324923849772
2 mcg,416.2945,0.9928959728327104,0.0030962507909674405
2 mcg,416.5278,0.9874145932269892,0.005500458531192189
2 mcg,416.76110000000006,1.0314346080118653,-0.013441699318539628
2 mcg,416.99440000000004,1.0199257818427623,-0.008568570086556142
2 mcg,417.2277,0.9545643770443056,0.02019477690645873
2 mcg,417.461,0.9263173619150763,0.033240195914885876
2 mcg,417.69430000000006,0.9234304946506001,0.03459578774480114
2 mcg,417.92760000000004,0.936298206828789,0.02858580836242322
2 mcg,418.1609,0.954892988929889,0.020045295349500444
2 mcg,418.3942,0.9500582309788806,0.022249775113500663
2 mcg,418.62750000000005,1.0119369796207154,-0.00515346679706593
2 mcg,418.86080000000004,1.0150889141127508,-0.0065040848278471244
2 mcg,419.0941,0.9488586756116999,0.02279846720654861
2 mcg,419.3274,0.9177770877180875,0.03726278865684277
2 mcg,419.56070000000005,0.9428604943050523,0.025552560746747846
2 mcg,419.79400000000004,0.9752343909436862,0.010890992035165484
2 mcg,420.0273,0.9819010230787533,0.007932287464719825
2 mcg,420.2606,0.9787977762334955,0.009307026008661809
2 mcg,420.49390000000005,0.9869141680755384,0.005720616278771623
2 mcg,420.72720000000004,0.9855691609977325,0.00631289428075612
2 mcg,420.9605,0.995144459110344,0.0021138707712299713
2 mcg,421.1938,0.9940471049397069,0.002593035189538422
2 mcg,421.42710000000005,0.9785147356101713,0.009432629846553983
2 mcg,421.66040000000004,0.9910309462888671,0.003912783867247238
2 mcg,421.8937,1.0085808372523646,-0.003710712430475226
2 mcg,422.127,1.0127185578826718,-0.005488768419407661
2 mcg,422.36030000000005,1.0066156202143952,-0.002863665302412036
2 mcg,422.59360000000004,1.0200697705347372,-0.0086298775677535
2 mcg,422.8269,1.01926399026764,-0.008286681227297372
2 mcg,423.0602,1.0237346452177585,-0.010187400925048497
2 mcg,423.29350000000005,1.0341919812876719,-0.014601166102830179
2 mcg,423.52680000000004,1.0421152873255364,-0.017915766832708867
2 mcg,423.7601,1.03104337496016,-0.013276936000885321
2 mcg,423.9934,0.9900464293207089,0.0043444382055121975
2 mcg,424.22670000000005,1.0472538013695376,-0.020051945458005305
2 mcg,424.46000000000004,1.0729071887897113,-0.030562155200041668
2 mcg,424.6933,1.053724823169655,-0.022727211083222957
2 mcg,424.9266,1.0433352415742079,-0.01842387714409347
2 mcg,425.15990000000005,1.0489092378130893,-0.020737910288608583
2 mcg,425.39320000000004,1.0604724886241195,-0.025499406286136023
2 mcg,425.6265,1.0655432489451477,-0.027571081827824705
2 mcg,425.8598,1.0730596234309622,-0.030623853753141857
2 mcg,426.09310000000005,1.0508205257411607,-0.021528547297380157
2 mcg,426.32640000000004,1.0359931338891613,-0.015356877104261714
2 mcg,426.5597,1.0604454379864217,-0.0254883281180114
2 mcg,426.793,1.076461185512792,-0.031998374873377075
2 mcg,427.02630000000005,1.0395202228885794,-0.016832942540492446
2 mcg,427.25960000000003,1.0107489372626304,-0.004643293373292413
2 mcg,427.4929,1.0304282705715087,-0.013017765373636959
2 mcg,427.7262,1.0201321749461645,-0.008656445419624983
2 mcg,427.95950000000005,1.0059498223447598,-0.0025763182723185494
2 mcg,428.19280000000003,0.993801936364472,0.002700161392472453
2 mcg,428.4261,1.0040795598815064,-0.0017681262039949382
2 mcg,428.6594,1.0062731191767487,-0.002715871428641799
2 mcg,428.89270000000005,0.9908812461713484,0.003978391148285832
2 mcg,429.12600000000003,0.9836456670673471,0.007161316762355955
2 mcg,429.3593,0.9879356828364722,0.005271328184066129
2 mcg,429.5926,0.9758805805598884,0.010603324113039707
2 mcg,429.82590000000005,0.9859505006565477,0.0061448881331728
2 mcg,430.05920000000003,0.9896917095103837,0.004500067735370644
2 mcg,430.2925,0.9850998796630565,0.006519733982154282
2 mcg,430.5258,1.0077505880361104,-0.003353060241872102
2 mcg,430.75910000000005,1.0137589901131214,-0.005934718601908538
2 mcg,430.99240000000003,1.0051221669624917,-0.0022188510233675284
2 mcg,431.2257,1.007880694557906,-0.003409126591945017
2 mcg,431.45900000000006,1.0040912711960852,-0.0017731916687639137
2 mcg,431.69230000000005,1.0089360715880635,-0.003863649253651201
2 mcg,431.92560000000003,1.0033529486944395,-0.0014537313324707916
2 mcg,432.1589,0.9892332032030412,0.004701315151561722
2 mcg,432.39220000000006,0.9944397154007999,0.0024215393996124663
2 mcg,432.62550000000005,0.9863262607095623,0.005979403731880752
2 mcg,432.85880000000003,0.9887896656503593,0.004896081266664032
2 mcg,433.0921,1.006667389586851,-0.0028860001184161798
2 mcg,433.32540000000006,1.005093445844059,-0.0022064409881745084
2 mcg,433.55870000000004,1.0024786963671701,-0.0010751522164201407
2 mcg,433.79200000000003,1.001187846659795,-0.0005155691017639444
2 mcg,434.0253,0.9904975360257462,0.0041466004805607954
2 mcg,434.25860000000006,0.9814062200531971,0.008151193831952473
2 mcg,434.49190000000004,0.9770481593926156,0.010084029072434804
2 mcg,434.72520000000003,0.9839434023094981,0.007029882027599924
2 mcg,434.9585,0.9885383268220396,0.005006487903530261
2 mcg,435.19180000000006,0.9833795257577758,0.007278838086719527
2 mcg,435.42510000000004,0.9886611771881668,0.004952519413178828
2 mcg,435.65840000000003,0.9904076862481759,0.004185997885532034
2 mcg,435.8917,0.9848171607127777,0.006644392308735515
2 mcg,436.12500000000006,0.9887835068791035,0.004898786319917023
2 mcg,436.35830000000004,0.9854521393550083,0.006364463336604471
2 mcg,436.5916,0.9938008840691716,0.0027006212489766005
2 mcg,436.8249,1.0062987886944819,-0.0027269499196628136
2 mcg,437.05820000000006,0.9918327388030121,0.003561560446170816
2 mcg,437.29150000000004,0.9856482830708492,0.006278030263218974
2 mcg,437.5248,0.9895648221968025,0.004555751735200391
2 mcg,437.7581,0.9949909856114283,0.002180853844172447
2 mcg,437.99140000000006,0.9966838662156055,0.0014425718085333552
2 mcg,438.22470000000004,0.9901500976624502,0.004298965356535882
2 mcg,438.458,0.9870762305364917,0.005649306071059066
2 mcg,438.6913,0.9815055454244336,0.008107242329458616
2 mcg,438.92460000000005,0.9789753019650262,0.0092282646377251
2 mcg,439.15790000000004,0.9719903257931428,0.01233805757944899
2 mcg,439.3912,0.96977224357549,0.013330250241642467
2 mcg,439.6245,0.9740189807619793,0.011432579918231302
2 mcg,439.85780000000005,0.9699062099682015,0.013270260025118346
2 mcg,440.09110000000004,0.9655317238282735,0.015233452327649395
2 mcg,440.3244,0.9618668036295155,0.01688506356897048
2 mcg,440.5577,0.961450103773264,0.017073249353970282
2 mcg,440.79100000000005,0.9554943298986411,0.01977188579477518
2 mcg,441.02430000000004,0.9555682654358151,0.01973828166699244
2 mcg,441.2576,0.957403368350842,0.01890504891004424
2 mcg,441.4909,0.9552643682724985,0.01987642130295947
2 mcg,441.72420000000005,0.9543725410927161,0.020282064542519296
2 mcg,441.95750000000004,0.9550174819462143,0.019988678423286825
2 mcg,442.1908,0.9569388883468305,0.019115796080200788
2 mcg,442.4241,0.9578842179814306,0.01868698208074128
2 mcg,442.65740000000005,0.9523008598092646,0.021225823555784815
2 mcg,442.89070000000004,0.9607212466275574,0.017402604644361885
2 mcg,443.124,0.9650218593390708,0.0154628490574352
2 mcg,443.3573,0.9653500222944137,0.015315189051195562
2 mcg,443.59060000000005,0.965857260569183,0.015087051149311203
2 mcg,443.82390000000004,0.9697509505703421,0.013339786023083118
2 mcg,444.0572,0.9737842183887268,0.011537268116505402
2 mcg,444.2905,0.9754251547097349,0.010806048815431697
2 mcg,444.52380000000005,0.9750454561265373,0.010975137240180196
2 mcg,444.75710000000004,0.9709663204280767,0.01279583405277215
2 mcg,444.9904,0.9705512637910273,0.012981520560439198
2 mcg,445.2237,0.9705015694665698,0.013003757946798512
2 mcg,445.45700000000005,0.9701699722936061,0.01315217133951899
2 mcg,445.69030000000004,0.9709359590468937,0.012809414324499733
2 mcg,445.9236,0.9699796843256758,0.013237361690096074
2 mcg,446.1569,0.9747835874476016,0.011091791695916843
2 mcg,446.39020000000005,0.9743100206188146,0.011302830779674096
2 mcg,446.62350000000004,0.971485290451259,0.012563770796790198
2 mcg,446.8568,0.9736223555434921,0.011609462738433288
2 mcg,447.0901,0.9732322713097873,0.01178349877595333
2 mcg,447.32340000000005,0.9661402029895725,0.014959845668902681
2 mcg,447.55670000000003,0.9657085643869376,0.015153917036792168
2 mcg,447.79,0.9703814935315728,0.013057494637111613
2 mcg,448.0233,0.9727011467584815,0.012020572116101143
2 mcg,448.25660000000005,0.9665742386975333,0.014764783933946436
2 mcg,448.48990000000003,0.9667424472527235,0.014689212199586282
2 mcg,448.7232,0.9656054191881625,0.01520030554853747
2 mcg,448.9565,0.9687050282449472,0.013808445970446843
2 mcg,449.18980000000005,0.9714464143432423,0.01258115038779703
2 mcg,449.42310000000003,0.9696226762378062,0.013397236360760548
2 mcg,449.6564,0.9673484987464074,0.01441703799948959
2 mcg,449.8897,0.9687854300581574,0.013772401339948023
2 mcg,450.12300000000005,0.9691437842470996,0.013611785309755027
2 mcg,450.35630000000003,0.974181852818003,0.011359964781092588
2 mcg,450.5896,0.9737769716833767,0.01154050006029392
2 mcg,450.82290000000006,0.970014366498548,0.013221833522580299
2 mcg,451.05620000000005,0.9683757789836837,0.013956081668638577
2 mcg,451.28950000000003,0.970664759756869,0.012930737266728913
2 mcg,451.5228,0.9723531571218798,0.012175971356365703
2 mcg,451.75610000000006,0.9732401651562037,0.011779976245784975
2 mcg,451.98940000000005,0.9709854310057769,0.012787286344585966
2 mcg,452.22270000000003,0.9710936139398884,0.012738901855302113
2 mcg,452.456,0.972497332465047,0.012111581259117621
2 mcg,452.68930000000006,0.9720891840085111,0.012293889038763507
2 mcg,452.92260000000005,0.971104168766166,0.0127341815298536
2 mcg,453.15590000000003,0.9725782751215101,0.012075435672863094
2 mcg,453.3892,0.9760816634049082,0.010513845773408439
2 mcg,453.62250000000006,0.9778309248510606,0.009736231870924377
2 mcg,453.85580000000004,0.9760435394117287,0.01053080886557505
2 mcg,454.08910000000003,0.9754862957191309,0.010778827484600361
2 mcg,454.3224,0.9726013287011642,0.012065141464130175
2 mcg,454.55570000000006,0.973288300244997,0.011758497183110379
2 mcg,454.78900000000004,0.9779038685549629,0.009703835813733125
2 mcg,455.02230000000003,0.9782919055550953,0.009531539837663175
2 mcg,455.2556,0.975868208516887,0.01060883005728364
2 mcg,455.48890000000006,0.9765396630165737,0.010310112765869892
2 mcg,455.72220000000004,0.9759548109634766,0.010570290738582653
2 mcg,455.95550000000003,0.9765277688564253,0.010315402463537331
2 mcg,456.1888,0.9796841113984314,0.008913935319430634
2 mcg,456.42210000000006,0.9799526672989972,0.008794900661889671
2 mcg,456.65540000000004,0.9789815930973349,0.00922547376520541
2 mcg,456.88870000000003,0.9785714066729823,0.009407478240462137
2 mcg,457.122,0.9796936488933911,0.008909707363478344
2 mcg,457.35530000000006,0.9813232444403432,0.008187913972418434
2 mcg,457.58860000000004,0.979415583817584,0.009032990054231476
2 mcg,457.8219,0.9803613187920803,0.008613832636769648
2 mcg,458.0552,0.9801026208252681,0.008728449486228433
2 mcg,458.28850000000006,0.978128882059021,0.009603917114962317
2 mcg,458.52180000000004,0.9774690988927424,0.009896963233878831
2 mcg,458.7551,0.9822781612806842,0.007765511395275062
2 mcg,458.9884,0.986047619047619,0.006102111235014284
2 mcg,459.22170000000006,0.9842825860689787,0.006880198365844
2 mcg,459.45500000000004,0.9792701223636474,0.00909749566295783
2 mcg,459.6883,0.9811289726533629,0.008273899419213799
2 mcg,459.9216,0.9853365139181525,0.0064154231279228945
2 mcg,460.15490000000005,0.9886070995993663,0.004976275014472043
2 mcg,460.38820000000004,0.9904233115285436,0.004179146242913721
2 mcg,460.6215,0.9856279228220137,0.006287001450202608
2 mcg,460.8548,0.98232798342456,0.007743484097615662
2 mcg,461.08810000000005,0.9850218869330352,0.006554119483465741
2 mcg,461.32140000000004,0.983711927498365,0.007132062762320617
2 mcg,461.5547,0.9932183659866882,0.002955258335227017
2 mcg,461.788,0.9930710731386724,0.0030196683552113314
2 mcg,462.02130000000005,0.9836845843452153,0.007144134533781038
2 mcg,462.25460000000004,0.9846551729490918,0.006715833162065483
2 mcg,462.4879,0.9905263124978504,0.0041339833047971735
2 mcg,462.7212,0.9965619495101329,0.001495698976378743
2 mcg,462.95450000000005,0.9943343061602931,0.002467576456653935
2 mcg,463.18780000000004,0.9902599805563397,0.004250771767697302
2 mcg,463.4211,0.988080328222846,0.005207747025922134
2 mcg,463.6544,0.9889851531666981,0.00481022806528272
2 mcg,463.88770000000005,0.9923687844217769,0.003326905188409254
2 mcg,464.12100000000004,0.9947339349348686,0.002293066029754135
2 mcg,464.3543,0.9922997723558804,0.0033571082762884025
2 mcg,464.5876,0.9904201220835337,0.004180544797029226
2 mcg,464.82090000000005,0.9906815454536865,0.004065927026909393
2 mcg,465.05420000000004,0.9926664140457242,0.0031966718258979302
2 mcg,465.2875,0.9944984832237268,0.0023958749106547887
2 mcg,465.5208,0.9896734041446368,0.004508100532633231
2 mcg,465.75410000000005,0.9851600326982332,0.006493215520208029
2 mcg,465.98740000000004,0.9880036967993666,0.005241430415851653
2 mcg,466.2207,0.9889409014814112,0.004829660806656498
2 mcg,466.454,0.9881597978840992,0.005172818845966989
2 mcg,466.68730000000005,0.9903250002373651,0.004222257274284055
2 mcg,466.92060000000004,0.9897247555509159,0.004485566781875962
2 mcg,467.1539,0.9878068512198205,0.005327965989166093
2 mcg,467.3872,0.9893560883212812,0.004647369313426551
2 mcg,467.62050000000005,0.9889172995700377,0.004840025735615435
2 mcg,467.85380000000004,0.9881139946594698,0.005192949748667367
2 mcg,468.0871,0.9870470223403581,0.005662157303513388
2 mcg,468.3204,0.9882496490043766,0.005133331232894095
2 mcg,468.55370000000005,0.989139375476009,0.004742509479232141
2 mcg,468.78700000000003,0.9942792616055963,0.0024916188817456805
2 mcg,469.0203,0.9923267712900257,0.0033452919593548003
2 mcg,469.2536,0.9909959271986762,0.003928130377263011
2 mcg,469.48690000000005,0.9916831632669326,0.0036270601278243905
2 mcg,469.72020000000003,0.9898135064604416,0.004446624336522475
2 mcg,469.9535,0.988619933237959,0.004970637241640624
2 mcg,470.1868,0.9902682863887907,0.004247129126225001
2 mcg,470.42010000000005,0.9947405841660262,0.002290163027606669
2 mcg,470.65340000000003,0.9888105474347951,0.00488690970236797
2 mcg,470.8867,0.991257343550447,0.0038135822704324376
2 mcg,471.12000000000006,0.9935887096774194,0.0027933521037412246
2 mcg,471.35330000000005,0.9906468710089399,0.0040811278587280005
2 mcg,471.58660000000003,0.9886485642648011,0.004958059994812193
2 mcg,471.8199,0.9899693779904307,0.0043782389130180965
2 mcg,472.05320000000006,0.9899661835286002,0.00437964030927826
2 mcg,472.28650000000005,0.9904394525315139,0.00417206857085109
2 mcg,472.51980000000003,0.9830165829097808,0.0074391558143895725
2 mcg,472.7531,0.9741891717072277,0.011356702000889035
2 mcg,472.98640000000006,0.9641332670188839,0.015862931729210182
2 mcg,473.21970000000005,0.9583854473391477,0.018459789475098996
2 mcg,473.45300000000003,0.9542288093172782,0.0203474757055696
2 mcg,473.6863,0.9374871244700784,0.028034688197571843
2 mcg,473.91960000000006,0.9183753657433611,0.036979774189579415
2 mcg,474.15290000000005,0.9174757600461059,0.037405401100160066
2 mcg,474.38620000000003,0.917188524176877,0.03754138778186823
2 mcg,474.6195,0.9232367949614703,0.03468689533837492
2 mcg,474.85280000000006,0.9301889445469724,0.03142882645724471
2 mcg,475.08610000000004,0.9458815738192986,0.024163234693703285
2 mcg,475.31940000000003,0.9576902326856397,0.018774941850502283
2 mcg,475.5527,0.9639810234603257,0.01593151535814863
2 mcg,475.78600000000006,0.9726192431958818,0.012057142200381333
2 mcg,476.01930000000004,0.9832427277886772,0.007339257013744052
2 mcg,476.25260000000003,0.9793802663304166,0.009048650889730968
2 mcg,476.4859,0.9937001847679265,0.00274462942747306
2 mcg,476.71920000000006,1.000315596685665,-0.00013704027550013386
2 mcg,476.95250000000004,0.9939787919923331,0.002622881818945489
2 mcg,477.18580000000003,0.998988080213154,0.0004396936844645165
2 mcg,477.4191,1.0150066029279108,-0.0064688674766491434
2 mcg,477.65240000000006,1.0216542390901715,-0.009303941334717687
2 mcg,477.88570000000004,1.010389574279367,-0.004488856295986737
2 mcg,478.119,1.0046197817901998,-0.00200172552345313
2 mcg,478.3523,1.007443877270981,-0.0032208617903998517
2 mcg,478.58560000000006,1.016778617987858,-0.007226404788748787
2 mcg,478.81890000000004,1.016679317931793,-0.007183988896416626
2 mcg,479.0522,1.0196388936901049,-0.008446393090710977
2 mcg,479.2855,1.0188597783963758,-0.008114417903341851
2 mcg,479.51880000000006,1.021840744345304,-0.00938321552333223
2 mcg,479.75210000000004,1.0171975949609735,-0.007405324668817996
2 mcg,479.9854,1.017608643070225,-0.007580787004972063
2 mcg,480.2187,1.0239979947767168,-0.010299106192292875
2 mcg,480.45200000000006,1.0185379127473544,-0.007977199257169146
2 mcg,480.68530000000004,1.0131307828945624,-0.005665511128585389
2 mcg,480.9186,1.022891003732548,-0.00982935903040941
2 mcg,481.1519,1.0207972399150744,-0.008939487110557618
2 mcg,481.38520000000005,1.018325672319966,-0.007886692610125243
2 mcg,481.61850000000004,1.0228982678314964,-0.009832443178061501
2 mcg,481.8518,1.0223390546064024,-0.009594951693573743
2 mcg,482.0851,1.0169663185993563,-0.007306569551387932
2 mcg,482.31840000000005,1.0173931925803834,-0.007488827422850892
2 mcg,482.55170000000004,1.0144447918295034,-0.006228416814195911
2 mcg,482.785,1.0177152235799405,-0.007626270997027243
2 mcg,483.0183,1.0132076595722634,-0.005698464278196469
2 mcg,483.25160000000005,1.008611276132281,-0.0037238192015123417
2 mcg,483.48490000000004,1.0091792423775794,-0.00396830901399995
2 mcg,483.7182,1.0090465693240034,-0.003911210175193868
2 mcg,483.9515,1.013464282329314,-0.00580844739446634
2 mcg,484.18480000000005,1.0151331598301818,-0.006523014452520013
2 mcg,484.41810000000004,1.0078314704487408,-0.0033879154692833396
2 mcg,484.6514,1.010128539526348,-0.004376641559897781
2 mcg,484.8847,1.0054709689084431,-0.0023695356738031668
2 mcg,485.11800000000005,1.0112911069618835,-0.0048761881816381265
2 mcg,485.35130000000004,1.016332593193237,-0.007035853372635219
2 mcg,485.5846,1.0169599007166263,-0.007303828792132607
2 mcg,485.8179,1.013632770445768,-0.005880642713689484
2 mcg,486.05120000000005,1.0113975427270223,-0.004921894143874782
2 mcg,486.28450000000004,1.0061897339905888,-0.0026798819680806225
2 mcg,486.5178,1.006395549368609,-0.0027687075040871436
2 mcg,486.7511,1.0052515070659158,-0.0022747328666378316
2 mcg,486.98440000000005,1.0094537591631845,-0.004086429668742098
2 mcg,487.21770000000004,1.0134905957005378,-0.005819723177708721
2 mcg,487.451,1.0025153359239438,-0.0010910249393027936
2 mcg,487.6843,1.0073830586747263,-0.0031946429819381156
2 mcg,487.91760000000005,1.0086500976450032,-0.0037405349022893142
2 mcg,488.15090000000004,1.0073957363858212,-0.0032001084553541148
2 mcg,488.3842,1.0051903232087227,-0.0022482990637109398
2 mcg,488.6175,0.9972975251806188,0.0011752586712697032
2 mcg,488.85080000000005,1.0000964924977083,-4.190413761482304e-05
2 mcg,489.08410000000003,1.0080585227093453,-0.0034857457523204435
2 mcg,489.3174,1.002971341400127,-0.0012885237984836485
2 mcg,489.5507,1.0039735419080726,-0.0017222678341673589
2 mcg,489.78400000000005,1.0058240324684737,-0.0025220081428864263
2 mcg,490.01730000000003,1.0025636586597417,-0.0011119580771674416
2 mcg,490.2506,1.002899281664061,-0.0012573202448800764
2 mcg,490.48390000000006,1.0013818338355576,-0.0005997085562635853
2 mcg,490.71720000000005,1.0007548970486484,-0.00032772393927323735
2 mcg,490.95050000000003,1.0033856518311475,-0.001467886431506361
2 mcg,491.1838,1.002919352876779,-0.0012660117753891178
2 mcg,491.41710000000006,1.0001742801446476,-7.568231035529964e-05
2 mcg,491.65040000000005,0.9977870830376153,0.0009621225674097678
2 mcg,491.88370000000003,0.9983730150286884,0.0007071660255488509
2 mcg,492.117,1.0049233620874027,-0.002132942660337623
2 mcg,492.35030000000006,1.0023185321795056,-0.001005760237960928
2 mcg,492.58360000000005,0.9997927119402633,9.003339225408658e-05
2 mcg,492.81690000000003,1.0002569115560795,-0.00011156094110857335
2 mcg,493.0502,1.00628398448854,-0.002720560731565541
2 mcg,493.28350000000006,0.9998776715410573,5.312982440955859e-05
2 mcg,493.51680000000005,0.997445651793158,0.0011107585678883072
2 mcg,493.75010000000003,0.9977320929841877,0.0009860580695649664
2 mcg,493.9834,1.0052759517216598,-0.002285293457646701
2 mcg,494.21670000000006,1.0019785308356135,-0.0008584161025698509
2 mcg,494.45000000000005,0.9986840020504217,0.0005719070445393002
2 mcg,494.68330000000003,0.9995746772228705,0.00018475462809661375
2 mcg,494.9166,0.9943779954157115,0.002448494759884927
2 mcg,495.14990000000006,0.9960048097975299,0.001738564323808657
2 mcg,495.38320000000004,0.9954727967433392,0.001970603427309555
2 mcg,495.61650000000003,0.994480068583207,0.0024039166029665854
2 mcg,495.8498,1.0015198733903636,-0.0006595715208966414
2 mcg,496.08310000000006,0.9984253607103221,0.000684396134540926
2 mcg,496.31640000000004,0.9970527723959773,0.0012818545731661962
2 mcg,496.54970000000003,0.9995278643129111,0.00020509434360247233
2 mcg,496.783,0.9971384558789719,0.001244534316863728
2 mcg,497.01630000000006,0.9902934392911785,0.004236098147922407
2 mcg,497.24960000000004,0.9886086223012561,0.004975606092997265
2 mcg,497.48290000000003,0.9898036479389989,0.004450949921853792
2 mcg,497.7162,0.9943499179804662,0.0024607577498210334
2 mcg,497.94950000000006,0.9911726881852593,0.0038506734740545957
2 mcg,498.18280000000004,0.9902822334379987,0.004241012517282866
2 mcg,498.41610000000003,0.9898854136230723,0.004415075211919011
2 mcg,498.6494,0.9962028457033341,0.0016522220179197526
2 mcg,498.88270000000006,0.9912656624598545,0.003809937564731495
2 mcg,499.11600000000004,0.9864291967386143,0.005934081794710996
2 mcg,499.3493,0.9867363096002288,0.005798890477237347
2 mcg,499.5826,0.989291983219589,0.004675510236854967
2 mcg,499.81590000000006,0.9881658513040162,0.005170158386778309
2 mcg,500.04920000000004,0.990797937304926,0.004014906222273441
2 mcg,500.2825,0.9901476964769649,0.004300018553291839
2 mcg,500.5158,0.9876271529888551,0.0054069784493799514
2 mcg,500.74910000000006,0.98791573007162,0.005280099466782705
2 mcg,500.98240000000004,0.9931697899075123,0.00297649922219085
2 mcg,501.2157,0.9913263361146263,0.003783355964995927
2 mcg,501.449,0.9896391891891894,0.0045231152063142915
2 mcg,501.68230000000005,0.9899581345229338,0.004383171392475616
2 mcg,501.91560000000004,0.9936804568126932,0.002753251572539872
2 mcg,502.1489,0.99381265505044,0.0026954773192227207
2 mcg,502.3822,0.9957120010134117,0.0018662584211032334
2 mcg,502.61550000000005,0.9929791583554778,0.003059866818011754
2 mcg,502.84880000000004,0.989451536547371,0.0046054727314552395
2 mcg,503.0821,0.9876672507525721,0.005389346406795937
2 mcg,503.3154,0.9890031301968355,0.004802333857763333
2 mcg,503.54870000000005,0.987825586285848,0.005319729096878193
2 mcg,503.78200000000004,0.9895095377072936,0.004580015349768159
2 mcg,504.0153,0.991110357304387,0.003877985373518709
2 mcg,504.2486,0.9881831650013867,0.005162549160707925
2 mcg,504.48190000000005,0.9896066216097128,0.004537407438213657
2 mcg,504.71520000000004,0.9928944305675607,0.0030969253810379737
2 mcg,504.9485,0.9917808778218373,0.0035842694432927143
2 mcg,505.1818,0.9921905761016915,0.0034049022408430565
2 mcg,505.41510000000005,0.9901954250455068,0.004279084550769092
2 mcg,505.64840000000004,0.9912743982872101,0.003806110230605398
2 mcg,505.8817,0.9964822387994947,0.001530437716242371
2 mcg,506.115,0.9946135826039747,0.0023456142676003353
2 mcg,506.34830000000005,0.992675048972712,0.0031928940363213716
2 mcg,506.58160000000004,0.9931015592366109,0.003006336237051313
2 mcg,506.8149,0.9926713899348207,0.00319449486520856
2 mcg,507.0482,0.99129985434973,0.0037949576319379983
2 mcg,507.28150000000005,0.9890487243215362,0.004782312869210366
2 mcg,507.51480000000004,0.9908144544536291,0.004007666353802159
2 mcg,507.7481,0.9916838360103729,0.0036267655088618282
2 mcg,507.9814,0.9871103166964572,0.005634309077786575
2 mcg,508.21470000000005,0.9887397083850789,0.004918023964387524
2 mcg,508.44800000000004,0.9908130081300812,0.004008300307809934
2 mcg,508.6813,0.9861907820373812,0.006039061152892859
2 mcg,508.9146,0.9856387354565755,0.006282237135333932
2 mcg,509.14790000000005,0.9837776841251967,0.007103033139980037
2 mcg,509.38120000000004,0.9864866365845193,0.005908793530808783
2 mcg,509.6145,0.9872102006584215,0.005590365803969173
2 mcg,509.8478,0.9890351091760026,0.004788291364636638
2 mcg,510.08110000000005,0.9858135536836325,0.006205215143004534
2 mcg,510.31440000000003,0.9810313190853648,0.008317127697691658
2 mcg,510.5477,0.9806159584375531,0.008501043371123037
2 mcg,510.78100000000006,0.987568057438722,0.0054329656239133755
2 mcg,511.01430000000005,0.9870025767158584,0.005681713539058274
2 mcg,511.24760000000003,0.9876254227733934,0.005407739286790552
2 mcg,511.4809,0.98688701190871,0.0057325665942578935
2 mcg,511.71420000000006,0.9897595915183319,0.004470280913670425
2 mcg,511.94750000000005,0.986110422729343,0.006074450883412225
2 mcg,512.1808,0.9877763002258996,0.005341398102178252
2 mcg,512.4141,0.9885866362513069,0.0049852646435434205
2 mcg,512.6474000000001,0.989594218851633,0.004542850493091552
2 mcg,512.8807,0.9888510597715948,0.004869116684331456
2 mcg,513.114,0.9873230769230771,0.005540712005283918
2 mcg,513.3473,0.9888813916206063,0.004855795413657697
2 mcg,513.5806,0.9889279812740281,0.00483533476696855
2 mcg,513.8139,0.9896020628615235,0.004539408075335478
2 mcg,514.0472,0.9899308317065529,0.004395149299012423
2 mcg,514.2805,0.9840870574830348,0.006966479910052159
2 mcg,514.5138000000001,0.9819922984356197,0.007891918282325702
2 mcg,514.7471,0.9843661907077923,0.006843311102104096
2 mcg,514.9804,0.9880799998049498,0.005207891376639087
2 mcg,515.2137,0.9842013394389546,0.006916048252810812
2 mcg,515.447,0.981588669051617,0.00807046352143512
2 mcg,515.6803,0.986007202175351,0.006119912793485503
2 mcg,515.9136,0.9897715315102183,0.004465041821917856
2 mcg,516.1469,0.983843248138903,0.007074090482471471
2 mcg,516.3802000000001,0.9786861363909026,0.009356563649649315
2 mcg,516.6135,0.9766669360506832,0.010253514578547075
2 mcg,516.8468,0.9835906405875944,0.007185612467379721
2 mcg,517.0801,0.9869014933369048,0.005726193870596277
2 mcg,517.3134,0.982413306336975,0.007705763843800917
2 mcg,517.5467,0.984156378600823,0.006935888390329277
2 mcg,517.78,0.988270160194816,0.005124317514150748
2 mcg,518.0133,0.9862460067483148,0.006014742211605846
2 mcg,518.2466000000001,0.986035228298683,0.0061075686466000745
2 mcg,518.4799,0.9844771192798197,0.006794373061658204
2 mcg,518.7132,0.9861069698566874,0.006075971571290416
2 mcg,518.9465,0.986653282715835,0.005835434824996714
2 mcg,519.1798,0.9815167622756699,0.008102279149389604
2 mcg,519.4131,0.9858732594143419,0.006178912923787218
2 mcg,519.6464,0.9929989144224195,0.0030512262887181165
2 mcg,519.8797,0.9891628591735201,0.00473219877941532
2 mcg,520.113,0.9853104509313401,0.006426910737380196
2 mcg,520.3463,0.9840756515566373,0.006971513569995743
2 mcg,520.5796,0.9872034459907224,0.005593337334189077
2 mcg,520.8129,0.982000711273688,0.007888197648767267
2 mcg,521.0462,0.9843929206157359,0.006831518240848864
2 mcg,521.2795,0.9863409299390073,0.0059729446946624395
2 mcg,521.5128,0.9865419613444216,0.005884437839289944
2 mcg,521.7461,0.9816469675034023,0.008044670697130317
2 mcg,521.9794,0.981810640798175,0.00797226535604342
2 mcg,522.2127,0.9818624698404398,0.007949339883426627
2 mcg,522.446,0.9877274372898888,0.005362882145038225
2 mcg,522.6793,0.9883970432179003,0.005068562456593968
2 mcg,522.9126,0.9808377268703823,0.008402837833291722
2 mcg,523.1459,0.9868363127954449,0.005754878075160662
2 mcg,523.3792,0.9869163549467799,0.005719653940717056
2 mcg,523.6125,0.9815331833316464,0.008095013339353785
2 mcg,523.8458,0.9836790001850159,0.00714659993466552
2 mcg,524.0791,0.9839988935599449,0.0070053899030900505
2 mcg,524.3124,0.9864964565783367,0.0059044703623619245
2 mcg,524.5457,0.990547645617173,0.004124629937684346
2 mcg,524.779,0.9915559679495821,0.0036827672018282325
2 mcg,525.0123,0.9824788172795439,0.007676804451546719
2 mcg,525.2456,0.9795888687482182,0.008956158488821685
2 mcg,525.4789,0.9842218134836369,0.006907013849191972
2 mcg,525.7122,0.9917900600306393,0.003580248631595679
2 mcg,525.9455,0.9901581311913044,0.004295441746220326
2 mcg,526.1788,0.989206374501992,0.0047130936834454485
2 mcg,526.4121,0.9888982870518142,0.00484837538338612
2 mcg,526.6454,0.9872437345509019,0.005575613791574587
2 mcg,526.8787,0.9872495475396551,0.005573056630239268
2 mcg,527.112,0.9905535059305164,0.004122060556766799
2 mcg,527.3453,0.9889095200966721,0.004843442194853645
2 mcg,527.5786,0.9900855059257406,0.004327297171991214
2 mcg,527.8119,0.9894902581410935,0.004588477209372196
2 mcg,528.0452,0.9914433649615518,0.0037320893126210194
2 mcg,528.2785,0.9939605355884426,0.002630858576947379
2 mcg,528.5118,0.9909079841242787,0.003966672298230334
2 mcg,528.7451,0.9965814760024956,0.0014871895557562547
2 mcg,528.9784,0.9980150211661889,0.0008629220788675858
2 mcg,529.2117,0.989780558651945,0.004461080887665339
2 mcg,529.445,0.9866785840036836,0.0058242981177011825
2 mcg,529.6783,0.9928955437420991,0.003096438476012072
2 mcg,529.9116,0.9995559485539405,0.00019289192284371333
2 mcg,530.1449,0.9961373614742358,0.001680770796142309
2 mcg,530.3782,0.9939357969330025,0.0026416678544455177
2 mcg,530.6115,0.9959040752299196,0.001782490496552998
2 mcg,530.8448,0.9920032842079741,0.0034868900322734147
2 mcg,531.0781000000001,0.9951795221049309,0.0020985690764170834
2 mcg,531.3114,1.0000496264079402,-2.1551940356818283e-05
2 mcg,531.5447,0.9923063692853972,0.003354221043374493
2 mcg,531.778,0.9850996185409535,0.006519849101347555
2 mcg,532.0113,0.9918910709259585,0.0035360192705329906
2 mcg,532.2446,0.9972160703308549,0.001210731371857933
2 mcg,532.4779,0.9900435038606538,0.0043457214918293146
2 mcg,532.7112,0.9834668088924446,0.007240292539864146
2 mcg,532.9445000000001,0.9882374671513848,0.005138684681940652
2 mcg,533.1778,0.9936673525435304,0.0027589789160477
2 mcg,533.4111,0.9857923865711475,0.006214540292582071
2 mcg,533.6444,0.9746897404340703,0.011133605286868124
2 mcg,533.8777,0.9781226118228816,0.009606701142439463
2 mcg,534.111,0.9842648379320795,0.0068880294374510055
2 mcg,534.3443,0.9801407132903108,0.008711570615034935
2 mcg,534.5776,0.9810773378742726,0.008296756036805977
2 mcg,534.8109000000001,0.9760542484215295,0.010526043874915075
2 mcg,535.0442,0.9745973759702765,0.011174762258195787
2 mcg,535.2775,0.9795220616545599,0.008985777998047794
2 mcg,535.5108,0.9859650334159021,0.006138486746211202
2 mcg,535.7441,0.9849843106773757,0.0065706871069638505
2 mcg,535.9774,0.9768955957586671,0.010151848367972748
2 mcg,536.2107,0.9768252332703646,0.01018313025836561
2 mcg,536.444,0.9828153174596304,0.00752808353469677
2 mcg,536.6773000000001,0.9871533194472284,0.005615389763235436
2 mcg,536.9106,0.9853936208234176,0.006390253559137233
2 mcg,537.1439,0.9755377297808699,0.010755929223063497
2 mcg,537.3772,0.9775387854899196,0.00986600222868672
2 mcg,537.6105,0.9856895353848049,0.006259854127042228
2 mcg,537.8438,0.9909459846345011,0.003950017779621724
2 mcg,538.0771,0.9949939265423464,0.0021795701861290102
2 mcg,538.3104,0.9920437590287108,0.0034691707031231176
2 mcg,538.5437000000001,0.984253240531928,0.006893146674570039
2 mcg,538.777,0.9846632951823262,0.006712250764264875
2 mcg,539.0103,0.9818503063127053,0.00795472005209465
2 mcg,539.2436,0.9851777085026752,0.0064854234506840575
2 mcg,539.4769,0.9952459702805364,0.0020695721849291696
2 mcg,539.7102,0.9914593915117177,0.003725069056808264
2 mcg,539.9435,0.9839599582349791,0.007022574608726084
2 mcg,540.1768,0.9829988115871748,0.007447007215111761
2 mcg,540.4101,0.9850414213985016,0.006545506856121837
2 mcg,540.6434,0.9884458216677087,0.005047130088884684
2 mcg,540.8767,0.9876063367464061,0.005416132181611477
2 mcg,541.11,0.9866488181423572,0.005837399997612322
2 mcg,541.3433,0.9883188826863278,0.005102906984441818
2 mcg,541.5766,0.9858836131474601,0.0061743519464953975
2 mcg,541.8099,0.9808574119648772,0.008394121771610247
2 mcg,542.0432,0.9854012858020671,0.0063868753710566864
2 mcg,542.2765,0.9883669439659011,0.005081788050684568
2 mcg,542.5098,0.9871011591180985,0.005638338114997171
2 mcg,542.7431,0.9867822418753527,0.005778674671699333
2 mcg,542.9764,0.9893418890852164,0.004653602351455311
2 mcg,543.2097,0.9871433488692286,0.005619776304606062
2 mcg,543.443,0.984118868333798,0.006952441463392594
2 mcg,543.6763,0.9895807560137457,0.0045487588501388525
2 mcg,543.9096,0.9936210166740583,0.002779231047284696
2 mcg,544.1429,0.990219724613494,0.004268427019400701
2 mcg,544.3762,0.9887164684093187,0.0049282320219425834
2 mcg,544.6095,0.9927711377135605,0.0031508573291711426
2 mcg,544.8428,0.9960944587148954,0.0016994758800125802
2 mcg,545.0761,0.9930751633051107,0.003017879628196536
2 mcg,545.3094,0.9872648978672226,0.005566304020681395
2 mcg,545.5427,0.9829020681091799,0.007489751138898736
2 mcg,545.776,0.9835970017048757,0.007182803789575274
2 mcg,546.0093,0.9936948840857871,0.0027469460851316865
2 mcg,546.2426,0.9966180339167323,0.001471258485789927
2 mcg,546.4759,0.9913547306006704,0.0037709166788058427
2 mcg,546.7092,0.985982280431433,0.006130889906658804
2 mcg,546.9425,0.9835563697133307,0.007200744688313161
2 mcg,547.1758,0.9942190877700938,0.0025179032030073706
2 mcg,547.4091,0.9901927697524784,0.004280249149824088
2 mcg,547.6424,0.9910379774921609,0.003909702629501144
2 mcg,547.8757,0.9910842765316527,0.0038894138533355866
2 mcg,548.109,0.9904827581677454,0.004153080042425197
2 mcg,548.3423,0.9870507652475994,0.005660510450990301
2 mcg,548.5756,0.9927245937275968,0.003171218789489017
2 mcg,548.8089,0.9977701675036857,0.0009694852457215468
2 mcg,549.0422,1.0056129032258063,-0.002430837235393904
2 mcg,549.2755,1.0085813733441469,-0.003710943271308574
2 mcg,549.5088,1.000484246844829,-0.00021025482907712593
2 mcg,549.7421,0.9917883266608469,0.00358100765674031
2 mcg,549.9754,0.9993748310354148,0.00027159233597469985
2 mcg,550.2087,1.0002685109845402,-0.00011659718580407102
2 mcg,550.442,0.9953888832504482,0.0020072138732361716
2 mcg,550.6753,1.0010402925908126,-0.00045155849597812436
2 mcg,550.9086,0.997079339180094,0.0012702828145274743
2 mcg,551.1419,0.9996761863772838,0.00014065324345810477
2 mcg,551.3752000000001,1.0033511137707254,-0.0014529370975273877
2 mcg,551.6085,0.9994828474296901,0.00022465460294858426
2 mcg,551.8418,0.9938960918973854,0.0026590170860092866
2 mcg,552.0751,0.9945748951765798,0.002362507323664579
2 mcg,552.3084,0.9994110742888705,0.00025584253011320257
2 mcg,552.5417,1.0017598785142963,-0.0007636337731627543
2 mcg,552.775,0.9961853237569137,0.0016598607750248208
2 mcg,553.0083,0.9991287125965544,0.00037856025281692447
2 mcg,553.2416000000001,1.0032001005267182,-0.0013875670055774148
2 mcg,553.4749,0.9970290588656849,0.0012921837935537118
2 mcg,553.7082,0.9934296357242295,0.002862888392011926
2 mcg,553.9415,1.0003210340233117,-0.00013940092980387666
2 mcg,554.1748,1.0092563757630968,-0.00400150165429619
2 mcg,554.4081,1.0064448837348612,-0.002789996467368533
2 mcg,554.6414,1.0042074780084418,-0.0018234511009747275
2 mcg,554.8747,1.011033531409168,-0.0047655594134375
2 mcg,555.1080000000001,1.0086477437674157,-0.0037395213920120044
2 mcg,555.3413,1.0049689747741455,-0.002152654500417067
2 mcg,555.5746,1.0049691021061447,-0.002152709526574583
2 mcg,555.8079,0.9929821985942027,0.003058537125571097
2 mcg,556.0412,0.9920136010158782,0.003482373404640847
2 mcg,556.2745,1.0088433119112035,-0.003823719203655377
2 mcg,556.5078,1.002898303942332,-0.0012568968530535527
2 mcg,556.7411,1.0027336194015282,-0.00118557610206811
2 mcg,556.9744000000001,1.0092598350900144,-0.004002990239409682
2 mcg,557.2077,1.0076159862852245,-0.00329504915992206
2 mcg,557.441,1.0035813643666,-0.0015525882465036067
2 mcg,557.6743,1.0046647459309321,-0.0020211629679139846
2 mcg,557.9076,1.0084809840267979,-0.003667713545223619
2 mcg,558.1409,1.0055526277107958,-0.0024048052423350356
2 mcg,558.3742,0.9900666857298186,0.004335552605358372
2 mcg,558.6075,1.0066709695926566,-0.0028875445947924017
2 mcg,558.8408000000001,1.0190253300967702,-0.008184979477014017
2 mcg,559.0741,1.0067701887861797,-0.002930347284209542
2 mcg,559.3074,0.9914859182303262,0.003713449565883577
2 mcg,559.5407,0.9954894645204846,0.001963331844336
2 mcg,559.774,1.008666010150746,-0.0037473862959908843
2 mcg,560.0073,1.0121323382976488,-0.005237301075760321
2 mcg,560.2406,1.0064440197380498,-0.0027896236409825975
2 mcg,560.4739,1.0001860997781118,-8.081458716221824e-05
2 mcg,560.7072000000001,0.9998962503443415,4.5060240484493205e-05
2 mcg,560.9405,1.005913496665335,-0.002560635256501052
2 mcg,561.1738,1.007931092989087,-0.003430842667521401
2 mcg,561.4071,0.9997339271562837,0.0001155693434241072
2 mcg,561.6404,0.9943897676444236,0.0024433532707031553
2 mcg,561.8737,0.9945605335218367,0.0023687785783172827
2 mcg,562.107,1.0087417812853943,-0.0037800093341494733
2 mcg,562.3403,1.0115696725769607,-0.004995800476724832
2 mcg,562.5736,1.0090873261233508,-0.003928751581241279
2 mcg,562.8069,1.0011615503140927,-0.0005041621436669839
2 mcg,563.0402,0.9956480091500465,0.0018941703134923162
2 mcg,563.2735,0.9976060694024848,0.0010409172881453437
2 mcg,563.5068,1.0082151178169352,-0.003553205237867591
2 mcg,563.7401,1.016679631435364,-0.007184122815586214
2 mcg,563.9734,0.9993934831702332,0.00026348682502575394
2 mcg,564.2067,1.0021934927817282,-0.000951578551975061
2 mcg,564.44,1.0019123889074268,-0.0008297468030971812
2 mcg,564.6733,1.003123382226057,-0.0013543536828597327
2 mcg,564.9066,1.0051504679625631,-0.0022310791838176607
2 mcg,565.1399,1.001017127743073,-0.0004415084689951887
2 mcg,565.3732,1.0003124675259523,-0.00013568172533229273
2 mcg,565.6065,1.0067335476120904,-0.0029145409467972636
2 mcg,565.8398,0.9956700508881352,0.0018845559727036837
2 mcg,566.0731,0.9965749877678135,0.0014900170352551791
2 mcg,566.3064,0.995230763747817,0.002076207894994126
2 mcg,566.5397,0.9860320080708029,0.006108986982824086
2 mcg,566.773,0.9804091228070176,0.008592656246648957
2 mcg,567.0063,0.9845978250531054,0.006741127905613346
2 mcg,567.2396,0.9973004305470837,0.001173993469307554
2 mcg,567.4729,1.0065146298554823,-0.0028200918121855027
2 mcg,567.7062,0.9814356999835188,0.008138148490974318
2 mcg,567.9395,0.975639672771724,0.010710548133287642
2 mcg,568.1728,0.9769752369796297,0.010116444039052215
2 mcg,568.4061,0.98727450007216,0.005562080063820568
2 mcg,568.6394,0.9939155771280079,0.002650502870834756
2 mcg,568.8727,0.9825670156757116,0.007637819023164663
2 mcg,569.106,0.9752269268022692,0.010894316003090503
2 mcg,569.3393,0.9785759529817348,0.009405460572457185
2 mcg,569.5726,0.9783942371746418,0.009486113995712047
2 mcg,569.8059,0.9798669326635174,0.008832898117493566
2 mcg,570.0392,0.9812876599257119,0.008203662543174792
2 mcg,570.2725,0.9778017094017093,0.009749207834015101
2 mcg,570.5058,0.9745824418407198,0.011181417170173994
2 mcg,570.7391,0.9719407764727341,0.01236019724933248
2 mcg,570.9724,0.9779640556120719,0.009677107110358326
2 mcg,571.2057,0.9825010774362785,0.0076669646936310945
2 mcg,571.439,0.9744829433229555,0.011225758070781106
2 mcg,571.6723000000001,0.9755391651571711,0.010755290215950387
2 mcg,571.9056,0.9709164464067104,0.012818142312204106
2 mcg,572.1389,0.9789179721065503,0.009253698139664394
2 mcg,572.3722,0.995470574458831,0.0019715729434827286
2 mcg,572.6055,0.9822428247361672,0.007781135016915317
2 mcg,572.8388,0.9684250623847939,0.013933979748090995
2 mcg,573.0721,0.9783484331872058,0.0095064461725461
2 mcg,573.3054,0.9818578383641674,0.007951388469042168
2 mcg,573.5387000000001,0.9801205324051695,0.008720512736475491
2 mcg,573.772,0.9745042727687095,0.011216252353640498
2 mcg,574.0053,0.9722064640983561,0.012241495673620529
2 mcg,574.2386,0.9765919251385824,0.01028687096143234
2 mcg,574.4719,0.9698753576888707,0.013284074956543686
2 mcg,574.7052,0.9650770192340258,0.01543802583384415
2 mcg,574.9385,0.9605275075299602,0.01749019332450392
2 mcg,575.1718,0.9657131776604222,0.01515184237937868
2 mcg,575.4051000000001,0.9580776931362809,0.018599271367981417
2 mcg,575.6384,0.9558472193893388,0.01961151889401884
2 mcg,575.8717,0.9492735865569751,0.022608603159163024
2 mcg,576.105,0.9564199153161047,0.01935138924609997
2 mcg,576.3383,0.9615317134871575,0.017036387176578075
2 mcg,576.5716,0.9530561603713235,0.02088150710486441
2 mcg,576.8049,0.9501936435031613,0.02218787920068517
2 mcg,577.0382,0.9419799833194328,0.02595832568512522
2 mcg,577.2715000000001,0.9484694089583005,0.022976671875848773
2 mcg,577.5048,0.9508003851974136,0.021910650998256488
2 mcg,577.7381,0.9415287143246475,0.02616643052508105
2 mcg,577.9714,0.9342312990040261,0.029545586890843478
2 mcg,578.2047,0.9417677404683901,0.026056190062883792
2 mcg,578.438,0.9513583947181321,0.021655845284655615
2 mcg,578.6713,0.954786783764588,0.02009360116280686
2 mcg,578.9046,0.9507456177699333,0.021935667686269516
2 mcg,579.1379000000001,0.954127415017777,0.020393625354413684
2 mcg,579.3712,0.9605428417469208,0.01748326014185086
2 mcg,579.6045,0.9648848512609104,0.015524511988699582
2 mcg,579.8378,0.9605728380146986,0.017469698008438617
2 mcg,580.0711,0.9576732475820122,0.018782644343377553
2 mcg,580.3044,0.9601816007419178,0.017646620354788537
2 mcg,580.5377,0.9622439031650705,0.01671483194046974
2 mcg,580.771,0.9629792176341219,0.016383085423974295
2 mcg,581.0043000000001,0.9570995988650818,0.019042865789727862
2 mcg,581.2376,0.9578174135579741,0.018717271549631424
2 mcg,581.4709,0.958454847039982,0.018428341985999745
2 mcg,581.7042,0.9601701779863244,0.01765178694955243
2 mcg,581.9375,0.9599921421971289,0.017732321767091275
2 mcg,582.1708,0.9629374833345454,0.01640190760460741
2 mcg,582.4041,0.9662822273739184,0.014896008274387846
2 mcg,582.6374,0.9670987515668813,0.014529177343195285
2 mcg,582.8707,0.9672089714983066,0.014479683762112191
2 mcg,583.104,0.962944961779345,0.016398534763946326
2 mcg,583.3373,0.9601293057309842,0.017670274268963167
2 mcg,583.5706,0.9662905928959594,0.014892248416003673
2 mcg,583.8039,0.9698796595104441,0.013282148674765936
2 mcg,584.0372,0.9706957603598432,0.012916867209447933
2 mcg,584.2705000000001,0.9718121415131107,0.012417679301407039
2 mcg,584.5038000000001,0.9676072843793753,0.014300870824979444
2 mcg,584.7371,0.9686874374820315,0.013816332417206733
2 mcg,584.9704,0.9699197940343102,0.013264177536337692
2 mcg,585.2037,0.9702364929821189,0.013122394518546887
2 mcg,585.437,0.9698669492188334,0.013287840149606128
2 mcg,585.6703,0.9726827370403847,0.012028791819214428
2 mcg,585.9036,0.9746233283750986,0.011163197650676608
2 mcg,586.1369000000001,0.9749758639748178,0.011006135349971918
2 mcg,586.3702000000001,0.9739999383738761,0.011441070599707259
2 mcg,586.6035,0.9716879243561837,0.012473194427783366
2 mcg,586.8368,0.9694453679273979,0.013476660103782089
2 mcg,587.0701,0.9689415774949779,0.013702408022977248
2 mcg,587.3034,0.9760090725590751,0.010546145300490589
2 mcg,587.5367,0.9784744603965233,0.009450505574312696
2 mcg,587.77,0.978330118358696,0.009514576306085664
2 mcg,588.0033000000001,0.9799719036136529,0.008786375614108353
2 mcg,588.2366000000001,0.9854930174724904,0.006346448486425492
2 mcg,588.4699,0.9819166732291452,0.007925365463793665
2 mcg,588.7032,0.9780156349098892,0.009654202369029738
2 mcg,588.9365,0.9835098513042254,0.007221285621983067
2 mcg,589.1698,0.9901186617286445,0.004312753841075371
2 mcg,589.4031,0.9869654627956587,0.005698044472917215
2 mcg,589.6364,0.9763603963219045,0.010389844993978792
2 mcg,589.8697000000001,0.9786878518942645,0.00935580239130193
2 mcg,590.1030000000001,0.9829457587306153,0.007470446902279424
2 mcg,590.3363,0.9816655047089234,0.008036469653045974
2 mcg,590.5696,0.9766578122725245,0.010257571667888609
2 mcg,590.8029,0.9792574268105887,0.009103126024032416
2 mcg,591.0362,0.9784555390072454,0.009458903886931049
2 mcg,591.2695,0.9758139000409373,0.01063299984531237
2 mcg,591.5028000000001,0.976609567112959,0.010279025573076622
2 mcg,591.7361000000001,0.9850402678227778,0.006546015455916515
2 mcg,591.9694000000001,0.9825855900903187,0.007629609212135227
2 mcg,592.2027,0.9754370050395968,0.010800772652949256
2 mcg,592.436,0.9752946294867448,0.01086416724396009
2 mcg,592.6693,0.983907257878242,0.007045835806375317
2 mcg,592.9026,0.983979675598783,0.007013871961398107
2 mcg,593.1359,0.9765088174261299,0.010323830878713507
2 mcg,593.3692000000001,0.9730188300846423,0.011878755083421927
2 mcg,593.6025000000001,0.9782556732849919,0.00954762477742617
2 mcg,593.8358000000001,0.9784292923010887,0.009470553831240803
2 mcg,594.0691,0.9760474514595666,0.010529068187710251
2 mcg,594.3024,0.971896049683639,0.012380183080899547
2 mcg,594.5357,0.9766338621229925,0.010268221810844056
2 mcg,594.769,0.9838085363746328,0.007089413445406145
2 mcg,595.0023,0.9859015095273449,0.006166468431257503
2 mcg,595.2356000000001,0.9866042224204578,0.005857030197634899
2 mcg,595.4689000000001,0.9847020131799715,0.0066951741836442326
2 mcg,595.7022000000001,0.9752189665222878,0.01089786094189878
2 mcg,595.9355,0.9786805194805194,0.00935905617518354
2 mcg,596.1688,0.9815634174254866,0.008081636004671315
2 mcg,596.4021,0.9757638010172435,0.010655297424888051
2 mcg,596.6354,0.9736332317148735,0.01160461133500568
2 mcg,596.8687,0.9825021740710388,0.007666479948962392
2 mcg,597.1020000000001,0.9852497789733786,0.006453653890070862
2 mcg,597.3353000000001,0.9816087445214727,0.008061581413380191
2 mcg,597.5686000000001,0.9723639990027425,0.012171128935947528
2 mcg,597.8019,0.9757511913719586,0.010660909781838819
2 mcg,598.0352,0.9755870244768521,0.010733984532535656
2 mcg,598.2685,0.9751934232319642,0.010909236290103175
2 mcg,598.5018,0.9697252016954733,0.013351317584590947
2 mcg,598.7351,0.9693106490233143,0.013537015998215607
2 mcg,598.9684000000001,0.9689655085274727,0.013691681899486382
2 mcg,599.2017000000001,0.9720885369073002,0.01229417814040486
2 mcg,599.4350000000001,0.970310483738075,0.013089276250940203
2 mcg,599.6683,0.9731571829177907,0.011817007459679946
2 mcg,599.9016,0.9762343382903714,0.010445920437182666
2 mcg,600.1349,0.9750806926008337,0.010959442864346776
2 mcg,600.3682,0.9721194116701248,0.012280384616789517
2 mcg,600.6015,0.9746913770122013,0.01113287607404756
2 mcg,600.8348000000001,0.9765807745718253,0.010291829693052385
2 mcg,601.0681000000001,0.9784073127275544,0.009480309993279446
2 mcg,601.3014000000001,0.9756797945337944,0.010692688771798355
2 mcg,601.5347,0.9722204620564059,0.012235242688890405
2 mcg,601.768,0.9712417188668058,0.012672671115901793
2 mcg,602.0013,0.9771784275503572,0.010026129192721065
2 mcg,602.2346,0.9794455311269332,0.00901971095945542
2 mcg,602.4679,0.9780540793998126,0.009637131167821184
2 mcg,602.7012000000001,0.975874299662485,0.010606119299168198
2 mcg,602.9345000000001,0.9795355534610953,0.008979796124840877
2 mcg,603.1678,0.9778274989466962,0.009737753457048918
2 mcg,603.4011,0.9743988555347581,0.011263234804827906
2 mcg,603.6344,0.9770982798405706,0.010061751280407394
2 mcg,603.8677,0.9778342274113809,0.009734765072048696
2 mcg,604.101,0.9731897208670169,0.011802486870595623
2 mcg,604.3343,0.9749203171024592,0.011030878923904704
2 mcg,604.5676000000001,0.9780691953968341,0.009630419122440783
2 mcg,604.8009000000001,0.9767705846742748,0.010207427591021384
2 mcg,605.0342,0.9755398651328837,0.010754978598035647
2 mcg,605.2675,0.9741409166732863,0.011378214674838995
2 mcg,605.5008,0.9673013338813233,0.014438213346370788
2 mcg,605.7341,0.9699035577475453,0.013271447610432072
2 mcg,605.9674,0.978356876507419,0.009502698150440374
2 mcg,606.2007,0.9779165293882875,0.009698213078583168
2 mcg,606.4340000000001,0.9760820904503261,0.010513655765302657
2 mcg,606.6673000000001,0.9789177143563729,0.009253812489893619
2 mcg,606.9006,0.9752487642381258,0.010884591321121486
2 mcg,607.1339,0.9723283702213279,0.012187042386745103
2 mcg,607.3672,0.9672020549501364,0.014482789429587282
2 mcg,607.6005,0.9660752804863996,0.014989030286385645
2 mcg,607.8338,0.9706862903660575,0.012921104156053353
2 mcg,608.0671,0.9694443996017973,0.013477093896844556
2 mcg,608.3004000000001,0.9685440066224278,0.013880641956641378
2 mcg,608.5337000000001,0.9728981142490685,0.011932638391738824
2 mcg,608.767,0.9670773514734833,0.01453878757719698
2 mcg,609.0003,0.9715677989056828,0.012526887639367027
2 mcg,609.2336,0.9704638536745352,0.013020635898531202
2 mcg,609.4669,0.9642199702742874,0.015823877945202208
2 mcg,609.7002,0.960992477390364,0.017280011957512376
2 mcg,609.9335000000001,0.9637839050995217,0.016020330561090698
2 mcg,610.1668000000001,0.9667065309653398,0.014705347350395779
2 mcg,610.4001000000001,0.9718403565839391,0.012405070412132705
2 mcg,610.6334,0.9655870654475954,0.015208560477359113
2 mcg,610.8667,0.9654270006175207,0.015280559199511446
2 mcg,611.1,0.9650194106877124,0.0154639510398535
2 mcg,611.3333,0.9639347209623509,0.015952376144654286
2 mcg,611.5666,0.9630008901083645,0.016373311453895017
2 mcg,611.7999000000001,0.9667843615937695,0.014670383221422202
2 mcg,612.0332000000001,0.9688675654286097,0.013735582633749367
2 mcg,612.2665000000001,0.9689325878164535,0.013706437353515967
2 mcg,612.4998,0.9630615141094918,0.01634597208097386
2 mcg,612.7331,0.9636808574631559,0.016066767747138118
2 mcg,612.9664,0.9640078908433338,0.01591941118462583
2 mcg,613.1997,0.9675026866165165,0.014347820333745447
2 mcg,613.433,0.9695758751530326,0.013418199095962301
2 mcg,613.6663000000001,0.9697100041242136,0.013358123918019089
2 mcg,613.8996000000001,0.9669237843525523,0.01460775687832799
2 mcg,614.1329000000001,0.9647005642242673,0.015607467469914819
2 mcg,614.3662,0.9581130008490126,0.018583266755436444
2 mcg,614.5995,0.9670267562323726,0.014561509450277567
2 mcg,614.8328,0.9690261140293189,0.013664519104016015
2 mcg,615.0661,0.9616236508422495,0.016994863868822232
2 mcg,615.2994,0.9602065987007654,0.017635313812090436
2 mcg,615.5327000000001,0.9682371027691828,0.014018279246068055
2 mcg,615.7660000000001,0.9728521501546301,0.011953156906318175
2 mcg,615.9993000000001,0.9704606252318748,0.013022080668637206
2 mcg,616.2326,0.9566983205040415,0.019224988446145383
2 mcg,616.4659,0.9722358784197588,0.012228356196871069
2 mcg,616.6992,0.9703985540647375,0.013049859258315191
2 mcg,616.9325,0.9621739528610558,0.016746404117956335
2 mcg,617.1658,0.9626903313612754,0.016513389935671523
2 mcg,617.3991000000001,0.9639476855678853,0.015946535065732997
2 mcg,617.6324000000001,0.9631317138077223,0.016314316542843602
2 mcg,617.8657000000001,0.972270019296723,0.012213105850249012
2 mcg,618.099,0.9677473902743247,0.014237991169935522
2 mcg,618.3323,0.9633751066567722,0.016204579924507655
2 mcg,618.5656,0.9620968100477937,0.01678122530713818
2 mcg,618.7989,0.966211461992226,0.014927814861867715
2 mcg,619.0322,0.9648705939523933,0.015530929247872239
2 mcg,619.2655000000001,0.9603445829194387,0.017572909034299415
2 mcg,619.4988000000001,0.9614235966011978,0.01708522301459885
2 mcg,619.7321000000001,0.96847471234361,0.013911714576266773
2 mcg,619.9654,0.9692327130907958,0.013571936182220244
2 mcg,620.1987,0.9686635168481602,0.013827056957611989
2 mcg,620.432,0.9617645006712046,0.016931257047127515
2 mcg,620.6653,0.9627224679710473,0.016498892522652166
2 mcg,620.8986,0.9698340849288876,0.013302556623459838
2 mcg,621.1319000000001,0.9658278748640651,0.015100264534190994
2 mcg,621.3652000000001,0.9628964782413639,0.016420401707480922
2 mcg,621.5985000000001,0.971055439061178,0.012755974838601476
2 mcg,621.8318,0.9677180925943167,0.014251139242968705
2 mcg,622.0651,0.963865449405841,0.01598358711270012
2 mcg,622.2984,0.9605436457895473,0.017482896606655376
2 mcg,622.5317,0.9665226110781572,0.014787981519951298
2 mcg,622.765,0.9700883293467373,0.013188720165314416
2 mcg,622.9983000000001,0.9596711290318045,0.017877570415338787
2 mcg,623.2316000000001,0.9531080552294706,0.02085785998112389
2 mcg,623.4649000000001,0.9604249533412716,0.017536564819054717
2 mcg,623.6982,0.9689990323193971,0.013676656652594762
2 mcg,623.9315,0.9691651691549492,0.013602202371535416
2 mcg,624.1648,0.9650078687653809,0.015469145363511537
2 mcg,624.3981,0.9624733704101874,0.01661127765728
2 mcg,624.6314,0.9617064482557304,0.016957471993314578
2 mcg,624.8647000000001,0.9583528750175735,0.01847454994538208
2 mcg,625.0980000000001,0.9603739065966437,0.017559648255825382
2 mcg,625.3313,0.9680991326743819,0.014080168963199146
2 mcg,625.5646,0.9625815235044728,0.016562478745366586
2 mcg,625.7979,0.9636700270929058,0.01607164861244844
2 mcg,626.0312,0.9638113859843012,0.016007947467322474
2 mcg,626.2645,0.9590483451937195,0.01815949968893044
2 mcg,626.4978,0.9583107727016357,0.018493629770380944
2 mcg,626.7311000000001,0.9619036301389242,0.0168684362733793
2 mcg,626.9644000000001,0.9654388939537234,0.015275209050338658
2 mcg,627.1977,0.9644471337543428,0.015721573253917626
2 mcg,627.431,0.9568640387977217,0.019149766919837816
2 mcg,627.6643,0.9597196976131827,0.017855591497238227
2 mcg,627.8976,0.9591381766987045,0.01811882238617672
2 mcg,628.1309,0.9554161048593857,0.01980744235702567
2 mcg,628.3642,0.9541758303727513,0.020371588477874226
2 mcg,628.5975000000001,0.9585954483695652,0.018364637468865293
2 mcg,628.8308000000001,0.9609427265241219,0.017302496093959476
2 mcg,629.0641,0.9597655540417802,0.017834840940403964
2 mcg,629.2974,0.9546287755050228,0.020165478774830943
2 mcg,629.5307,0.9597495309382087,0.017842091464787633
2 mcg,629.764,0.9611407925805809,0.017212990102339485
2 mcg,629.9973,0.9594154939587775,0.017993272229861603
2 mcg,630.2306000000001,0.9582409775504406,0.01852526121371353
2 mcg,630.4639000000001,0.9562563321045149,0.019425676032893604
2 mcg,630.6972000000001,0.9565317176950454,0.019300624600036797
2 mcg,630.9305,0.9618552544670046,0.016890278186672693
2 mcg,631.1638,0.9638265348556416,0.016001121422701506
2 mcg,631.3971,0.9642380911361874,0.01581571620138396
2 mcg,631.6304,0.9572767662240942,0.018962481589405222
2 mcg,631.8637,0.9520787677754755,0.021327119897952555
2 mcg,632.0970000000001,0.9545367994983182,0.020207323937694987
2 mcg,632.3303000000001,0.953287203143687,0.020776236875447412
2 mcg,632.5636000000001,0.9538286823032585,0.020529622163482517
2 mcg,632.7969,0.9578080728919969,0.01872150682392689
2 mcg,633.0302,0.9545414708333692,0.02020519858215844
2 mcg,633.2635,0.9600900986643823,0.01768800913055263
2 mcg,633.4968,0.9592940565792888,0.018048246244937883
2 mcg,633.7301,0.9548151788716728,0.020080685551530635
2 mcg,633.9634000000001,0.952886976477338,0.020958608703917633
2 mcg,634.1967000000001,0.954866482504604,0.0200573508930484
2 mcg,634.4300000000001,0.9566169844020797,0.019261912648018683
2 mcg,634.6633,0.9576891300755739,0.0187754418636867
2 mcg,634.8966,0.9589623313250736,0.01819845186891822
2 mcg,635.1299,0.9630055944015042,0.0163711899152935
2 mcg,635.3632,0.9581111295734329,0.018584114970053394
2 mcg,635.5965,0.9488221973502694,0.022815163699490455
2 mcg,635.8298000000001,0.9485966298280188,0.022918422641868698
2 mcg,636.0631000000001,0.9573582733644792,0.01892550524603493
2 mcg,636.2964000000001,0.960438760931619,0.017530321210773962
2 mcg,636.5297,0.9566947618922325,0.019226603885739168
2 mcg,636.763,0.9571171171171171,0.019034916762715168
2 mcg,636.9963,0.964490105332708,0.015702223407807966
2 mcg,637.2296,0.9670574224339433,0.014547737389814904
2 mcg,637.4629,0.960303826432074,0.017591340640501482
2 mcg,637.6962000000001,0.9542066140197968,0.020357577483290683
2 mcg,637.9295000000001,0.9495129494866147,0.022499107965162003
2 mcg,638.1628000000001,0.9558323668546503,0.019618267277904954
2 mcg,638.3961,0.9649360300108333,0.015501477054314605
2 mcg,638.6294,0.9686561031279711,0.013830380867343055
2 mcg,638.8627,0.9652619075402205,0.015354832182946263
2 mcg,639.096,0.9630569216390613,0.016348043069475144
2 mcg,639.3293,0.9624814814814815,0.0166076177340336
2 mcg,639.5626000000001,0.9652015738734608,0.015381978594994456
2 mcg,639.7959000000001,0.9681562312901837,0.014054554972156701
2 mcg,640.0292000000001,0.9705423965600137,0.012985488415857655
2 mcg,640.2625,0.9694311396293637,0.013483034177942213
2 mcg,640.4958,0.964386538339656,0.01574886047377124
2 mcg,640.7291,0.969107972665148,0.013627833557745604
2 mcg,640.9624,0.971314731319487,0.012640024543060565
2 mcg,641.1957,0.9679441449166948,0.01414970287171135
2 mcg,641.4290000000001,0.9624263551113411,0.016632492772631024
2 mcg,641.6623000000001,0.9621233755013324,0.01676923371701922
2 mcg,641.8956000000001,0.9693532849527968,0.013517913616845076
2 mcg,642.1289,0.9800761802209906,0.008740165773059475
2 mcg,642.3622,0.9692430777153472,0.013567292018727398
2 mcg,642.5955,0.9677983255129268,0.01421513364413905
2 mcg,642.8288,0.9697482767109797,0.013340983489264211
2 mcg,643.0621,0.9745928055857987,0.011176798891437278
2 mcg,643.2954000000001,0.979485112631612,0.00900216053813293
2 mcg,643.5287000000001,0.9811521573568265,0.008263636884834504
2 mcg,643.7620000000001,0.9800174922178438,0.008766172566802628
2 mcg,643.9953,0.9795990725139705,0.00895163473786591
2 mcg,644.2286,0.981900418307319,0.00793255495499779
2 mcg,644.4619,0.9878515613846404,0.005308309374697018
2 mcg,644.6952,0.9860180866254165,0.006115118679912133
2 mcg,644.9285,0.9797493115563574,0.008885033016871938
2 mcg,645.1618000000001,0.9824212874442321,0.0077022356579147175
2 mcg,645.3951000000001,0.9832295869356389,0.007345061316117776
2 mcg,645.6284,0.9799085267298466,0.00881446327751961
2 mcg,645.8617,0.9816632925222533,0.008037448338292333
2 mcg,646.095,0.9773902616535376,0.009931992432055123
2 mcg,646.3283,0.9750665256003335,0.01096575279837132
2 mcg,646.5616,0.9774563513918278,0.009902627050168604
2 mcg,646.7949,0.9827445171057205,0.007559370501892998
2 mcg,647.0282000000001,0.9866977210413042,0.005815874878993385
2 mcg,647.2615000000001,0.981594955513889,0.008067682145468803
2 mcg,647.4948,0.9788672566371682,0.009276198512209167
2 mcg,647.7281,0.9772123435604603,0.010011055916429408
2 mcg,647.9614,0.9763651375540803,0.010387736053489579
2 mcg,648.1947,0.9779964773665828,0.009662709489504949
2 mcg,648.428,0.9772017698468811,0.010015755130817183
2 mcg,648.6613,0.9727337032867405,0.012006036424429142
2 mcg,648.8946000000001,0.9731379437251163,0.011825593490750646
2 mcg,649.1279000000001,0.9690627733703359,0.013648089569107404
2 mcg,649.3612,0.9662377135078125,0.014916015443279034
2 mcg,649.5945,0.9679410052396662,0.01415111157553695
2 mcg,649.8278,0.9769693576757864,0.010119057571926772
2 mcg,650.0611,0.9846879373075846,0.00670138227230051
2 mcg,650.2944,0.980565050184225,0.008523590166560575
2 mcg,650.5277000000001,0.976515111547241,0.010321031627740252
2 mcg,650.7610000000001,0.9863978154045475,0.005947898252147176
2 mcg,650.9943000000001,0.9870564863588347,0.005657993214869684
2 mcg,651.2276,0.9884559884559886,0.0050426631193811145
2 mcg,651.4609,0.9998002286272378,8.676827202985122e-05
2 mcg,651.6942,0.9939086068717139,0.002653548556535061
2 mcg,651.9275,0.9931982990152195,0.0029640329041593257
2 mcg,652.1608,0.9901584197730653,0.004295315171035879
2 mcg,652.3941000000001,0.987775805606744,0.005341615570873968
2 mcg,652.6274000000001,0.986700831340394,0.005814505884645887
2 mcg,652.8607000000001,0.9760334202865677,0.010535311434182631
2 mcg,653.094,0.9752942966936803,0.010864315435298214
2 mcg,653.3273,0.9900654052791404,0.0043361142776492225
2 mcg,653.5606,0.9911221083225324,0.0038728362273657093
2 mcg,653.7939,0.9907653683549851,0.004029182339722345
2 mcg,654.0272,0.987022074793666,0.005673134205873821
2 mcg,654.2605000000001,0.9889005568814638,0.0048473785433942864
2 mcg,654.4938000000001,1.0012937752247713,-0.0005615162812888556
2 mcg,654.7271000000001,0.9920003547514524,0.003488172536778311
2 mcg,654.9604,0.9725377655546257,0.012093525165722978
2 mcg,655.1937,0.9622838031533684,0.016696824047217413
2 mcg,655.427,0.9630286433514692,0.016360795466858764
2 mcg,655.6603,0.9798901960784315,0.00882258747993576
2 mcg,655.8936,0.9993256041109272,0.00029298521836409607
2 mcg,656.1269000000001,0.9915648447241978,0.003678879254903281
2 mcg,656.3602000000001,0.9810378555455129,0.008314234070280114
2 mcg,656.5935000000001,0.9859236655636672,0.006156708697547265
2 mcg,656.8268,0.9956508476053516,0.0018929322015213616
2 mcg,657.0601,0.9929240401870504,0.003083974253282869
2 mcg,657.2934,1.0045071923281832,-0.0019530506683988098
2 mcg,657.5267,1.0245101798593994,-0.010516278046925008
2 mcg,657.76,1.0244576481967667,-0.01049400906749135
2 mcg,657.9933000000001,1.0083504016202272,-0.0036114756077439227
2 mcg,658.2266000000001,1.0039719140803525,-0.001721563675003819
2 mcg,658.4599000000001,1.000487349791832,-0.00021160176749780043
2 mcg,658.6932,1.0010573091528883,-0.00045894095226213185
2 mcg,658.9265,1.0054375474563402,-0.002355099659326409
2 mcg,659.1598,0.9854416396370987,0.006369090647927193
2 mcg,659.3931,0.9968496694452431,0.001370330808729419
2 mcg,659.6264,1.0260591621997222,-0.011172402760314294
2 mcg,659.8597000000001,1.0140939663699307,-0.006078198769697805
2 mcg,660.0930000000001,0.975773020237941,0.010651194139074734
2 mcg,660.3263000000001,0.9776148852722873,0.009832194435399382
2 mcg,660.5596,1.0136796668697947,-0.005900735184691562
2 mcg,660.7929,1.0202135561745589,-0.008691089958441967
2 mcg,661.0262,0.9858360873436252,0.006195288182363392
2 mcg,661.2595,0.9924729536640133,0.0032813195618469106
2 mcg,661.4928,1.0032662820312908,-0.0014162166380858022
2 mcg,661.7261000000001,1.003966724582741,-0.0017193188153919812
2 mcg,661.9594000000001,1.001018429743262,-0.00044207334557333305
2 mcg,662.1927000000001,0.9906178526302322,0.004093849552701632
2 mcg,662.426,0.9910443254667897,0.003906920817314624
2 mcg,662.6593,1.0045581595355837,-0.0019750855682752816
2 mcg,662.8926,1.025592030328273,-0.010974637371795984
2 mcg,663.1259,1.0210307663494118,-0.00903882872203745
2 mcg,663.3592,1.0035297889213222,-0.001530268674162901
2 mcg,663.5925000000001,0.9994775019834525,0.00022697730815377738
2 mcg,663.8258000000001,1.0096881359469847,-0.004187253236015246
2 mcg,664.0591000000001,0.9917235499795508,0.0036093736630992542
2 mcg,664.2924,0.961484829433787,0.017057563786573506
2 mcg,664.5257,0.9436058877624134,0.02520935793613543
2 mcg,664.759,0.9523614958448755,0.02119817152013553
2 mcg,664.9923,0.9735089383175561,0.011660056630676464
2 mcg,665.2256,0.9828072736118714,0.007531638030570887
2 mcg,665.4589000000001,0.9688803383124307,0.013729857231646438
2 mcg,665.6922000000001,0.9751610475893332,0.010923654759314158
2 mcg,665.9255,0.9799518785859709,0.00879525020311183
2 mcg,666.1588,1.0069114085404716,-0.002991261542160392
2 mcg,666.3921,1.0458407421466582,-0.019465556354624988
2 mcg,666.6254,1.0413959663484311,-0.017615891184871463
2 mcg,666.8587,1.0285334343978347,-0.012218413812441304
2 mcg,667.092,1.039359261521754,-0.016765690317286825
2 mcg,667.3253000000001,1.0461700258076123,-0.019602272742805047
2 mcg,667.5586000000001,1.0351521452831496,-0.015004186508695828
2 mcg,667.7919,1.0343566021867114,-0.014670290849312748
2 mcg,668.0252,1.0402202318305158,-0.017125296359505267
2 mcg,668.2585,1.015875041655145,-0.006840290568785923
2 mcg,668.4918,1.0299613238420735,-0.012820916785429964
2 mcg,668.7251,1.042693845457715,-0.018156810107860084
2 mcg,668.9584,1.0586135895676048,-0.02473746478876545
2 mcg,669.1917000000001,1.0585854855709682,-0.024725935017377656
2 mcg,669.4250000000001,1.0510355987055016,-0.021617425885081205
2 mcg,669.6583,1.028551755795272,-0.012226149886616423
2 mcg,669.8916,1.020364664179969,-0.008755410328410047
2 mcg,670.1249,1.0249388368379235,-0.01069794966851726
2 mcg,670.3582,1.030376434705835,-0.012995917567899893
2 mcg,670.5915,1.0247679725052485,-0.01062554376473779
2 mcg,670.8248000000001,1.0032232875278737,-0.001397604754054773
2 mcg,671.0581000000001,0.9899098228663447,0.004404366225993806
2 mcg,671.2914000000001,0.9993663646612522,0.00027527155126129817
2 mcg,671.5247,0.9929955475959507,0.00305269879449284
2 mcg,671.758,0.9867746017380227,0.0057820371991017345
2 mcg,671.9913,1.0029309706472418,-0.0012710425930377556
2 mcg,672.2246,1.013253928693234,-0.005718296308608396
2 mcg,672.4579,0.9914526814016359,0.003728008333664063
2 mcg,672.6912000000001,0.9764241486068111,0.010361488291110152
2 mcg,672.9245000000001,0.977997210889657,0.009662383757346023
2 mcg,673.1578000000001,1.0028530619532225,-0.001237304847226711
2 mcg,673.3911,0.9976153363791096,0.0010368830523452834
2 mcg,673.6244,1.0034297846857392,-0.0014869879939860401
2 mcg,673.8577,1.0255230242081512,-0.010945415240027713
2 mcg,674.091,1.0413382687927106,-0.017591828844461112
2 mcg,674.3243,1.020276593140716,-0.00871792332156884
2 mcg,674.5576000000001,1.0254981376688783,-0.010934876015097891
2 mcg,674.7909000000001,1.052064268041852,-0.022042270619437337
2 mcg,675.0242000000001,1.0479366034707593,-0.020335010132800823
2 mcg,675.2575,0.9913144726712855,0.003788553303774101
2 mcg,675.4908,0.9777316456669455,0.009780328032833095
2 mcg,675.7241,1.0003239912542237,-0.00014068482479827837
2 mcg,675.9574,1.0062743668418548,-0.0027164099044537887
2 mcg,676.1907,0.9844397674884746,0.006810850828679603
2 mcg,676.4240000000001,0.9640975532723377,0.015879019308447755
2 mcg,676.6573000000001,0.9790512440967081,0.009194576382766287
2 mcg,676.8906000000001,1.0168178609434102,-0.0072431662251778925
2 mcg,677.1239,1.0059104846220657,-0.0025593348308343383
2 mcg,677.3572,0.9828629011526872,0.007507057371684423
2 mcg,677.5905,0.988382858930247,0.005074794974286986
2 mcg,677.8238,0.9974310876545958,0.001117099937143162
2 mcg,678.0571,1.0350415191716014,-0.014957771228163906
2 mcg,678.2904000000001,1.0553010567152734,-0.023376373016263306
2 mcg,678.5237000000001,1.0310344064608916,-0.013273158287184785
2 mcg,678.7570000000001,0.9823017110609001,0.007755099459631946
2 mcg,678.9903,0.9477467977545513,0.02330767429258825
2 mcg,679.2236,0.9497910761154856,0.022371915204630582
2 mcg,679.4569,0.9630819862549609,0.016336740224875294
2 mcg,679.6902,0.937452697930831,0.0280506367158648
2 mcg,679.9235,0.9492133490983076,0.022636162786169835
2 mcg,680.1568000000001,0.9752449536279324,0.010886288252482522
2 mcg,680.3901000000001,0.9473940481148093,0.023469348000520213
2 mcg,680.6234000000001,0.878024319163903,0.05649345501369281
2 mcg,680.8567,0.854903951428287,0.0680826755734097
2 mcg,681.09,0.8562526701251143,0.06739806120019531
2 mcg,681.3233,0.8478290525201314,0.07169170556327202
2 mcg,681.5566,0.8327568181139291,0.07948180287919372
2 mcg,681.7899,0.8553173398117219,0.06787272344823765
2 mcg,682.0232000000001,0.8462540522856379,0.07249923868366424
2 mcg,682.2565000000001,0.849842108910205,0.0706617538133851
2 mcg,682.4898000000001,0.8724584889050785,0.05925522736974235
2 mcg,682.7231,0.8227283606667242,0.0847435316609037
2 mcg,682.9564,0.7642323205162678,0.11677459930261073
2 mcg,683.1897,0.7616890877883516,0.11822226620949197
2 mcg,683.423,0.7509685111532267,0.12437827300795315
2 mcg,683.6563,0.7398966119579,0.13082896134078117
2 mcg,683.8896000000001,0.7173560738025289,0.1442652202014981
2 mcg,684.1229000000001,0.701498260795792,0.15397340136794738
2 mcg,684.3562000000001,0.700365874220199,0.15467502335233352
2 mcg,684.5895,0.6771120299464195,0.16933947021832463
2 mcg,684.8228,0.6597685813896236,0.18060836968488622
2 mcg,685.0561,0.6606011707008383,0.18006066099812632
2 mcg,685.2894,0.6893365963793372,0.16156866451508883
2 mcg,685.5227,0.6514268266904667,0.18613436053359855
2 mcg,685.7560000000001,0.6085331231435057,0.21571577765258598
2 mcg,685.9893000000001,0.5639838205403506,0.24873335479473316
2 mcg,686.2226,0.5322611788617887,0.27387520848615365
2 mcg,686.4559,0.5219249612403101,0.2823919323652754
2 mcg,686.6892,0.5170897344125691,0.28643408402686427
2 mcg,686.9225,0.49926497805510023,0.30166889733536756
2 mcg,687.1558,0.4598970233306517,0.3373394013745514
2 mcg,687.3891,0.44299113584827865,0.3536049638236447
2 mcg,687.6224000000001,0.4278886241810602,0.36866925948724133
2 mcg,687.8557000000001,0.41640425033130957,0.380484846197973
2 mcg,688.089,0.4030585306468601,0.3946318826648475
2 mcg,688.3223,0.38858738922171315,0.41051129761243377
2 mcg,688.5556,0.380497514950278,0.41964817528475085
2 mcg,688.7889,0.3763561752564244,0.42440095366242464
2 mcg,689.0222,0.3663970868109919,0.43604798802531336
2 mcg,689.2555,0.3678824923448737,0.43429087990177767
2 mcg,689.4888000000001,0.3627391995607764,0.4404055096717189
2 mcg,689.7221000000001,0.35786447334296617,0.44628141364390506
2 mcg,689.9554,0.3572871824492954,0.4469825636783075
2 mcg,690.1887,0.3575282109461682,0.44668968428285066
2 mcg,690.422,0.36328318930260683,0.43975469837189024
2 mcg,690.6553,0.37291273614569975,0.42839278385954976
2 mcg,690.8886,0.37441332377968134,0.4266487049632192
2 mcg,691.1219000000001,0.3759961199556769,0.4248166366960983
2 mcg,691.3552000000001,0.37724758171033773,0.42337353552380314
2 mcg,691.5885000000001,0.3804789906311689,0.41966931919527284
2 mcg,691.8218,0.39079382714755384,0.408052304873755
2 mcg,692.0551,0.4032462308042117,0.3944296833279219
2 mcg,692.2884,0.4185518522412645,0.3782507318229138
2 mcg,692.5217,0.4349220756376429,0.3615885479927615
2 mcg,692.755,0.44415007353478037,0.3524702616519537
2 mcg,692.9883000000001,0.45748644318248677,0.3396217709708061
2 mcg,693.2216000000001,0.4713057729958066,0.32669724056103544
2 mcg,693.4549000000001,0.48568979237749793,0.3136410238909962
2 mcg,693.6882,0.5077858980957283,0.29431936424262334
2 mcg,693.9215,0.5320196401593188,0.27407233489409966
2 mcg,694.1548,0.5495191572248794,0.2600171626908471
2 mcg,694.3881,0.5673979472706415,0.24611223972565444
2 mcg,694.6214,0.5794893336133697,0.23695455348034702
2 mcg,694.8547000000001,0.5915652670382727,0.22799733294498603
2 mcg,695.0880000000001,0.599540108589091,0.22218175775904075
2 mcg,695.3213000000001,0.6106970109576607,0.21417420564318948
2 mcg,695.5546,0.6296619396903016,0.200892557106125
2 mcg,695.7879,0.6368561227443791,0.19595867152008128
2 mcg,696.0212,0.6380587195261739,0.1951393520112404
2 mcg,696.2545,0.6605628363406141,0.18008586362403595
2 mcg,696.4878,0.6886878147126039,0.16197760112952414
2 mcg,696.7211000000001,0.6888884731705796,0.16185108202139362
2 mcg,696.9544000000001,0.7037646986013121,0.152572521512137
2 mcg,697.1877000000001,0.7307761837294475,0.13621561490929762
2 mcg,697.421,0.7488219519800436,0.12562143258718186
2 mcg,697.6543,0.7556053219300751,0.12170499188741263
2 mcg,697.8876,0.7640591940428461,0.11687299397624959
2 mcg,698.1209,0.7714682178997759,0.11268196081932004
2 mcg,698.3542,0.7723286428144314,0.11219785848600385
2 mcg,698.5875000000001,0.7721659206207101,0.11228936978394022
2 mcg,698.8208000000001,0.7710973121618026,0.11289081070643762
2 mcg,699.0541000000001,0.7702025361042621,0.11339505567657876
2 mcg,699.2874,0.7731757502319551,0.11172177557675213
2 mcg,699.5207,0.7775047330667064,0.10929695852170818
2 mcg,699.754,0.7800639556666987,0.10786978903455322
2 mcg,699.9873,0.7807461871277085,0.10749012802435978
2 mcg,700.2206,0.7707469144740765,0.11308820520614385
2 mcg,700.4539000000001,0.7809261468139211,0.10739003596620585
2 mcg,700.6872000000001,0.7846664895789597,0.10531489422612418
2 mcg,700.9205000000001,0.7792581552956851,0.10831864393545879
2 mcg,701.1538,0.7797302537300852,0.10805561471721017
2 mcg,701.3871,0.7929015396852451,0.10078073881887996
2 mcg,701.6204,0.800480723994286,0.09664912166311813
2 mcg,701.8537,0.7978415701164818,0.09808333929483716
2 mcg,702.087,0.7924180932498259,0.10104561679218563
2 mcg,702.3203000000001,0.8042144338901626,0.09462813652706915
2 mcg,702.5536000000001,0.8094032559827984,0.09183505290650011
2 mcg,702.7869000000001,0.811568807594866,0.09067465329684234
2 mcg,703.0202,0.811493107457233,0.09071516456973006
2 mcg,703.2535,0.8136543393728799,0.08956005504383847
2 mcg,703.4868,0.8242781660322248,0.08392620385314192
2 mcg,703.7201,0.8284740536148572,0.08172108838929631
2 mcg,703.9534,0.8286563712940789,0.08162552613159021
2 mcg,704.1867000000001,0.8383641895839045,0.07656728069223653
2 mcg,704.4200000000001,0.8410139051267381,0.07519682361957984
2 mcg,704.6533000000001,0.8405073737548794,0.07545847215073535
2 mcg,704.8866,0.8442190146044504,0.07354487032329553
2 mcg,705.1199,0.8464302003872826,0.07240884952963582
2 mcg,705.3532,0.8521949980749225,0.06946101920249256
2 mcg,705.5865,0.8634508593730661,0.06376237391632075
2 mcg,705.8198,0.860939130624334,0.06502755257473915
2 mcg,706.0531000000001,0.860752517568055,0.06512169837720677
2 mcg,706.2864000000001,0.8624883189910858,0.06424677803099797
2 mcg,706.5197000000001,0.8615290480310737,0.0647300749345512
2 mcg,706.753,0.8656282551294784,0.06266857612088725
2 mcg,706.9863,0.8719650476121168,0.05950092324795777
2 mcg,707.2196,0.8764682889483744,0.057263792272834325
2 mcg,707.4529,0.8865359732428408,0.05230363720475724
2 mcg,707.6862,0.8732630000877172,0.05885494038904431
2 mcg,707.9195000000001,0.8768320928364964,0.05708356300349139
2 mcg,708.1528000000001,0.8859961059377753,0.052568186886598006
2 mcg,708.3861,0.8906348144506324,0.050300332528077654
2 mcg,708.6194,0.8877281500524574,0.05172000832899794
2 mcg,708.8527,0.8866613998547636,0.05224219781130997
2 mcg,709.086,0.8880989065672491,0.05153866464438291
2 mcg,709.3193,0.8855310148012252,0.05279622349576068
2 mcg,709.5526000000001,0.8932249840662843,0.04903913794008186
2 mcg,709.7859000000001,0.9013940460947505,0.04508531486581268
2 mcg,710.0192000000001,0.9057957308113597,0.04296973056125106
2 mcg,710.2525,0.9068054776968046,0.04248586511553497
2 mcg,710.4858,0.9057199116574864,0.043006084473297956
2 mcg,710.7191,0.9013182973316392,0.04512181239129928
2 mcg,710.9524,0.9021036472394263,0.044743561307128574
2 mcg,711.1857,0.9108311349161937,0.04056213232656051
2 mcg,711.4190000000001,0.9050656917748781,0.04331989754624484
2 mcg,711.6523000000001,0.902323201309999,0.04463787553563128
2 mcg,711.8856000000001,0.9072116536237264,0.04229137966813063
2 mcg,712.1189,0.913538631714604,0.03927308248141632
2 mcg,712.3522,0.9216930371742957,0.03541369332620139
2 mcg,712.5855,0.9234607922199245,0.034581538863703076
2 mcg,712.8188,0.9144183916034212,0.03885504760451347
2 mcg,713.0521,0.9160563914827672,0.038077790790696064
2 mcg,713.2854000000001,0.9215257153445034,0.03549254120845199
2 mcg,713.5187000000001,0.9168629617934954,0.03769557096503899
2 mcg,713.7520000000001,0.9148265827762485,0.038661224273744896
2 mcg,713.9853,0.9197779706942362,0.036316996284598085
2 mcg,714.2186,0.9294633577261641,0.031767726764602516
2 mcg,714.4519,0.9347001996007984,0.029327664568742074
2 mcg,714.6852,0.9339186602870813,0.029690947031972136
2 mcg,714.9185,0.9317810106791743,0.03068614454382269
2 mcg,715.1518000000001,0.9187881728930388,0.036784603899681814
2 mcg,715.3851000000001,0.9241063816950877,0.034278030594008815
2 mcg,715.6184000000001,0.9326359068792812,0.030287868037285417
2 mcg,715.8517,0.9323535392749523,0.03041937622744507
2 mcg,716.085,0.9280294490907515,0.03243824212738479
2 mcg,716.3183,0.9321498764044648,0.030514253673556778
2 mcg,716.5516,0.9363617111393477,0.0285563533915567
2 mcg,716.7849,0.9325449275362319,0.030330235861311696
2 mcg,717.0182000000001,0.9234820783057847,0.03457152834331468
2 mcg,717.2515000000001,0.9284652653723976,0.03223433892395004
2 mcg,717.4848000000001,0.9371645623229835,0.028184142053905358
2 mcg,717.7181,0.9417733439744613,0.0260536060239306
2 mcg,717.9514,0.9364947310038825,0.028494661750971602
2 mcg,718.1847,0.9274070007581104,0.03272963004993951
2 mcg,718.418,0.9298382803752042,0.03159257837932826
2 mcg,718.6513,0.9433506513544503,0.02532684634875896
2 mcg,718.8846000000001,0.9454587569989698,0.024357411291105257
2 mcg,719.1179000000001,0.9240635029713333,0.034298182413682356
2 mcg,719.3512000000001,0.9188580862697607,0.03675155837355316
2 mcg,719.5845,0.9387205227142477,0.027463687296473145
2 mcg,719.8178,0.954247966334897,0.020338756933459837
2 mcg,720.0511,0.9420016487346888,0.025948337084244856
2 mcg,720.2844,0.9328283664241671,0.03019825590176904
2 mcg,720.5177,0.9397047742181117,0.02700856668374425
2 mcg,720.7510000000001,0.9415053661039996,0.026177200381554213
2 mcg,720.9843000000001,0.9382434558492178,0.027684456063278705
2 mcg,721.2176000000001,0.9445648745291697,0.02476820853889955
2 mcg,721.4509,0.9440561256255977,0.02500218544249403
2 mcg,721.6842,0.9365390632600527,0.02847410338807651
2 mcg,721.9175,0.9363169235869386,0.02857712682968137
2 mcg,722.1508,0.9424489785104347,0.025742151945682218
2 mcg,722.3841,0.943479194673582,0.025267672327966027
2 mcg,722.6174000000001,0.9385468058191019,0.02754406401005444
2 mcg,722.8507000000001,0.941282992539266,0.026279788239706933
2 mcg,723.0840000000001,0.9386918497444814,0.02747695290900763
2 mcg,723.3173,0.9407709570957096,0.026516098334011185
2 mcg,723.5506,0.9493959277404367,0.022552635440125774
2 mcg,723.7839,0.9452292953298413,0.02446282681650333
2 mcg,724.0172,0.9414314747305408,0.026211286087536433
2 mcg,724.2505,0.9505557019680501,0.02202242866855273
2 mcg,724.4838000000001,0.950801950907492,0.02190993583375087
2 mcg,724.7171000000001,0.9453311074012243,0.024416050822706342
2 mcg,724.9504000000001,0.9426697322867942,0.02564043724005511
4 mcg,375.0004,0.91125199786894,0.0403615065066109
4 mcg,375.23370000000006,0.889092870660229,0.05105287220337316
4 mcg,375.46700000000004,0.824092931290163,0.0840238110325004
4 mcg,375.7003,0.8433431192051882,0.07399569410650507
4 mcg,375.9336,0.8604970950074081,0.06525059148910217
4 mcg,376.16690000000006,0.8734582475176236,0.058757850046914965
4 mcg,376.40020000000004,0.8732026795658173,0.05888494025691718
4 mcg,376.6335,0.8255027813436029,0.08328145914238187
4 mcg,376.8668,0.8140567396085503,0.08934532380844275
4 mcg,377.10010000000005,0.8601599034545181,0.06542080604408904
4 mcg,377.33340000000004,0.8396281800391389,0.07591299382698931
4 mcg,377.5667,0.8507046432280077,0.0702211967674517
4 mcg,377.8,0.9042380211036152,0.04371723584592051
4 mcg,378.03330000000005,0.9022711300800466,0.04466293850679014
4 mcg,378.26660000000004,0.9153682682838333,0.038404146691427304
4 mcg,378.4999,0.9359339940990441,0.028754778408642944
4 mcg,378.7332,0.8931861166487759,0.049058036059272475
4 mcg,378.96650000000005,0.8731112232879019,0.058930429165647134
4 mcg,379.19980000000004,0.8397208698474523,0.07586505302239863
4 mcg,379.4331,0.8065912661011626,0.09334648491283677
4 mcg,379.6664,0.8183394816269823,0.08706649533606312
4 mcg,379.89970000000005,0.8386603401327266,0.07641389408610885
4 mcg,380.13300000000004,0.814165526568225,0.08928729048296684
4 mcg,380.3663,0.8121311989956056,0.0903738052451249
4 mcg,380.5996,0.8215489821882951,0.08536653805981677
4 mcg,380.83290000000005,0.8233541795961236,0.08441330554628813
4 mcg,381.06620000000004,0.8106368659122568,0.09117364942458266
4 mcg,381.2995,0.8411725407765883,0.07511491285667352
4 mcg,381.5328,0.8425744025802668,0.07439173887995656
4 mcg,381.76610000000005,0.8308959537572255,0.08045335592486733
4 mcg,381.99940000000004,0.840931002580708,0.07523963610189219
4 mcg,382.2327,0.8042666419145743,0.09459994389581956
4 mcg,382.466,0.814249698564069,0.0892423935392461
4 mcg,382.69930000000005,0.8800493902335887,0.05549295364075274
4 mcg,382.93260000000004,0.9346079008907693,0.02937055190280378
4 mcg,383.1659,0.9182600164678264,0.03703432563120721
4 mcg,383.3992,0.9025556187423529,0.044526025800562176
4 mcg,383.63250000000005,0.8890408414796804,0.05107828759914725
4 mcg,383.86580000000004,0.8503313596174521,0.07041180415563195
4 mcg,384.0991,0.7846124186205157,0.10534482226347948
4 mcg,384.3324,0.796153153153153,0.09900338053946577
4 mcg,384.56570000000005,0.886936127744511,0.05210765453907391
4 mcg,384.79900000000004,0.88631223797832,0.05241325402439175
4 mcg,385.0323,0.8420321707278228,0.07467131550430589
4 mcg,385.2656,0.8517356249698258,0.06969518743306899
4 mcg,385.49890000000005,0.8900287210677479,0.05059597852365138
4 mcg,385.73220000000003,0.9015756573849253,0.04499782278950238
4 mcg,385.9655,0.8826347909416452,0.05421895790379806
4 mcg,386.1988,0.8569015829543046,0.06706905489626777
4 mcg,386.43210000000005,0.8369170631678442,0.07731757760196013
4 mcg,386.66540000000003,0.8567475880785714,0.06714710952504808
4 mcg,386.8987,0.841193729838383,0.0751039731549268
4 mcg,387.132,0.8628614690827697,0.06405892391656048
4 mcg,387.36530000000005,0.8899525921394708,0.05063312764790207
4 mcg,387.59860000000003,0.8918870263752315,0.049690153391944894
4 mcg,387.8319,0.8766201288484791,0.05718856134866225
4 mcg,388.0652,0.9154035577138332,0.03838740402092876
4 mcg,388.29850000000005,1.0046723840896612,-0.0020244647634548004
4 mcg,388.53180000000003,1.0267471324396993,-0.011463498603991292
4 mcg,388.7651,0.997348804896825,0.0011529283990294428
4 mcg,388.9984,0.9371608832807573,0.02818584697419151
4 mcg,389.23170000000005,0.8954294997404078,0.04796860197464542
4 mcg,389.46500000000003,0.9019062547403549,0.04483860122166987
4 mcg,389.6983,0.9095856711991777,0.041156389754077496
4 mcg,389.9316,0.9175426160337554,0.03737375543719589
4 mcg,390.16490000000005,0.9224673493996365,0.03504899668815931
4 mcg,390.39820000000003,0.9333367692281263,0.029961624605226403
4 mcg,390.6315,0.9062198400374025,0.04276643396389153
4 mcg,390.86480000000006,0.9088213441404931,0.04152148188219248
4 mcg,391.09810000000004,0.8791674958540628,0.0559283768085968
4 mcg,391.33140000000003,0.8230598186935361,0.08456859980056046
4 mcg,391.5647,0.8059794161276017,0.09367604948070349
4 mcg,391.79800000000006,0.8604649639816634,0.06526680838023881
4 mcg,392.03130000000004,0.9284053389532843,0.03226237072443151
4 mcg,392.26460000000003,0.9060916624386944,0.04282786581359208
4 mcg,392.4979,0.9240252087923349,0.03431618041402138
4 mcg,392.73120000000006,0.945795912716953,0.024202567132084216
4 mcg,392.96450000000004,0.9480439330543934,0.02317153666931618
4 mcg,393.19780000000003,0.950671524880745,0.02196951416026749
4 mcg,393.4311,0.9232629023092422,0.0346746145055191
4 mcg,393.66440000000006,0.8915451993073419,0.049856634191192226
4 mcg,393.89770000000004,0.8916595128684206,0.04980095269987245
4 mcg,394.13100000000003,0.9142260904972772,0.03894638882516905
4 mcg,394.3643,0.879047206026438,0.055987802097660966
4 mcg,394.59760000000006,0.881337144672066,0.05485792579735948
4 mcg,394.83090000000004,0.9037576228142541,0.04394802659123787
4 mcg,395.0642,0.8930580892942871,0.049120291347208335
4 mcg,395.2975,0.8630203954538379,0.06397894063659545
4 mcg,395.53080000000006,0.8692494782595052,0.060855561316646316
4 mcg,395.76410000000004,0.9061591537090631,0.04279551809875027
4 mcg,395.9974,0.8893139011281653,0.05094491904600302
4 mcg,396.2307,0.8581241495800686,0.06644987581435281
4 mcg,396.46400000000006,0.9063656318595171,0.04269657068299336
4 mcg,396.69730000000004,0.9646539080033222,0.015628471945347975
4 mcg,396.9306,0.9550827670325841,0.019958991025688513
4 mcg,397.1639,0.9421818120248556,0.025865283682462114
4 mcg,397.39720000000005,0.9548124395582024,0.020081931520862992
4 mcg,397.63050000000004,0.9327786856831575,0.030221386251386963
4 mcg,397.8638,0.8553046416557301,0.06787917109025025
4 mcg,398.0971,0.8923994935106045,0.04944068487588703
4 mcg,398.33040000000005,0.9237191273666948,0.034460063388286916
4 mcg,398.56370000000004,0.8970982543803785,0.04715998839586982
4 mcg,398.797,0.8465545695158025,0.07234504171837523
4 mcg,399.0303,0.8337018114259171,0.0789892548884454
4 mcg,399.26360000000005,0.8423490566037737,0.07450790619208003
4 mcg,399.49690000000004,0.8479860781521911,0.0716112777330418
4 mcg,399.7302,0.8359682997565099,0.07781019086463076
4 mcg,399.9635,0.8532390826264531,0.06892925990302584
4 mcg,400.19680000000005,0.8642899921197794,0.06334051580047906
4 mcg,400.43010000000004,0.869013637805265,0.06097340792751662
4 mcg,400.6634,0.8689372437716808,0.06101158795620328
4 mcg,400.8967,0.8433363526570048,0.07399917867436356
4 mcg,401.13000000000005,0.8474392066295342,0.07189144731051432
4 mcg,401.36330000000004,0.9002359967249434,0.04564362540503585
4 mcg,401.5966,0.9249808166397282,0.033867274086806634
4 mcg,401.8299,0.9758724952595705,0.010606922315451767
4 mcg,402.06320000000005,0.9672502120441051,0.014461166399093072
4 mcg,402.29650000000004,0.9237737688932226,0.034434373965059634
4 mcg,402.5298,0.8787466405679575,0.0561363222686627
4 mcg,402.7631,0.8622574549476887,0.0643630420998608
4 mcg,402.99640000000005,0.8709419026527825,0.060010814221770584
4 mcg,403.22970000000004,0.9112547490995214,0.040360195296913634
4 mcg,403.463,0.905615442870724,0.043056180351522734
4 mcg,403.6963,0.9401834742793828,0.026787386728226708
4 mcg,403.92960000000005,0.9562482695721568,0.019429337737351966
4 mcg,404.16290000000004,0.9591157887898132,0.018128959672967952
4 mcg,404.3962,0.9425811696074212,0.025681240597256946
4 mcg,404.6295,0.9268509691769938,0.03299009160231928
4 mcg,404.86280000000005,0.914423245509173,0.03885274229339095
4 mcg,405.09610000000004,0.8960933201276551,0.047646760085551944
4 mcg,405.3294,0.8957267364533946,0.047824462381631995
4 mcg,405.5627,0.897422969187675,0.0470028190643644
4 mcg,405.79600000000005,0.9454317050780308,0.0243698377115935
4 mcg,406.02930000000003,0.9698140972188158,0.013311507269530846
4 mcg,406.2626,0.9318492134164441,0.030654357044267003
4 mcg,406.4959,0.9005721493895573,0.045481487923228515
4 mcg,406.72920000000005,0.9136021036860371,0.03924290907832162
4 mcg,406.96250000000003,0.9204057186415893,0.036020691647493795
4 mcg,407.1958,0.8869642320408777,0.05209389329170337
4 mcg,407.4291,0.8920864828980521,0.0495930411118003
4 mcg,407.66240000000005,0.8743166000296164,0.058331275891806145
4 mcg,407.89570000000003,0.8657480604749077,0.06260847272217886
4 mcg,408.129,0.8722469575541704,0.05936053672048176
4 mcg,408.3623,0.8768428912783751,0.05707821457374973
4 mcg,408.59560000000005,0.8523572984749455,0.06937831576359386
4 mcg,408.82890000000003,0.8352822780683478,0.07816673279116373
4 mcg,409.0622,0.8208635178209215,0.0857290455414322
4 mcg,409.2955,0.8492129057900042,0.07098341432846783
4 mcg,409.52880000000005,0.884888888888889,0.0531112580839529
4 mcg,409.76210000000003,0.8761896476729013,0.057401882389404656
4 mcg,409.9954,0.8629938834032574,0.06399228240023319
4 mcg,410.2287,0.877739073094511,0.05663456832720378
4 mcg,410.46200000000005,0.8788500790570647,0.05608520386978776
4 mcg,410.69530000000003,0.8643957688994337,0.06328736759643808
4 mcg,410.9286,0.8478523369392521,0.07167977844677251
4 mcg,411.16190000000006,0.8585443260170481,0.06623727761703743
4 mcg,411.39520000000005,0.8422495208945141,0.0745592273909834
4 mcg,411.62850000000003,0.8195721353122076,0.08641281562694969
4 mcg,411.8618,0.8028359375,0.09537319534172897
4 mcg,412.09510000000006,0.8062926707814076,0.09350728792935621
4 mcg,412.32840000000004,0.8394363515186136,0.07601222773579083
4 mcg,412.56170000000003,0.8929122448109791,0.04919122136575114
4 mcg,412.795,0.891723341817221,0.04976986508434591
4 mcg,413.02830000000006,0.8933643063563834,0.04897140340003598
4 mcg,413.26160000000004,0.878419493807216,0.05629803496255625
4 mcg,413.49490000000003,0.8670833827854045,0.061939136731009134
4 mcg,413.7282,0.870880698580026,0.06004133465601028
4 mcg,413.96150000000006,0.8708207993124193,0.06007120650423845
4 mcg,414.19480000000004,0.8873007765947694,0.05192913837210428
4 mcg,414.42810000000003,0.9319660480038986,0.03059990892621187
4 mcg,414.6614,0.9507619397802017,0.021928211960979136
4 mcg,414.89470000000006,0.9895475311523174,0.004563340395029341
4 mcg,415.12800000000004,0.9860112517580873,0.00611812912717862
4 mcg,415.3613,0.9103092649599295,0.04081103707711785
4 mcg,415.5946,0.8788833589043147,0.05606875853887599
4 mcg,415.82790000000006,0.926400919792524,0.0332010224199428
4 mcg,416.06120000000004,0.9887806024412834,0.004900062011878031
4 mcg,416.2945,0.9908146078954935,0.004007599097062504
4 mcg,416.5278,0.9920526038072818,0.00346529867493032
4 mcg,416.76110000000006,1.0363234409324322,-0.015495321711793273
4 mcg,416.99440000000004,1.033191242809254,-0.014180716494953982
4 mcg,417.2277,0.9735975901433762,0.011620509745872639
4 mcg,417.461,0.9422862904731674,0.02581712748011945
4 mcg,417.69430000000006,0.9372640060925428,0.028138060937614777
4 mcg,417.92760000000004,0.948214197985753,0.023093546105542793
4 mcg,418.1609,0.9587478474784747,0.01829559809304868
4 mcg,418.3942,0.9466676271776585,0.023802474027119186
4 mcg,418.62750000000005,1.0108554751165524,-0.004689067711567153
4 mcg,418.86080000000004,1.0225501324252744,-0.009684609297413797
4 mcg,419.0941,0.9680928760898785,0.014082975709754328
4 mcg,419.3274,0.9453564733349434,0.024404397617644374
4 mcg,419.56070000000005,0.9766360511900153,0.01026724836654737
4 mcg,419.79400000000004,1.0118726065713497,-0.005125838842022162
4 mcg,420.0273,1.0134594337378064,-0.0058063696482541114
4 mcg,420.2606,0.9974750984479962,0.0010979374874457775
4 mcg,420.49390000000005,0.9996687713487216,0.00014387460450970455
4 mcg,420.72720000000004,0.9991247165532879,0.0003802972292332057
4 mcg,420.9605,1.0060874764499497,-0.002635743033901612
4 mcg,421.1938,1.0042985748928677,-0.0018628464258677912
4 mcg,421.42710000000005,0.9872603468454091,0.005568306004364234
4 mcg,421.66040000000004,0.9988670225647828,0.0004923247973726039
4 mcg,421.8937,1.0177697819019662,-0.007649552306532872
4 mcg,422.127,1.0268000416796916,-0.011485877628213426
4 mcg,422.36030000000005,1.019703930576825,-0.008474093348555008
4 mcg,422.59360000000004,1.0335389620354174,-0.014326853172344507
4 mcg,422.8269,1.036204379562044,-0.015445423519148481
4 mcg,423.0602,1.0435497339007436,-0.018513151670718368
4 mcg,423.29350000000005,1.0533141412021072,-0.02255791481713807
4 mcg,423.52680000000004,1.0628931940600541,-0.02648962617822691
4 mcg,423.7601,1.0513642202455113,-0.021753193136711122
4 mcg,423.9934,1.008182141586624,-0.0035390003040008627
4 mcg,424.22670000000005,1.0649305258759059,-0.027321276119452946
4 mcg,424.46000000000004,1.0900930991457913,-0.037463590343078834
4 mcg,424.6933,1.0717973026982315,-0.030112659756717786
4 mcg,424.9266,1.0674772146952722,-0.028358613778821585
4 mcg,425.15990000000005,1.0748918215279648,-0.03136475850509791
4 mcg,425.39320000000004,1.0831512301979538,-0.03468909730419777
4 mcg,425.6265,1.0902848101265823,-0.03753996152711832
4 mcg,425.8598,1.0979323570432356,-0.04057558431462647
4 mcg,426.09310000000005,1.0718199378516837,-0.030121831470823972
4 mcg,426.32640000000004,1.0559702468530325,-0.023651681635685314
4 mcg,426.5597,1.0822023513826793,-0.03430847322196771
4 mcg,426.793,1.0957586900887024,-0.039714923581169334
4 mcg,427.02630000000005,1.0580895489497004,-0.024522424758675745
4 mcg,427.25960000000003,1.0322770139156305,-0.013796256856483363
4 mcg,427.4929,1.0556637699670794,-0.02352561696702143
4 mcg,427.7262,1.0467750798247568,-0.019853375007754488
4 mcg,427.95950000000005,1.0367395378792812,-0.015669661432512815
4 mcg,428.19280000000003,1.030288757346233,-0.012958960770033945
4 mcg,428.4261,1.0439624770771618,-0.018684889191921704
4 mcg,428.6594,1.047832012237519,-0.020291662412877023
4 mcg,428.89270000000005,1.0353292808530403,-0.015078496763082977
4 mcg,429.12600000000003,1.0271648241932199,-0.011640138333464986
4 mcg,429.3593,1.0265091710792584,-0.011362833815059455
4 mcg,429.5926,1.008841197952881,-0.0038228091699708242
4 mcg,429.82590000000005,1.0155791622326356,-0.006713781390122399
4 mcg,430.05920000000003,1.0135551992923875,-0.005847405811747131
4 mcg,430.2925,1.0042623345367028,-0.0018471745220361064
4 mcg,430.5258,1.0215236333073328,-0.009248418639767766
4 mcg,430.75910000000005,1.0264244950266186,-0.011327007677041617
4 mcg,430.99240000000003,1.0178455734612704,-0.0076818922630075785
4 mcg,431.2257,1.0226374428588811,-0.00972168994469454
4 mcg,431.45900000000006,1.0225765335154207,-0.009695822145946213
4 mcg,431.69230000000005,1.0339805880125044,-0.01451238537476213
4 mcg,431.92560000000003,1.031067842476981,-0.013287242047864654
4 mcg,432.1589,1.0180044168705014,-0.007749662301648261
4 mcg,432.39220000000006,1.0263805684488916,-0.011308421333254697
4 mcg,432.62550000000005,1.0164285602270768,-0.0070768596199280755
4 mcg,432.85880000000003,1.01599368548125,-0.006891008765645463
4 mcg,433.0921,1.0331696435487119,-0.014171637306774504
4 mcg,433.32540000000006,1.0299057164181378,-0.012797468672612975
4 mcg,433.55870000000004,1.0219026262022224,-0.009409515252921693
4 mcg,433.79200000000003,1.0169528297256174,-0.007300809102712487
4 mcg,434.0253,1.0034557897408638,-0.0014982430970041309
4 mcg,434.25860000000006,0.9934013023499328,0.002875274979995594
4 mcg,434.49190000000004,0.9878459009336977,0.005310797916243852
4 mcg,434.72520000000003,0.9948642500034057,0.0022361750296679053
4 mcg,434.9585,1.0002218330414476,-9.633018159092671e-05
4 mcg,435.19180000000006,0.9954150719282039,0.0019957877373690783
4 mcg,435.42510000000004,0.9990493617392062,0.00041305331421256404
4 mcg,435.65840000000003,1.0010795872773997,-0.0004686058923170294
4 mcg,435.8917,0.996675111899333,0.0014463864262632552
4 mcg,436.12500000000006,1.0026236774975956,-0.0011379564959964048
4 mcg,436.35830000000004,1.001583093937638,-0.0006869853236627597
4 mcg,436.5916,1.0106439965487772,-0.004598200534357414
4 mcg,436.8249,1.022246421142787,-0.009555598775740356
4 mcg,437.05820000000006,1.006169639318272,-0.0026712085617110895
4 mcg,437.29150000000004,0.9984775538276814,0.0006616937961321381
4 mcg,437.5248,1.0009166502979114,-0.0003979138201564348
4 mcg,437.7581,1.00636634015824,-0.002756102536802198
4 mcg,437.99140000000006,1.0083119762775317,-0.003594925574894786
4 mcg,438.22470000000004,1.0012892190365217,-0.0005595401060981394
4 mcg,438.458,0.9976953730352003,0.0010020418840552385
4 mcg,438.6913,0.9916885972096342,0.003624680411245473
4 mcg,438.92460000000005,0.9884586262844782,0.0050415041473661215
4 mcg,439.15790000000004,0.9820522122634798,0.007865421688490215
4 mcg,439.3912,0.9813764210511455,0.008164380765530546
4 mcg,439.6245,0.9861136660781432,0.006073022477284536
4 mcg,439.85780000000005,0.982562104917781,0.007639989582899278
4 mcg,440.09110000000004,0.9800573343004177,0.008748516917765495
4 mcg,440.3244,0.9785721623009759,0.009407142889419726
4 mcg,440.5577,0.9791977135857914,0.009129609269422334
4 mcg,440.79100000000005,0.9748180891539758,0.011076420452779378
4 mcg,441.02430000000004,0.9760545855910094,0.010525893851676583
4 mcg,441.2576,0.9792809738202434,0.009092683199571535
4 mcg,441.4909,0.9776480670789613,0.009817454038950759
4 mcg,441.72420000000005,0.9788871688178511,0.009267364155784183
4 mcg,441.95750000000004,0.9804045355030552,0.008594688301851422
4 mcg,442.1908,0.982816534946499,0.007527545541961052
4 mcg,442.4241,0.983109058628351,0.007398302174656492
4 mcg,442.65740000000005,0.9756788598028792,0.010693104839318946
4 mcg,442.89070000000004,0.9806553819861167,0.008483583849589612
4 mcg,443.124,0.9829295671946808,0.007477600860231182
4 mcg,443.3573,0.9812217338683994,0.008232840821766228
4 mcg,443.59060000000005,0.9781682195601191,0.00958645140421018
4 mcg,443.82390000000004,0.9791590621039289,0.009146752341104517
4 mcg,444.0572,0.981635378111015,0.008049798038262609
4 mcg,444.2905,0.981561578118514,0.008082449810079068
4 mcg,444.52380000000005,0.9790753196158603,0.009183896924848665
4 mcg,444.75710000000004,0.9747182876927919,0.011120885613245922
4 mcg,444.9904,0.9742751948586862,0.01131835448921814
4 mcg,445.2237,0.9732967595778307,0.011754722530107954
4 mcg,445.45700000000005,0.9725552951217292,0.012085697268521203
4 mcg,445.69030000000004,0.973066373248819,0.01185753531994715
4 mcg,445.9236,0.9716987029223315,0.012468376990290304
4 mcg,446.1569,0.9768114851497566,0.010189242687416953
4 mcg,446.39020000000005,0.9776465766197034,0.009818116136843058
4 mcg,446.62350000000004,0.9748067813512842,0.011081458259165402
4 mcg,446.8568,0.9774859685083097,0.009889468042735997
4 mcg,447.0901,0.9772778676037646,0.009981936578520059
4 mcg,447.32340000000005,0.9701036562207626,0.01318185860020781
4 mcg,447.55670000000003,0.9690573012939002,0.013650541937907072
4 mcg,447.79,0.9739989927359578,0.011441492248121167
4 mcg,448.0233,0.9770345141202565,0.010090094390519874
4 mcg,448.25660000000005,0.9717723139848737,0.012435478245718045
4 mcg,448.48990000000003,0.9720814503238315,0.012297344184646088
4 mcg,448.7232,0.9710766442907823,0.012746491122963416
4 mcg,448.9565,0.9742619645963932,0.011324252072315454
4 mcg,449.18980000000005,0.978592194032468,0.00939825281289432
4 mcg,449.42310000000003,0.9768648383336401,0.010165522285956546
4 mcg,449.6564,0.9739118204610775,0.011480363060608326
4 mcg,449.8897,0.9755573921028466,0.010747175946157213
4 mcg,450.12300000000005,0.9770771726819113,0.010071132958519179
4 mcg,450.35630000000003,0.9812905386513285,0.008202388489839096
4 mcg,450.5896,0.9806911748007525,0.008467732880431646
4 mcg,450.82290000000006,0.9772679199144124,0.00998635727474621
4 mcg,451.05620000000005,0.9764213878492274,0.010362716224156692
4 mcg,451.28950000000003,0.9783663528210957,0.00949849161711267
4 mcg,451.5228,0.9794664708761626,0.009010426195735775
4 mcg,451.75610000000006,0.9803220484756107,0.008631229511790234
4 mcg,451.98940000000005,0.9794262217456522,0.009028272987803924
4 mcg,452.22270000000003,0.9800636131149344,0.00874573458486805
4 mcg,452.456,0.9817085064555875,0.00801744584893612
4 mcg,452.68930000000006,0.9817926682747425,0.00798021540146936
4 mcg,452.92260000000005,0.9807969852714385,0.008420877737967354
4 mcg,453.15590000000003,0.9818164044003311,0.007969715889617597
4 mcg,453.3892,0.9849040307983499,0.006606085162532781
4 mcg,453.62250000000006,0.9859740785370656,0.0061345026006707284
4 mcg,453.85580000000004,0.9835033327218247,0.0072241640819644005
4 mcg,454.08910000000003,0.9831001925016044,0.007402218858417081
4 mcg,454.3224,0.9800798439690376,0.00873854228437772
4 mcg,454.55570000000006,0.9803971820758547,0.008597945696852285
4 mcg,454.78900000000004,0.9853577340445099,0.006406070298287147
4 mcg,455.02230000000003,0.9864670280285532,0.005917426158941081
4 mcg,455.2556,0.9838148556045033,0.00708662388041741
4 mcg,455.48890000000006,0.9837700900437827,0.007106385605111057
4 mcg,455.72220000000004,0.9827796270315045,0.007543854999755722
4 mcg,455.95550000000003,0.9832037952962552,0.007356453684418083
4 mcg,456.1888,0.9859104726672617,0.006162520141824654
4 mcg,456.42210000000006,0.986518468041218,0.005894780160073975
4 mcg,456.65540000000004,0.9858130967827029,0.006205416428123575
4 mcg,456.88870000000003,0.9851174654562957,0.006511981118763002
4 mcg,457.122,0.9861429843140866,0.006060110620110394
4 mcg,457.35530000000006,0.9880588108640153,0.005217204730615942
4 mcg,457.58860000000004,0.9857226617059746,0.006245258926188405
4 mcg,457.8219,0.9866117221182537,0.005853728909321543
4 mcg,458.0552,0.986243278950441,0.006015943401972689
4 mcg,458.28850000000006,0.9834886923768246,0.007230628999936296
4 mcg,458.52180000000004,0.9818361896351355,0.007960964221094257
4 mcg,458.7551,0.9860984046895166,0.006079743799970969
4 mcg,458.9884,0.9891069882498456,0.004756729744074914
4 mcg,459.22170000000006,0.9867348609090713,0.005799528093418546
4 mcg,459.45500000000004,0.9813871979339606,0.008159611632158129
4 mcg,459.6883,0.9828874106922888,0.00749622755495806
4 mcg,459.9216,0.9867584952244819,0.00578912597806813
4 mcg,460.15490000000005,0.9894096089940683,0.0046238761500910636
4 mcg,460.38820000000004,0.9906317167927986,0.004087771439785586
4 mcg,460.6215,0.9862714856452661,0.006003522697057309
4 mcg,460.8548,0.9845539165661626,0.0067604958529259886
4 mcg,461.08810000000005,0.9879544255068144,0.005263089023121231
4 mcg,461.32140000000004,0.9857271704464093,0.006243272447953728
4 mcg,461.5547,0.9948274081653729,0.0022522581316872458
4 mcg,461.788,0.9947823365568178,0.0022719347048858174
4 mcg,462.02130000000005,0.9847229846876269,0.006685924976325231
4 mcg,462.25460000000004,0.9847632176199747,0.006668181322684614
4 mcg,462.4879,0.9912636690838704,0.003810810905848279
4 mcg,462.7212,0.9979718338265092,0.0008817158131719723
4 mcg,462.95450000000005,0.9961918074747111,0.001657034158700518
4 mcg,463.18780000000004,0.9919164549816539,0.0035249051325196273
4 mcg,463.4211,0.9894867293194256,0.004590026037668524
4 mcg,463.6544,0.989737518010399,0.004479966608734863
4 mcg,463.88770000000005,0.9924839037401196,0.003276527963871675
4 mcg,464.12100000000004,0.9948646080910042,0.0022360187114163835
4 mcg,464.3543,0.9918879348616662,0.0035373923825712723
4 mcg,464.5876,0.9898137927347403,0.004446498729699118
4 mcg,464.82090000000005,0.9903716232177109,0.004201811838210699
4 mcg,465.05420000000004,0.9927080965012,0.0031784360116353895
4 mcg,465.2875,0.9941030775216604,0.0025685817214844272
4 mcg,465.5208,0.9900485842468497,0.004343492925083255
4 mcg,465.75410000000005,0.9860969628372006,0.006080378816678607
4 mcg,465.98740000000004,0.9890748854212995,0.004770825597927202
4 mcg,466.2207,0.9898739694873495,0.0044200961503593015
4 mcg,466.454,0.9887010895310281,0.0049349872587945995
4 mcg,466.68730000000005,0.9902034693276873,0.004275556385436538
4 mcg,466.92060000000004,0.9896867951625811,0.004502224244727275
4 mcg,467.1539,0.98870559979775,0.004933006094313061
4 mcg,467.3872,0.9912546601163721,0.0038147579511941636
4 mcg,467.62050000000005,0.9910110294700086,0.003921512001800785
4 mcg,467.85380000000004,0.9909058945387853,0.003967588121314454
4 mcg,468.0871,0.9899038035567369,0.004407007033100731
4 mcg,468.3204,0.990573984806564,0.004113081969669341
4 mcg,468.55370000000005,0.9911227468900734,0.003872556416969299
4 mcg,468.78700000000003,0.9968318069737249,0.0013781129674197542
4 mcg,469.0203,0.9949000092333459,0.002220565103849111
4 mcg,469.2536,0.9939245259004708,0.0026465926946646332
4 mcg,469.48690000000005,0.9951004300273191,0.002133086082781293
4 mcg,469.72020000000003,0.9932779581185157,0.0029292018721857865
4 mcg,469.9535,0.9917443967572721,0.003600244561169424
4 mcg,470.1868,0.9928106511703478,0.003133572242913812
4 mcg,470.42010000000005,0.9971592364847552,0.001235483609482171
4 mcg,470.65340000000003,0.991295818604503,0.003796725720011999
4 mcg,470.8867,0.99325159642401,0.0029407282433207777
4 mcg,471.12000000000006,0.9939829749103942,0.0026210542000622123
4 mcg,471.35330000000005,0.9893212005108556,0.004662684174157618
4 mcg,471.58660000000003,0.9849853925532289,0.006570210091797176
4 mcg,471.8199,0.9848886762360444,0.006612855825920498
4 mcg,472.05320000000006,0.9845114813147231,0.006779214779743815
4 mcg,472.28650000000005,0.9845751809595092,0.006751116062943289
4 mcg,472.51980000000003,0.9769021713217693,0.010148925106600678
4 mcg,472.7531,0.9693975622300263,0.013498076743834051
4 mcg,472.98640000000006,0.9606004585706734,0.017457210373857068
4 mcg,473.21970000000005,0.9566149733120203,0.01926282566362233
4 mcg,473.45300000000003,0.959442729271015,0.017980943913287407
4 mcg,473.6863,0.9543559789834672,0.020289601321668318
4 mcg,473.91960000000006,0.9484811730142043,0.022971285267876517
4 mcg,474.15290000000005,0.9595301017376322,0.017941396318308288
4 mcg,474.38620000000003,0.9682306079291496,0.014021192460857751
4 mcg,474.6195,0.9781293808971486,0.009603695628208472
4 mcg,474.85280000000006,0.9830641239710576,0.007418152789937825
4 mcg,475.08610000000004,0.993045751174328,0.00303074241616452
4 mcg,475.31940000000003,0.9980583770038116,0.0008440558377182745
4 mcg,475.5527,0.999776099973965,9.724943328663506e-05
4 mcg,475.78600000000006,1.0038252358347817,-0.0016581095030695045
4 mcg,476.01930000000004,1.0096793802523125,-0.004183487155942275
4 mcg,476.25260000000003,1.0014898372425232,-0.0006465465882700254
4 mcg,476.4859,1.0136785380773283,-0.005900251571743274
4 mcg,476.71920000000006,1.016667948422159,-0.00717913216055282
4 mcg,476.95250000000004,1.0073983513626694,-0.0032012357864519884
4 mcg,477.18580000000003,1.0090691347637077,-0.003920922250597554
4 mcg,477.4191,1.023900054011102,-0.010257565907494541
4 mcg,477.65240000000006,1.030373619040348,-0.01299473078837594
4 mcg,477.88570000000004,1.0183740257862528,-0.007907313856951854
4 mcg,478.119,1.0111611289746336,-0.004820366123933907
4 mcg,478.3523,1.0155947088204622,-0.006720429562789342
4 mcg,478.58560000000006,1.0252675926462753,-0.010837230116213918
4 mcg,478.81890000000004,1.023803080308031,-0.010216431874480507
4 mcg,479.0522,1.0249767483970798,-0.010714013530914683
4 mcg,479.2855,1.0234255772064844,-0.010056266555223745
4 mcg,479.51880000000006,1.024958358209362,-0.010706221326155162
4 mcg,479.75210000000004,1.0187851151087102,-0.008082591107660438
4 mcg,479.9854,1.0175226423714692,-0.007544082120919757
4 mcg,480.2187,1.0245974056076177,-0.01055325186071852
4 mcg,480.45200000000006,1.0198594527263443,-0.008540325574563582
4 mcg,480.68530000000004,1.0137527506031443,-0.005932045586804911
4 mcg,480.9186,1.0214289335158253,-0.009208155740289405
4 mcg,481.1519,1.0178667728237791,-0.007690937515569474
4 mcg,481.38520000000005,1.01410735985629,-0.006083934607796486
4 mcg,481.61850000000004,1.0174385912013562,-0.007508206293119087
4 mcg,481.8518,1.0158693515275614,-0.006837857988172768
4 mcg,482.0851,1.0120159116484782,-0.005187340850427604
4 mcg,482.31840000000005,1.0151395756481703,-0.006525759260447138
4 mcg,482.55170000000004,1.0135032046271693,-0.005825126240370237
4 mcg,482.785,1.0168212691230845,-0.0072446218950693525
4 mcg,483.0183,1.0132040333714083,-0.005696909965193689
4 mcg,483.25160000000005,1.0084209660039245,-0.0036418664819531984
4 mcg,483.48490000000004,1.0083184477979676,-0.0035977129429532327
4 mcg,483.7182,1.0079067230957115,-0.0034203421102507515
4 mcg,483.9515,1.0118023161987904,-0.0050956692524282594
4 mcg,484.18480000000005,1.0130618699954703,-0.0056359695232730935
4 mcg,484.41810000000004,1.0062807997341996,-0.0027191862453903614
4 mcg,484.6514,1.0075465958951504,-0.003265140046101955
4 mcg,484.8847,1.001014537519054,-0.0004403846905676181
4 mcg,485.11800000000005,1.006041913919483,-0.0026160747604184673
4 mcg,485.35130000000004,1.0108702077191813,-0.0046953972428980025
4 mcg,485.5846,1.0109247025408574,-0.004718808915597197
4 mcg,485.8179,1.0080079100383708,-0.0034639401179760716
4 mcg,486.05120000000005,1.0072381953306806,-0.003132186228905791
4 mcg,486.28450000000004,1.0033886929220763,-0.001469202702080402
4 mcg,486.5178,1.0038823917677215,-0.0016828367152883117
4 mcg,486.7511,1.0028451428006724,-0.001233875373893433
4 mcg,486.98440000000005,1.0071979396287472,-0.0031148286875931036
4 mcg,487.21770000000004,1.011002423801283,-0.004752196780180669
4 mcg,487.451,1.0006080602194687,-0.0002639969430922059
4 mcg,487.6843,1.0066226918749586,-0.002866716290605661
4 mcg,487.91760000000005,1.0078174810284457,-0.0033818871099950635
4 mcg,488.15090000000004,1.0061220750859245,-0.002650677856843171
4 mcg,488.3842,1.00414378894081,-0.0017959063072979446
4 mcg,488.6175,0.9954155735592061,0.0019955688783951193
4 mcg,488.85080000000005,0.996376706711053,0.0015764339507676796
4 mcg,489.08410000000003,1.0032178752509036,-0.0013952617777778914
4 mcg,489.3174,0.9982760909602187,0.0007493302576182443
4 mcg,489.5507,0.9996769988412513,0.00014030028068953373
4 mcg,489.78400000000005,1.001923467169155,-0.0008345488211098773
4 mcg,490.01730000000003,0.9992002693019788,0.0003474575839333125
4 mcg,490.2506,0.9999207452825429,3.442125049766505e-05
4 mcg,490.48390000000006,0.9975802362844979,0.0010521635367394754
4 mcg,490.71720000000005,0.9954052441963113,0.002000075547470326
4 mcg,490.95050000000003,0.9978537471033707,0.0009331074906762182
4 mcg,491.1838,0.998397218028435,0.0006966377944464947
4 mcg,491.41710000000006,0.9961411431732758,0.0016791220597618542
4 mcg,491.65040000000005,0.9935613910574876,0.0028052931502539568
4 mcg,491.88370000000003,0.9937535313990132,0.0027213150254055485
4 mcg,492.117,0.9995594211164183,0.00019138314076434882
4 mcg,492.35030000000006,0.995438123610914,0.001985730523082798
4 mcg,492.58360000000005,0.9919030457211506,0.0035307761987542464
4 mcg,492.81690000000003,0.992373114629137,0.003325010145872084
4 mcg,493.0502,0.998540542712048,0.0006342972242552092
4 mcg,493.28350000000006,0.9915016872890887,0.0037065423969366144
4 mcg,493.51680000000005,0.9884164582413809,0.005060031720075139
4 mcg,493.75010000000003,0.9883375448273287,0.005094706404164325
4 mcg,493.9834,0.9958419938888773,0.0018095638110388224
4 mcg,494.21670000000006,0.992548937065881,0.0032480713923253727
4 mcg,494.45000000000005,0.9895270049862527,0.004572349050836977
4 mcg,494.68330000000003,0.990954087966813,0.003946466407323266
4 mcg,494.9166,0.9864300432960571,0.005933709081626791
4 mcg,495.14990000000006,0.9886844647710132,0.004942289872614021
4 mcg,495.38320000000004,0.9892117315707744,0.004710741758537143
4 mcg,495.61650000000003,0.9889943363396256,0.004806195463984298
4 mcg,495.8498,0.9952735191111297,0.0020575508958394755
4 mcg,496.08310000000006,0.9915089715131337,0.0037033517955208945
4 mcg,496.31640000000004,0.9895682258510933,0.004554257961673405
4 mcg,496.54970000000003,0.9911231106495905,0.003872397023269068
4 mcg,496.783,0.9880286936129121,0.005230442763785593
4 mcg,497.01630000000006,0.9828704528327737,0.007503720547812485
4 mcg,497.24960000000004,0.9824954973440029,0.007669431266158401
4 mcg,497.48290000000003,0.9828146911747604,0.007528360282672666
4 mcg,497.7162,0.9860793290184424,0.0060881451306875455
4 mcg,497.94950000000006,0.9821746661477074,0.007811272092167025
4 mcg,498.18280000000004,0.9798992396430023,0.008818579324653096
4 mcg,498.41610000000003,0.9784992559473252,0.009439500244195414
4 mcg,498.6494,0.9850385474211809,0.0065467739645755476
4 mcg,498.88270000000006,0.9802401954132175,0.008667492918836549
4 mcg,499.11600000000004,0.975690388904267,0.010687973032391683
4 mcg,499.3493,0.9768921503044062,0.010153380102191242
4 mcg,499.5826,0.9801151676572711,0.00872288987960067
4 mcg,499.81590000000006,0.9791582931290753,0.009147093410987532
4 mcg,500.04920000000004,0.9818939702356718,0.007935406945971628
4 mcg,500.2825,0.9815212285456189,0.008100302950862006
4 mcg,500.5158,0.978934143870314,0.0092465236368426
4 mcg,500.74910000000006,0.9783155464652397,0.009521045022453533
4 mcg,500.98240000000004,0.9827060852894562,0.00757635462320837
4 mcg,501.2157,0.9810335221364299,0.008316152426231882
4 mcg,501.449,0.9798292792792793,0.008849587088877958
4 mcg,501.68230000000005,0.9793390158800862,0.009066943294487368
4 mcg,501.91560000000004,0.9825684429096982,0.007637188186402664
4 mcg,502.1489,0.9828411222548029,0.007516680850154036
4 mcg,502.3822,0.9845409447803634,0.006766217847435984
4 mcg,502.61550000000005,0.9813288436008916,0.008185436014614043
4 mcg,502.84880000000004,0.9786692922058802,0.009364038364257317
4 mcg,503.0821,0.9777836186368333,0.009757242992846213
4 mcg,503.3154,0.9795036241423462,0.008993952786028114
4 mcg,503.54870000000005,0.9794845497626068,0.009002410109024892
4 mcg,503.78200000000004,0.9821529418934568,0.007820878151468202
4 mcg,504.0153,0.9835174129353235,0.007217946598961077
4 mcg,504.2486,0.9796626145232248,0.008923465000070865
4 mcg,504.48190000000005,0.9804808937275026,0.008560864851436768
4 mcg,504.71520000000004,0.9827547013142582,0.007554869919517722
4 mcg,504.9485,0.9808973199204659,0.008376452075580553
4 mcg,505.1818,0.9814115184006938,0.008148849199502943
4 mcg,505.41510000000005,0.979561636755595,0.008968231787013923
4 mcg,505.64840000000004,0.9800849583722138,0.008736275988120386
4 mcg,505.8817,0.9846712745091322,0.006708731425647168
4 mcg,506.115,0.9824411095828229,0.007693473064236045
4 mcg,506.34830000000005,0.9805006605621612,0.008552109412408328
4 mcg,506.58160000000004,0.9815548540398403,0.008085424906426915
4 mcg,506.8149,0.9818792023026504,0.00794193889366309
4 mcg,507.0482,0.980651150454214,0.008485457836062329
4 mcg,507.28150000000005,0.9775118164867092,0.009877984004775396
4 mcg,507.51480000000004,0.978466281416128,0.00945413581816975
4 mcg,507.7481,0.9794675321394035,0.009009955632900394
4 mcg,507.9814,0.9756139144782069,0.010722014284905747
4 mcg,508.21470000000005,0.9779126995078423,0.009699913938677843
4 mcg,508.44800000000004,0.9804910384331117,0.008556371375936832
4 mcg,508.6813,0.9756265668487608,0.010716382119350321
4 mcg,508.9146,0.9744381381651263,0.011245726691362304
4 mcg,509.14790000000005,0.9720101605374123,0.012329195318305472
4 mcg,509.38120000000004,0.974375101237996,0.011273822343695566
4 mcg,509.6145,0.9750407743294567,0.010977222561952878
4 mcg,509.8478,0.9768201630243605,0.010185384485121069
4 mcg,510.08110000000005,0.9735882064202148,0.01162469558083089
4 mcg,510.31440000000003,0.9687073599038691,0.013807400631199842
4 mcg,510.5477,0.9681109942147937,0.014074847844921457
4 mcg,510.78100000000006,0.9737811717705355,0.011538626868797497
4 mcg,511.01430000000005,0.9726310611384399,0.012051865278199068
4 mcg,511.24760000000003,0.9729974633596394,0.011888291951943242
4 mcg,511.4809,0.9723011353613187,0.012199207119805286
4 mcg,511.71420000000006,0.9742599815615915,0.011325136046009975
4 mcg,511.94750000000005,0.9704021014918609,0.013048271637226718
4 mcg,512.1808,0.9716196259976437,0.012503721351062968
4 mcg,512.4141,0.9715796977473625,0.012521568844688274
4 mcg,512.6474000000001,0.9723794343223519,0.01216423499403414
4 mcg,512.8807,0.9715723720287056,0.012524843440885015
4 mcg,513.114,0.9701581395348837,0.013157468280575063
4 mcg,513.3473,0.9718282966046946,0.012410459790028179
4 mcg,513.5806,0.9718031182772491,0.012421711726573383
4 mcg,513.8139,0.9714784882281837,0.012566811685126548
4 mcg,514.0472,0.971932615139903,0.012363844011337492
4 mcg,514.2805,0.9670630599445673,0.014545205655336124
4 mcg,514.5138000000001,0.9650445246690733,0.0154526489650108
4 mcg,514.7471,0.9681013185052906,0.014079188388794826
4 mcg,514.9804,0.9731771957157241,0.011808076365613438
4 mcg,515.2137,0.9698886722221006,0.013278112965062445
4 mcg,515.447,0.9673913995765496,0.014397777949268836
4 mcg,515.6803,0.9725959677616914,0.012067535284474351
4 mcg,515.9136,0.976918053471139,0.010141864549293842
4 mcg,516.1469,0.9712901396835215,0.01265102010058311
4 mcg,516.3802000000001,0.9667085344086732,0.014704447301151198
4 mcg,516.6135,0.9646524089053456,0.015629146851114193
4 mcg,516.8468,0.9702027576222488,0.013137495306302545
4 mcg,517.0801,0.972170013715584,0.012257778734317541
4 mcg,517.3134,0.9673250119283359,0.014427582616377294
4 mcg,517.5467,0.9691873667509544,0.013592255477687762
4 mcg,517.78,0.9732900630360494,0.01175771060247101
4 mcg,518.0133,0.971902471140106,0.012377313644505252
4 mcg,518.2466000000001,0.9722455226848136,0.012224048157624243
4 mcg,518.4799,0.970388097024256,0.013054539252353342
4 mcg,518.7132,0.9713545666741963,0.012622213714675926
4 mcg,518.9465,0.9714871531682477,0.012562938085330778
4 mcg,519.1798,0.9653055854203163,0.015335180901777112
4 mcg,519.4131,0.9684632458348138,0.013916856549426971
4 mcg,519.6464,0.974899005692291,0.011040372550036898
4 mcg,519.8797,0.9710508681084374,0.012758019154656606
4 mcg,520.113,0.9678987375139085,0.014170076616554199
4 mcg,520.3463,0.9680306256971911,0.01411090264935792
4 mcg,520.5796,0.9716689605954021,0.01248167033535095
4 mcg,520.8129,0.9662841030330743,0.014895165262266074
4 mcg,521.0462,0.9682534340011374,0.01401095407325049
4 mcg,521.2795,0.9697183404495616,0.013354390426025792
4 mcg,521.5128,0.9696268822901548,0.013395352471894799
4 mcg,521.7461,0.9650659660250076,0.01544299991889446
4 mcg,521.9794,0.9659009040146854,0.015067427463589375
4 mcg,522.2127,0.9654777197449291,0.015257743949299261
4 mcg,522.446,0.9707545901215412,0.012890547256554348
4 mcg,522.6793,0.9723059838772866,0.012197041454865085
4 mcg,522.9126,0.9654044763755449,0.015290691781371796
4 mcg,523.1459,0.9703587048890207,0.013067693819587412
4 mcg,523.3792,0.9697854273881388,0.013324346156221726
4 mcg,523.6125,0.964387834811291,0.01574827663101095
4 mcg,523.8458,0.9667576110550852,0.014682400143220233
4 mcg,524.0791,0.9666758000161791,0.01471915349875181
4 mcg,524.3124,0.9691859962088141,0.013592869620349992
4 mcg,524.5457,0.9735075542329823,0.011660674088510238
4 mcg,524.779,0.9744558910222347,0.01123781454450878
4 mcg,525.0123,0.9644298028362437,0.015729377507215665
4 mcg,525.2456,0.9614439553138675,0.017076026669730866
4 mcg,525.4789,0.9663416931776617,0.014869282256810225
4 mcg,525.7122,0.9744393202014651,0.01124519987336546
4 mcg,525.9455,0.9727984630040946,0.011977124244621289
4 mcg,526.1788,0.9713476759628155,0.012625294575822234
4 mcg,526.4121,0.9710655388871156,0.012751457819607584
4 mcg,526.6454,0.9697071290021313,0.013359411572576549
4 mcg,526.8787,0.9689608205325038,0.013693783083949022
4 mcg,527.112,0.9715153025273351,0.012550354353091256
4 mcg,527.3453,0.9696399720272977,0.01338948963708365
4 mcg,527.5786,0.9704833866905364,0.01301189472217352
4 mcg,527.8119,0.9700985893885199,0.01318412691763575
4 mcg,528.0452,0.9720677724388842,0.0123034550632631
4 mcg,528.2785,0.9740678701143818,0.011410781736115235
4 mcg,528.5118,0.9707419221310478,0.012896214676849397
4 mcg,528.7451,0.9765944984321322,0.010285726608619409
4 mcg,528.9784,0.9774256452273657,0.00991627034711488
4 mcg,529.2117,0.9687770030023676,0.0137761791008767
4 mcg,529.445,0.9656043985807535,0.015200764581172666
4 mcg,529.6783,0.9717088647341017,0.01246383525766416
4 mcg,529.9116,0.9774475856768615,0.009906521770075453
4 mcg,530.1449,0.9729967201937642,0.011888623661915967
4 mcg,530.3782,0.9708137902230869,0.012864063226738397
4 mcg,530.6115,0.9738146679580254,0.011523688236154765
4 mcg,530.8448,0.9709716792166392,0.012793437176761907
4 mcg,531.0781000000001,0.9742005321019133,0.011351637555398919
4 mcg,531.3114,0.9799654287944685,0.008789245071408497
4 mcg,531.5447,0.9735885486018643,0.011624542941783831
4 mcg,531.778,0.9675917255704621,0.014307854194463785
4 mcg,532.0113,0.9747273847045611,0.01111683237691403
4 mcg,532.2446,0.9802946732573773,0.008643357232714612
4 mcg,532.4779,0.9721039516239302,0.012287291449491172
4 mcg,532.7112,0.9647324516446246,0.015593112443758769
4 mcg,532.9445000000001,0.9690625515992624,0.013648188957885032
4 mcg,533.1778,0.9747608604226471,0.011101917365571683
4 mcg,533.4111,0.9675864587722995,0.014310218153914988
4 mcg,533.6444,0.9587228496716704,0.01830692177019436
4 mcg,533.8777,0.9633794111036188,0.016202639461936105
4 mcg,534.111,0.9692338633151197,0.013571420789194747
4 mcg,534.3443,0.9652524670053058,0.015359079726786143
4 mcg,534.5776,0.9673665389527458,0.014408938861463843
4 mcg,534.8109000000001,0.9627090234717857,0.016504957523528423
4 mcg,535.0442,0.9608094675762701,0.017362726154824485
4 mcg,535.2775,0.964838819157462,0.01554523152365509
4 mcg,535.5108,0.9697786753896126,0.013327369882735893
4 mcg,535.7441,0.9678187523390045,0.01420596730855523
4 mcg,535.9774,0.959235759810226,0.018074639335009517
4 mcg,536.2107,0.9586055297956381,0.018360070073205628
4 mcg,536.444,0.9645827743493427,0.015660498034938217
4 mcg,536.6773000000001,0.9689700751534589,0.013689635123026475
4 mcg,536.9106,0.9667680756412157,0.014677699184714016
4 mcg,537.1439,0.9573294797354402,0.01893856733846884
4 mcg,537.3772,0.9599015026930139,0.017773328451616346
4 mcg,537.6105,0.9674414650519904,0.014375302457850306
4 mcg,537.8438,0.9713616145874838,0.012619062590616481
4 mcg,538.0771,0.9746678902679153,0.011143341218788171
4 mcg,538.3104,0.970816833225063,0.012862701939013876
4 mcg,538.5437000000001,0.9620121514419889,0.016819442233628544
4 mcg,538.777,0.9635507053500133,0.016125426338791007
4 mcg,539.0103,0.9620409008849033,0.016806463667989352
4 mcg,539.2436,0.9648816914240798,0.01552593423296479
4 mcg,539.4769,0.9739917040946348,0.011444742178125796
4 mcg,539.7102,0.9710924460723726,0.0127394241517269
4 mcg,539.9435,0.9636985379250922,0.016058799905336946
4 mcg,540.1768,0.9622671444265833,0.016704342469244692
4 mcg,540.4101,0.9641170796787247,0.015870223388739793
4 mcg,540.6434,0.9668234164197632,0.014652839544140855
4 mcg,540.8767,0.9663665464368673,0.014858112817875123
4 mcg,541.11,0.9655213863568066,0.015238102129139829
4 mcg,541.3433,0.9663356265550813,0.014872008734410563
4 mcg,541.5766,0.9627194463971077,0.016500255589363078
4 mcg,541.8099,0.958643697019415,0.018342778826510895
4 mcg,542.0432,0.9625986286000777,0.016554761391096417
4 mcg,542.2765,0.963893981408975,0.015970731471771506
4 mcg,542.5098,0.9609313540061692,0.017307635891454322
4 mcg,542.7431,0.960785220681425,0.017373686106680507
4 mcg,542.9764,0.963028612170247,0.016360809528572336
4 mcg,543.2097,0.9594460414476602,0.017979444649690642
4 mcg,543.443,0.9548938675591088,0.02004489574069545
4 mcg,543.6763,0.9612364885973133,0.017169751709493072
4 mcg,543.9096,0.9662165520148214,0.014925526995297854
4 mcg,544.1429,0.9625012964726515,0.01659867683188845
4 mcg,544.3762,0.9608409507548242,0.017348495709380667
4 mcg,544.6095,0.9655005680182018,0.015247466382672336
4 mcg,544.8428,0.9684959369002034,0.013902196922694364
4 mcg,545.0761,0.9652389997740933,0.01536513905862243
4 mcg,545.3094,0.9605018897023122,0.017501776365557387
4 mcg,545.5427,0.9568291315461881,0.0191656106579627
4 mcg,545.776,0.9573108048473074,0.018947039322404248
4 mcg,546.0093,0.9674623612356896,0.014365922046120805
4 mcg,546.2426,0.971384658195573,0.012608759946388642
4 mcg,546.4759,0.9647931167826761,0.015565803622212746
4 mcg,546.7092,0.9583179250128403,0.018490388444303816
4 mcg,546.9425,0.9578943308908598,0.018682397019734395
4 mcg,547.1758,0.9712121656738364,0.012685886141218338
4 mcg,547.4091,0.9668054973030442,0.01466088883783587
4 mcg,547.6424,0.9684505222353827,0.013922562316110058
4 mcg,547.8757,0.9715732646298172,0.012524444446872434
4 mcg,548.109,0.971613123561265,0.012506627819409474
4 mcg,548.3423,0.9670455215809655,0.014553081960324232
4 mcg,548.5756,0.9727140879642936,0.012014794126730927
4 mcg,548.8089,0.9777975245531183,0.009751066554983197
4 mcg,549.0422,0.9838387096774194,0.007076093884261931
4 mcg,549.2755,0.9862658826709922,0.006005989916029667
4 mcg,549.5088,0.9787644307241171,0.009321821728224863
4 mcg,549.7421,0.9700323423269751,0.013213785465738943
4 mcg,549.9754,0.9784502568261692,0.00946124842707059
4 mcg,550.2087,0.9802291836181177,0.008672371711536788
4 mcg,550.442,0.9750546364897323,0.010971048238705228
4 mcg,550.6753,0.9797722400035448,0.008874869619501149
4 mcg,550.9086,0.9766755047929839,0.010249704332662627
4 mcg,551.1419,0.9791283675079673,0.009160366781405666
4 mcg,551.3752000000001,0.982487128958039,0.007673130376570791
4 mcg,551.6085,0.9787905635108686,0.009310226319547192
4 mcg,551.8418,0.9752798223371967,0.010870760853689359
4 mcg,552.0751,0.9740792166784947,0.011405722826327286
4 mcg,552.3084,0.9772217619442143,0.01000687020141213
4 mcg,552.5417,0.9811711027670589,0.008255251021721349
4 mcg,552.775,0.9778408835732623,0.009731808819898742
4 mcg,553.0083,0.978178274004627,0.009581987379271075
4 mcg,553.2416000000001,0.9821418473878759,0.00782578401649373
4 mcg,553.4749,0.978608528062174,0.009391003910021302
4 mcg,553.7082,0.9747114226300203,0.01112394441435462
4 mcg,553.9415,0.9788949855045095,0.009263896207243506
4 mcg,554.1748,0.9872191680701642,0.0055864208692973875
4 mcg,554.4081,0.9852222233967955,0.006465800456824488
4 mcg,554.6414,0.981489486576627,0.008114348072340854
4 mcg,554.8747,0.9881083757781552,0.005195419358551249
4 mcg,555.1080000000001,0.9875570812540395,0.005437792554973713
4 mcg,555.3413,0.9848722480324822,0.006620100033140674
4 mcg,555.5746,0.9846248970953506,0.006729186911403365
4 mcg,555.8079,0.9728760123173286,0.011942504641745339
4 mcg,556.0412,0.9711720031763688,0.012703845874737437
4 mcg,556.2745,0.986925015416092,0.005715842900894452
4 mcg,556.5078,0.9818027663371044,0.007975748562033492
4 mcg,556.7411,0.982200595561329,0.00779980686810827
4 mcg,556.9744000000001,0.9882246978973441,0.005144296341668869
4 mcg,557.2077,0.9865359477124184,0.005887085162219495
4 mcg,557.441,0.9837203586351347,0.00712834055424149
4 mcg,557.6743,0.9848526067382838,0.006628761248606811
4 mcg,557.9076,0.9890058126801878,0.004801155917975031
4 mcg,558.1409,0.9873710702646892,0.005519601654130026
4 mcg,558.3742,0.9726020143397265,0.012064835306889355
4 mcg,558.6075,0.9880651176133106,0.0052144326510127756
4 mcg,558.8408000000001,1.0000290274708725,-1.2606287460107991e-05
4 mcg,559.0741,0.9875170833019468,0.005455382669001247
4 mcg,559.3074,0.9710173504364112,0.012773009915402974
4 mcg,559.5407,0.974201755321039,0.011351092249822234
4 mcg,559.774,0.9867080776708835,0.005811316437865447
4 mcg,560.0073,0.988938013042644,0.004830929269562629
4 mcg,560.2406,0.982723087831442,0.007568840630576205
4 mcg,560.4739,0.9780624150025051,0.009633429848126691
4 mcg,560.7072000000001,0.9784930541394325,0.009442252846678052
4 mcg,560.9405,0.9833875013946926,0.007275315783310099
4 mcg,561.1738,0.9861853861399006,0.006041437381665605
4 mcg,561.4071,0.9800925876121936,0.00873289533841222
4 mcg,561.6404,0.9756342568298404,0.010712958982567895
4 mcg,561.8737,0.9754574242862395,0.010791681473018098
4 mcg,562.107,0.9899367109219798,0.004392570024628835
4 mcg,562.3403,0.9928111969251966,0.0031333335083133496
4 mcg,562.5736,0.9902097548099695,0.004272799637260953
4 mcg,562.8069,0.9819446090632531,0.007913009826752875
4 mcg,563.0402,0.976221316748874,0.010451713330459075
4 mcg,563.2735,0.9795827823350858,0.00895885686967721
4 mcg,563.5068,0.9913834023603245,0.0037583562838670245
4 mcg,563.7401,1.000089840369003,-3.901542395637842e-05
4 mcg,563.9734,0.9829508549306378,0.007468195256355536
4 mcg,564.2067,0.9860166630754867,0.006115745686996346
4 mcg,564.44,0.9849247781736505,0.006596936681643123
4 mcg,564.6733,0.984603825136612,0.006738481347646435
4 mcg,564.9066,0.9851713462922966,0.006488228103852884
4 mcg,565.1399,0.9813397557889908,0.008180606770310132
4 mcg,565.3732,0.981798766613275,0.007977517819145062
4 mcg,565.6065,0.9891706257733334,0.004728788847300498
4 mcg,565.8398,0.9805098798583547,0.008548025916291042
4 mcg,566.0731,0.9834549409105032,0.007245533418479742
4 mcg,566.3064,0.9822245981681456,0.007789193891115793
4 mcg,566.5397,0.9722834234596512,0.012207118507482928
4 mcg,566.773,0.9684856140350878,0.013906825942888194
4 mcg,567.0063,0.9735878169155491,0.011624869329608586
4 mcg,567.2396,0.98770497358574,0.005372759337192817
4 mcg,567.4729,0.9981428915775348,0.0008072817772986163
4 mcg,567.7062,0.9739496652885462,0.011463487322923122
4 mcg,567.9395,0.9673628451725472,0.014410597169205255
4 mcg,568.1728,0.9694386049316864,0.013479689817534685
4 mcg,568.4061,0.9786258628397239,0.009383311016139907
4 mcg,568.6394,0.9857041198899663,0.006253428246451534
4 mcg,568.8727,0.9751298739864239,0.010937538353372788
4 mcg,569.106,0.9679721876297219,0.014137120927624834
4 mcg,569.3393,0.9700860824688744,0.013189726061126067
4 mcg,569.5726,0.9695435922393768,0.01343265956783885
4 mcg,569.8059,0.969284943958047,0.013548533168731869
4 mcg,570.0392,0.9696244325216675,0.013396449721052599
4 mcg,570.2725,0.9649504273504274,0.015494997206636458
4 mcg,570.5058,0.9622502971642045,0.0167119461135956
4 mcg,570.7391,0.9614371467853029,0.017079102165540018
4 mcg,570.9724,0.9686639538826721,0.013826861015852227
4 mcg,571.2057,0.9721305411614592,0.012275412543455077
4 mcg,571.439,0.9636008168457701,0.016102840521493963
4 mcg,571.6723000000001,0.9638148040657972,0.016006407278731864
4 mcg,571.9056,0.9566046639014556,0.01926750606730717
4 mcg,572.1389,0.9603985722784057,0.01754849423357647
4 mcg,572.3722,0.9760741409883237,0.010517192784959363
4 mcg,572.6055,0.963434921261137,0.016177616028488013
4 mcg,572.8388,0.9496873496873496,0.022419346978321573
4 mcg,573.0721,0.9585237863289494,0.018397105380357263
4 mcg,573.3054,0.9623544303797469,0.01666494998988272
4 mcg,573.5387000000001,0.9619130490831158,0.016864183689926853
4 mcg,573.772,0.9572780503042416,0.01896189903212607
4 mcg,574.0053,0.9542415704577867,0.020341667815686207
4 mcg,574.2386,0.9584678144491875,0.018422466241113662
4 mcg,574.4719,0.955019787706401,0.019987629879426896
4 mcg,574.7052,0.951934332751417,0.02139300950138556
4 mcg,574.9385,0.9469933347314289,0.02365307770163443
4 mcg,575.1718,0.9527406370530616,0.02102531051294038
4 mcg,575.4051000000001,0.947572201385097,0.023387688517173388
4 mcg,575.6384,0.946268427291458,0.02398565011477851
4 mcg,575.8717,0.9407713402182158,0.026515921470604387
4 mcg,576.105,0.950959848153015,0.021837819649032218
4 mcg,576.3383,0.9591558613775395,0.01811081489798143
4 mcg,576.5716,0.9540527437598788,0.02042761513795622
4 mcg,576.8049,0.9532352357460804,0.02079991260416126
4 mcg,577.0382,0.9454512093411176,0.02436087830562721
4 mcg,577.2715000000001,0.9531344631641359,0.020845827073250264
4 mcg,577.5048,0.9579094786077864,0.018675529333343793
4 mcg,577.7381,0.9491304617659518,0.022674087961660844
4 mcg,577.9714,0.9414023098114007,0.02622474044931036
4 mcg,578.2047,0.9516040921338272,0.021543699056672177
4 mcg,578.438,0.96300208007908,0.01637277480081262
4 mcg,578.6713,0.9657748040287135,0.015124129039247683
4 mcg,578.9046,0.9616417783351524,0.0169866770943716
4 mcg,579.1379000000001,0.9662854931032449,0.014894540498422407
4 mcg,579.3712,0.9707576442466078,0.01288918090960067
4 mcg,579.6045,0.9724935745731226,0.012113259448687
4 mcg,579.8378,0.966425551192993,0.01483159631873293
4 mcg,580.0711,0.96208844351381,0.01678500201162657
4 mcg,580.3044,0.9631771179087071,0.016293843449233236
4 mcg,580.5377,0.9645677827142856,0.01566724793256162
4 mcg,580.771,0.9648296142535895,0.015549374866510342
4 mcg,581.0043000000001,0.9584032873495744,0.018451705310219033
4 mcg,581.2376,0.9583243677100944,0.018487468725922687
4 mcg,581.4709,0.9579427492156678,0.018660445454530945
4 mcg,581.7042,0.9600286062481301,0.017715825970207415
4 mcg,581.9375,0.9595977969048988,0.017910757779179783
4 mcg,582.1708,0.9614495915448574,0.01707348073158295
4 mcg,582.4041,0.9630768709015549,0.01633904696063486
4 mcg,582.6374,0.9624702020824126,0.01661270729635007
4 mcg,582.8707,0.9612992208429916,0.017141409694297845
4 mcg,583.104,0.9562394412305163,0.019433347279517597
4 mcg,583.3373,0.9527872330809539,0.021004070836404057
4 mcg,583.5706,0.9593084832966343,0.01804171498731152
4 mcg,583.8039,0.9640281840636895,0.01591026899715792
4 mcg,584.0372,0.9644760264140108,0.015708562966186765
4 mcg,584.2705000000001,0.9645844241854772,0.015659755212097566
4 mcg,584.5038000000001,0.9602140339116813,0.017631950933127655
4 mcg,584.7371,0.9608086884829131,0.017363078312140172
4 mcg,584.9704,0.9613082811412664,0.017137316464097573
4 mcg,585.2037,0.9620044578321832,0.01682291548044818
4 mcg,585.437,0.9632923964548237,0.016241867712117497
4 mcg,585.6703,0.9665117514904359,0.014792861163184212
4 mcg,585.9036,0.9683019351349043,0.013989200215755776
4 mcg,586.1369000000001,0.9693079899138695,0.01353820739969652
4 mcg,586.3702000000001,0.9689859421330697,0.01368252356669794
4 mcg,586.6035,0.9656587284144057,0.015176329643608467
4 mcg,586.8368,0.9630047227311204,0.01637158301976899
4 mcg,587.0701,0.9634399616638458,0.016175343935886217
4 mcg,587.3034,0.9698965072074065,0.013274604647832023
4 mcg,587.5367,0.9719127487202209,0.012372721133565238
4 mcg,587.77,0.9716091543425973,0.012508401996027789
4 mcg,588.0033000000001,0.9723615513593834,0.012172222147279409
4 mcg,588.2366000000001,0.9763521235077228,0.010393524836774349
4 mcg,588.4699,0.9725368632307917,0.012093928105801666
4 mcg,588.7032,0.967976702036434,0.01413509547960334
4 mcg,588.9365,0.9732476677398769,0.011776628338200614
4 mcg,589.1698,0.9797305264576429,0.008893359986668382
4 mcg,589.4031,0.97628347718836,0.010424060711162707
4 mcg,589.6364,0.9655504074892485,0.015225048530905734
4 mcg,589.8697000000001,0.9678767057925374,0.01417996232416747
4 mcg,590.1030000000001,0.9718889767742863,0.01238334364182687
4 mcg,590.3363,0.9703612131317992,0.013066571229987646
4 mcg,590.5696,0.9655480535845976,0.01522610729390659
4 mcg,590.8029,0.9688602515515221,0.013738861088476247
4 mcg,591.0362,0.9684306206096014,0.013931487144863726
4 mcg,591.2695,0.9654756518262627,0.015258674148525272
4 mcg,591.5028000000001,0.9668275814106301,0.014650968645459875
4 mcg,591.7361000000001,0.9755386592884686,0.010755515420689329
4 mcg,591.9694000000001,0.9727111761707719,0.012016094177555031
4 mcg,592.2027,0.9652119030477561,0.015377330986124435
4 mcg,592.436,0.9655655467981954,0.015218239081352988
4 mcg,592.6693,0.9748897982207245,0.011044474280527529
4 mcg,592.9026,0.9752307321315045,0.010892621392104064
4 mcg,593.1359,0.9678596766499834,0.01418760351199656
4 mcg,593.3692000000001,0.9642047170654741,0.01583074819993664
4 mcg,593.6025000000001,0.9688269328601435,0.013753796547540833
4 mcg,593.8358000000001,0.9690687504725392,0.01364541088350456
4 mcg,594.0691,0.9673190754574787,0.014430247888560475
4 mcg,594.3024,0.9626822937571915,0.016517015921681526
4 mcg,594.5357,0.9664340971406189,0.014827755938600019
4 mcg,594.769,0.9734325705398802,0.011694126585326873
4 mcg,595.0023,0.9739767384310813,0.0114514152894119
4 mcg,595.2356000000001,0.973686192883338,0.011580988355709703
4 mcg,595.4689000000001,0.9724415166633208,0.012136508001375059
4 mcg,595.7022000000001,0.96386837166631,0.015982270414738483
4 mcg,595.9355,0.967230179344465,0.014470161156497047
4 mcg,596.1688,0.9712016718913271,0.01269057864469003
4 mcg,596.4021,0.9663069098126783,0.014884914921178265
4 mcg,596.6354,0.964448410042878,0.015720998536359766
4 mcg,596.8687,0.9736645439713699,0.011590644554595096
4 mcg,597.1020000000001,0.97671701791638,0.010231245246523413
4 mcg,597.3353000000001,0.9729044554916026,0.011929807717461957
4 mcg,597.5686000000001,0.9643231114435304,0.01577742459798208
4 mcg,597.8019,0.9679513418610485,0.014146473778776597
4 mcg,598.0352,0.9680777384625833,0.014089766627821302
4 mcg,598.2685,0.9684669081778511,0.013915214223431236
4 mcg,598.5018,0.9640845123504714,0.015884893857855215
4 mcg,598.7351,0.964338752362949,0.015770380579408393
4 mcg,598.9684000000001,0.9648257231736502,0.015551126344625101
4 mcg,599.2017000000001,0.9676967204792365,0.014260730769894748
4 mcg,599.4350000000001,0.9651838387218626,0.015389958637140213
4 mcg,599.6683,0.9681171823065109,0.014072071876552782
4 mcg,599.9016,0.9709771679691992,0.012790982184239519
4 mcg,600.1349,0.9694191667306068,0.013488397937945247
4 mcg,600.3682,0.9660518451027381,0.014999565677842198
4 mcg,600.6015,0.96900953552753,0.013671949258200205
4 mcg,600.8348000000001,0.9701090366712956,0.013179449895239326
4 mcg,601.0681000000001,0.9706804038526092,0.012923737847375905
4 mcg,601.3014000000001,0.9672662009638965,0.014453987447712298
4 mcg,601.5347,0.964083344280706,0.015885420042597766
4 mcg,601.768,0.9625875802335473,0.016559746098130206
4 mcg,602.0013,0.9680192332683561,0.014116013746012426
4 mcg,602.2346,0.969938189500039,0.013255940800116682
4 mcg,602.4679,0.9679988538084817,0.01412515693225334
4 mcg,602.7012000000001,0.9661074375648944,0.014974574467466206
4 mcg,602.9345000000001,0.9701057702377214,0.013180912201445545
4 mcg,603.1678,0.9683281387796332,0.013977447740705935
4 mcg,603.4011,0.9648614711495035,0.01553503549974648
4 mcg,603.6344,0.967889133627019,0.014174385885295016
4 mcg,603.8677,0.9681939623435363,0.014037629946587075
4 mcg,604.101,0.9631342294709332,0.016313182183743693
4 mcg,604.3343,0.9653163273081764,0.015330348114381345
4 mcg,604.5676000000001,0.9693256103262204,0.013530312717738925
4 mcg,604.8009000000001,0.9680352332537624,0.014108835533319779
4 mcg,605.0342,0.9664032791220415,0.014841605107264557
4 mcg,605.2675,0.9647369396563138,0.015591092076169507
4 mcg,605.5008,0.9573684889967304,0.018920871067620425
4 mcg,605.7341,0.958944668143877,0.01820645123711372
4 mcg,605.9674,0.9677200195947738,0.01425027444066904
4 mcg,606.2007,0.9672540841991917,0.014459427808395249
4 mcg,606.4340000000001,0.96517039330996,0.015396008581859607
4 mcg,606.6673000000001,0.9690410715869776,0.013657815533776289
4 mcg,606.9006,0.9671948205458845,0.014486037844518376
4 mcg,607.1339,0.9639039570757881,0.01596623683365222
4 mcg,607.3672,0.9589587326025538,0.018200081660009863
4 mcg,607.6005,0.9594100607999656,0.01799573164143807
4 mcg,607.8338,0.9642514421262603,0.015809702934299327
4 mcg,608.0671,0.9611445637258859,0.01721128610184756
4 mcg,608.3004000000001,0.9589242855491857,0.018215682366680294
4 mcg,608.5337000000001,0.9638305990080123,0.01599929014377002
4 mcg,608.767,0.9582921975272736,0.01850204788915819
4 mcg,609.0003,0.9619919822308901,0.016828547595650983
4 mcg,609.2336,0.9611938275720934,0.01718902673620539
4 mcg,609.4669,0.9569658154303472,0.019103575739488166
4 mcg,609.7002,0.9539796466072734,0.020460890977711522
4 mcg,609.9335000000001,0.9549201095671126,0.020032960798960452
4 mcg,610.1668000000001,0.9565799143595544,0.019278742400277937
4 mcg,610.4001000000001,0.9624270431336561,0.016632182302966054
4 mcg,610.6334,0.957181890104154,0.019005526839039576
4 mcg,610.8667,0.9576990144151643,0.01877095951982993
4 mcg,611.1,0.9584624885399408,0.0184248794879525
4 mcg,611.3333,0.9587018286520602,0.018316444243670647
4 mcg,611.5666,0.95769943735352,0.01877076772705289
4 mcg,611.7999000000001,0.9593791387789767,0.01800972928441925
4 mcg,612.0332000000001,0.9601198349257466,0.017674558211465026
4 mcg,612.2665000000001,0.9606995122299353,0.017412429799952257
4 mcg,612.4998,0.9556066808580316,0.019720822662600185
4 mcg,612.7331,0.9561605556011266,0.019469176178933637
4 mcg,612.9664,0.9569472299852048,0.019112010350756076
4 mcg,613.1997,0.9608024027995922,0.0173659195088773
4 mcg,613.433,0.9615173096108619,0.01704289301591776
4 mcg,613.6663000000001,0.9612573038715015,0.017160347300745386
4 mcg,613.8996000000001,0.9585789207685361,0.01837212541158116
4 mcg,614.1329000000001,0.9561862077899883,0.01945752494048114
4 mcg,614.3662,0.9492925807246734,0.0225999133780407
4 mcg,614.5995,0.9586519752338091,0.01833902856213236
4 mcg,614.8328,0.9603353117950169,0.017577101714389996
4 mcg,615.0661,0.9527948563059074,0.021000596071868775
4 mcg,615.2994,0.9517370441723236,0.02148302644715485
4 mcg,615.5327000000001,0.9593526989872369,0.018021698289602796
4 mcg,615.7660000000001,0.9641124064466925,0.01587232848971337
4 mcg,615.9993000000001,0.9621000248262856,0.01677977414524632
4 mcg,616.2326,0.9481559095871802,0.023120243773646743
4 mcg,616.4659,0.9630410161329565,0.01635521578213727
4 mcg,616.6992,0.9622738281806525,0.01670132593953503
4 mcg,616.9325,0.9549662956271732,0.02001195604079838
4 mcg,617.1658,0.9560031108518734,0.019540694519292707
4 mcg,617.3991000000001,0.9581067051871891,0.01858612046911164
4 mcg,617.6324000000001,0.9576707558435701,0.018783774321338514
4 mcg,617.8657000000001,0.9652911782798109,0.015341662774884177
4 mcg,618.099,0.9592260534474051,0.01807903391798572
4 mcg,618.3323,0.9550632436443681,0.019967868776104614
4 mcg,618.5656,0.9548188284983884,0.020079025534231524
4 mcg,618.7989,0.9595854256261509,0.017916356804881222
4 mcg,619.0322,0.9584973426167196,0.018409086842772853
4 mcg,619.2655000000001,0.9536143086499107,0.02062724111780821
4 mcg,619.4988000000001,0.9530814876723778,0.020869965958188748
4 mcg,619.7321000000001,0.958826187889659,0.0182601128312765
4 mcg,619.9654,0.9595407565891995,0.01793657383536439
4 mcg,620.1987,0.9605346269486345,0.017486974350802747
4 mcg,620.432,0.9553421469059001,0.01984106202720424
4 mcg,620.6653,0.956583317245412,0.019277197467230812
4 mcg,620.8986,0.9636464652446988,0.01608226729464305
4 mcg,621.1319000000001,0.958877564497048,0.018236842733311154
4 mcg,621.3652000000001,0.955299461641992,0.019860467000375602
4 mcg,621.5985000000001,0.9633096477153424,0.01623409015652728
4 mcg,621.8318,0.9607161093573241,0.017404926955945383
4 mcg,622.0651,0.9572469449057409,0.018976011047337413
4 mcg,622.2984,0.9556110410536639,0.019718841089405848
4 mcg,622.5317,0.9629895771544783,0.016378413403806386
4 mcg,622.765,0.9660744940144312,0.014989383841208905
4 mcg,622.9983000000001,0.9566928447507458,0.01922747417878988
4 mcg,623.2316000000001,0.9507088154731957,0.021952479064041224
4 mcg,623.4649000000001,0.9566781800421688,0.019234131331983192
4 mcg,623.6982,0.9640374699550781,0.0159060857253059
4 mcg,623.9315,0.9648108876908794,0.015557804253064012
4 mcg,624.1648,0.9602425331491167,0.017619061225784254
4 mcg,624.3981,0.9581296786954817,0.018575707069213968
4 mcg,624.6314,0.9573810994441013,0.01891515058308224
4 mcg,624.8647000000001,0.9542314072824406,0.020346293305303235
4 mcg,625.0980000000001,0.9565846631767966,0.01927658640685418
4 mcg,625.3313,0.964468361519284,0.015712014409893556
4 mcg,625.5646,0.9583458319563662,0.018477741644324537
4 mcg,625.7979,0.9597620806898641,0.017836412637048046
4 mcg,626.0312,0.9601365864717051,0.017666980990118715
4 mcg,626.2645,0.9560990624647012,0.01949710766855079
4 mcg,626.4978,0.9541274675690918,0.020393601434395173
4 mcg,626.7311000000001,0.9561186090597856,0.019488228994839252
4 mcg,626.9644000000001,0.9593417797734173,0.01802664139478302
4 mcg,627.1977,0.9592654774992828,0.018061184844470415
4 mcg,627.431,0.9518468392263012,0.021432927907708853
4 mcg,627.6643,0.9554273903564653,0.01980231244542428
4 mcg,627.8976,0.9555729295023779,0.019736161909041698
4 mcg,628.1309,0.9521331716459046,0.021302304067068577
4 mcg,628.3642,0.9490131393447245,0.022727774605998625
4 mcg,628.5975000000001,0.9520708786231884,0.02133071858076794
4 mcg,628.8308000000001,0.9542368742368742,0.02034380516529449
4 mcg,629.0641,0.9528581970935514,0.02097172559671673
4 mcg,629.2974,0.947156047155201,0.0235784636203683
4 mcg,629.5307,0.9528434653518743,0.0209784400937919
4 mcg,629.764,0.9541879320645216,0.02036608041063775
4 mcg,629.9973,0.9517100213219617,0.021495357627791308
4 mcg,630.2306000000001,0.9500920716112533,0.022234306021518744
4 mcg,630.4639000000001,0.9473974873074119,0.023467771444638904
4 mcg,630.6972000000001,0.9470634183474929,0.023620938297476846
4 mcg,630.9305,0.9525726915829594,0.021101873028951453
4 mcg,631.1638,0.9554240122059994,0.019803848003976263
4 mcg,631.3971,0.9566836075458696,0.019231667464539966
4 mcg,631.6304,0.9504027667205972,0.022092308084957237
4 mcg,631.8637,0.9441053496258018,0.024979541498158862
4 mcg,632.0970000000001,0.9459688729262868,0.02412315380831173
4 mcg,632.3303000000001,0.9442724528731705,0.02490267974058713
4 mcg,632.5636000000001,0.944409062375164,0.02483985416357398
4 mcg,632.7969,0.9486110273833002,0.022911831082122535
4 mcg,633.0302,0.9472849700271231,0.023519353316647566
4 mcg,633.2635,0.9529185449238746,0.02094422108463496
4 mcg,633.4968,0.9517328488623582,0.021484940845669404
4 mcg,633.7301,0.9475700641793918,0.023388668049593008
4 mcg,633.9634000000001,0.9454486517498565,0.024362053140735637
4 mcg,634.1967000000001,0.9473331031307551,0.023497286662048485
4 mcg,634.4300000000001,0.9498798382437899,0.022331330383058404
4 mcg,634.6633,0.9518705013030458,0.02142213186236922
4 mcg,634.8966,0.9533769860991227,0.02073533586900537
4 mcg,635.1299,0.958464566353462,0.018423937998870384
4 mcg,635.3632,0.9544031179946421,0.020268150513682994
4 mcg,635.5965,0.9448316949657433,0.024645546472180316
4 mcg,635.8298000000001,0.9439786318479225,0.02503783639638866
4 mcg,636.0631000000001,0.9520342662471037,0.021347419919922162
4 mcg,636.2964000000001,0.9543320161117613,0.020300506134796212
4 mcg,636.5297,0.9490175441673903,0.022725758842824607
4 mcg,636.763,0.947965952965953,0.02320726045153566
4 mcg,636.9963,0.9552953946805653,0.01986231591031049
4 mcg,637.2296,0.9588808802225441,0.018235340978707538
4 mcg,637.4629,0.9520777493726799,0.0213275844466496
4 mcg,637.6962000000001,0.9462285883654526,0.024003934767899218
4 mcg,637.9295000000001,0.9429444244493798,0.02551390309111407
4 mcg,638.1628000000001,0.9492532292192328,0.022617916779992184
4 mcg,638.3961,0.9575144965814032,0.018854642176414166
4 mcg,638.6294,0.9619700609757926,0.01683844413197742
4 mcg,638.8627,0.9590582279389985,0.01815502441961966
4 mcg,639.096,0.9555006136178371,0.019769029707079173
4 mcg,639.3293,0.953667861409797,0.020602852835381512
4 mcg,639.5626000000001,0.9560010668296879,0.019541623081652998
4 mcg,639.7959000000001,0.9578023882375238,0.01872408439814594
4 mcg,640.0292000000001,0.9604885409390412,0.017507812100183064
4 mcg,640.2625,0.9605315059030963,0.017488385497282086
4 mcg,640.4958,0.955758568966714,0.019651799572835024
4 mcg,640.7291,0.9603122247532269,0.017587542541936486
4 mcg,640.9624,0.9631227726816836,0.01631834828603009
4 mcg,641.1957,0.9588731674831459,0.018238834231833555
4 mcg,641.4290000000001,0.9523788774204092,0.021190245272078613
4 mcg,641.6623000000001,0.9535891302963887,0.020638707980519713
4 mcg,641.8956000000001,0.9610209455306108,0.017267146744322184
4 mcg,642.1289,0.9698497126996946,0.013295558519300418
4 mcg,642.3622,0.9583433722936956,0.018478856293400493
4 mcg,642.5955,0.95760848897476,0.018812012665812082
4 mcg,642.8288,0.9589777203348105,0.018191482556185967
4 mcg,643.0621,0.9633169866217519,0.016230781527340858
4 mcg,643.2954000000001,0.969238604055363,0.013569296562658187
4 mcg,643.5287000000001,0.9721090290248878,0.012285023089758693
4 mcg,643.7620000000001,0.9716826698516295,0.012475542927179006
4 mcg,643.9953,0.9711199174173468,0.012727138519364694
4 mcg,644.2286,0.9725604247912396,0.01208340662109129
4 mcg,644.4619,0.9775108581508308,0.00987840977987168
4 mcg,644.6952,0.9754942091067746,0.01077530439395097
4 mcg,644.9285,0.9702358117304466,0.013122699458577565
4 mcg,645.1618000000001,0.9739362651370301,0.011469462633663129
4 mcg,645.3951000000001,0.976272814601345,0.010428803931855437
4 mcg,645.6284,0.9739848483393665,0.011447799110899015
4 mcg,645.8617,0.9751791510009962,0.010915592358923948
4 mcg,646.095,0.9691421316379235,0.013612525880627491
4 mcg,646.3283,0.9660979128594785,0.01497885613142389
4 mcg,646.5616,0.9683308050796964,0.013976251908669314
4 mcg,646.7949,0.9721623930790946,0.012261183090861093
4 mcg,647.0282000000001,0.9751578106010724,0.010925096376036197
4 mcg,647.2615000000001,0.9705190755265852,0.012995924145252542
4 mcg,647.4948,0.9684621435594888,0.013917350850440127
4 mcg,647.7281,0.9659542853010117,0.015043426494756401
4 mcg,647.9614,0.963805277585125,0.016010699927503595
4 mcg,648.1947,0.9618839123123004,0.016877338860706824
4 mcg,648.428,0.956561743823626,0.019286992038723045
4 mcg,648.6613,0.9497009487943304,0.022413128116043214
4 mcg,648.8946000000001,0.9510201077319415,0.0218103005339781
4 mcg,649.1279000000001,0.9492209050171101,0.022632705733248933
4 mcg,649.3612,0.9499914074583261,0.022280322827268835
4 mcg,649.5945,0.9551036527861474,0.019949493976155357
4 mcg,649.8278,0.9651229736220975,0.01541734638380121
4 mcg,650.0611,0.9715505177721803,0.012534612440123584
4 mcg,650.2944,0.9665064557632105,0.014795240763234574
4 mcg,650.5277000000001,0.9613884404489323,0.017101104049917274
4 mcg,650.7610000000001,0.96933549502346,0.013525884022641477
4 mcg,650.9943000000001,0.9674191210669204,0.014385333019731257
4 mcg,651.2276,0.9663326318238158,0.01487335464078406
4 mcg,651.4609,0.9763781450118199,0.010381950277990663
4 mcg,651.6942,0.9723923538936378,0.012158464755539212
4 mcg,651.9275,0.9749529991047448,0.011016320426043818
4 mcg,652.1608,0.9747682141532653,0.0110986410003504
4 mcg,652.3941000000001,0.9743833825119932,0.011270131263830996
4 mcg,652.6274000000001,0.9755312606764606,0.010758809178986738
4 mcg,652.8607000000001,0.9671430191675172,0.014509298572115565
4 mcg,653.094,0.9657786401856713,0.015122403980276665
4 mcg,653.3273,0.9793591839912792,0.009057999701847716
4 mcg,653.5606,0.9815074034798319,0.008106420181844142
4 mcg,653.7939,0.9798364972032417,0.00884638786522941
4 mcg,654.0272,0.9714575682186155,0.012576163968941597
4 mcg,654.2605000000001,0.9728862370723946,0.011937940307428093
4 mcg,654.4938000000001,0.9868930368499245,0.005729915236296405
4 mcg,654.7271000000001,0.9763904845985463,0.01037646164575532
4 mcg,654.9604,0.9562740643309816,0.019417622819077048
4 mcg,655.1937,0.9464150342411213,0.02391836935635394
4 mcg,655.427,0.9454019036589337,0.024383527537930407
4 mcg,655.6603,0.9593568627450979,0.018019813379974884
4 mcg,655.8936,0.979140442519217,0.00915501091736099
4 mcg,656.1269000000001,0.9760947188778094,0.010508036954193974
4 mcg,656.3602000000001,0.967570090681875,0.014317564920100724
4 mcg,656.5935000000001,0.9715778043871055,0.012522415174346036
4 mcg,656.8268,0.9783701573190395,0.009496802812866577
4 mcg,657.0601,0.9732033934567237,0.011796385399911857
4 mcg,657.2934,0.9823690285917244,0.007725338104109416
4 mcg,657.5267,1.00226148087282,-0.000981039780284746
4 mcg,657.76,1.0023158767445073,-0.0010046096633108115
4 mcg,657.9933000000001,0.9872031378155343,0.005593472907869563
4 mcg,658.2266000000001,0.9841160367646721,0.006953691044774717
4 mcg,658.4599000000001,0.9776821643900468,0.009802307467987605
4 mcg,658.6932,0.9744129311999851,0.011256961255192287
4 mcg,658.9265,0.9778720577069097,0.009717963481008198
4 mcg,659.1598,0.9591228317585672,0.018125770578104237
4 mcg,659.3931,0.9654287630545175,0.01527976637316283
4 mcg,659.6264,0.9887889616835418,0.00489639046185866
4 mcg,659.8597000000001,0.9765311572700297,0.010313895525563164
4 mcg,660.0930000000001,0.9402325659520759,0.026764710637290717
4 mcg,660.3263000000001,0.9444274764751226,0.02483138636677208
4 mcg,660.5596,0.9840006093845216,0.0070046326131166705
4 mcg,660.7929,0.9940812957804602,0.002578097629703884
4 mcg,661.0262,0.9622114576888446,0.01672947597075027
4 mcg,661.2595,0.9674760155133701,0.014359792675260854
4 mcg,661.4928,0.9740454285565779,0.01142078756557762
4 mcg,661.7261000000001,0.974523245406202,0.011207797150526565
4 mcg,661.9594000000001,0.976043464365612,0.010530842257646549
4 mcg,662.1927000000001,0.9676385756708198,0.014286826474865899
4 mcg,662.426,0.9698418603648049,0.013299074774936113
4 mcg,662.6593,0.9850376814470558,0.0065471557648109704
4 mcg,662.8926,1.0058287857924053,-0.0025240605272098494
4 mcg,663.1259,0.9978751298248003,0.0009238012186342991
4 mcg,663.3592,0.9792250887227857,0.009117467998472358
4 mcg,663.5925000000001,0.9760580301484757,0.010524361202086458
4 mcg,663.8258000000001,0.9908487410061515,0.0039926381082359625
4 mcg,664.0591000000001,0.9766499040904143,0.010261088246278768
4 mcg,664.2924,0.9525416433033717,0.02111602871110851
4 mcg,664.5257,0.9429096920151877,0.025529900197552673
4 mcg,664.759,0.9571445060018468,0.0190224891599667
4 mcg,664.9923,0.9756968428084867,0.010685100311955869
4 mcg,665.2256,0.9815070242656447,0.008106587975444246
4 mcg,665.4589000000001,0.9650737184722702,0.015439511212771841
4 mcg,665.6922000000001,0.9625953591376535,0.016556236473086787
4 mcg,665.9255,0.9581306681473256,0.01857525857746636
4 mcg,666.1588,0.9793792224346718,0.009049113793077978
4 mcg,666.3921,1.0132233166177187,-0.005705175356465757
4 mcg,666.6254,1.0003709411631274,-0.00016106782875967166
4 mcg,666.8587,0.9846076104229416,0.006736811715898734
4 mcg,667.092,0.9951347315550125,0.0021181160285011222
4 mcg,667.3253000000001,1.0021808470155191,-0.000946098551183724
4 mcg,667.5586000000001,0.9923074790323698,0.0033537353499113144
4 mcg,667.7919,0.9939318755256517,0.00264338129402438
4 mcg,668.0252,1.0026476505502215,-0.0011483404917426987
4 mcg,668.2585,0.9806847751331192,0.008470566952440379
4 mcg,668.4918,0.9912314691860593,0.0038249186205846176
4 mcg,668.7251,0.9984838032504767,0.0006589755764475665
4 mcg,668.9584,1.009521848547243,-0.004115722587062758
4 mcg,669.1917000000001,1.0022387887460475,-0.0009712068402849399
4 mcg,669.4250000000001,0.9897580520881494,0.004470956397453776
4 mcg,669.6583,0.9696182388493613,0.013399223873813409
4 mcg,669.8916,0.9666535381383747,0.014729155116682996
4 mcg,670.1249,0.9791172051384924,0.00916531790248635
4 mcg,670.3582,0.9953158359418892,0.002039086046676485
4 mcg,670.5915,0.9966815002148026,0.0014436027696508244
4 mcg,670.8248000000001,0.9809597411065762,0.008348815835174203
4 mcg,671.0581000000001,0.9739001610305957,0.011485562357428078
4 mcg,671.2914000000001,0.9837772895219757,0.007103207339942642
4 mcg,671.5247,0.9751693488877281,0.010919957736397349
4 mcg,671.758,0.9679312165321668,0.014155503581997044
4 mcg,671.9913,0.9814498144464822,0.00813190275393558
4 mcg,672.2246,0.9849953214226375,0.006565832329959092
4 mcg,672.4579,0.9631038443931973,0.01632688357587486
4 mcg,672.6912000000001,0.9496611627106983,0.022431322515600646
4 mcg,672.9245000000001,0.9481641244185744,0.023116481058619395
4 mcg,673.1578000000001,0.9702678093197642,0.013108377015346484
4 mcg,673.3911,0.9653265251276539,0.015325760153722551
4 mcg,673.6244,0.9692444492836467,0.01356667745243721
4 mcg,673.8577,0.9877575656275828,0.00534963519981605
4 mcg,674.091,1.0069665907365226,-0.003015061716012906
4 mcg,674.3243,0.9942967963020496,0.002483959912020667
4 mcg,674.5576000000001,1.0049177031568666,-0.002130497051729224
4 mcg,674.7909000000001,1.0311841098558243,-0.013336212088652714
4 mcg,675.0242000000001,1.0259945832079447,-0.01114506790142197
4 mcg,675.2575,0.9663664357197844,0.014858162575206913
4 mcg,675.4908,0.944614556603139,0.02474536618711044
4 mcg,675.7241,0.9649850924269532,0.015479395803069071
4 mcg,675.9574,0.9805409565472756,0.00853426142404562
4 mcg,676.1907,0.9685648426538385,0.013871299194648268
4 mcg,676.4240000000001,0.94915267620091,0.022663923401560798
4 mcg,676.6573000000001,0.958831525843579,0.018257695044290315
4 mcg,676.8906000000001,0.9868381957834181,0.005754049396183757
4 mcg,677.1239,0.9573624671668811,0.018923602780361697
4 mcg,677.3572,0.9225961686769286,0.03498835324598669
4 mcg,677.5905,0.9269815451986237,0.03292891191611053
4 mcg,677.8238,0.9339374092561388,0.02968222840109249
4 mcg,678.0571,0.9618200063960476,0.016906193599245195
4 mcg,678.2904000000001,0.9774492224064238,0.009905794547426823
4 mcg,678.5237000000001,0.9490939263192831,0.022690805840731035
4 mcg,678.7570000000001,0.8992563833285597,0.04611647067983735
4 mcg,678.9903,0.870866027768301,0.06004865082027341
4 mcg,679.2236,0.8774110236220471,0.05679691350509813
4 mcg,679.4569,0.8892524118349305,0.05097494824487405
4 mcg,679.6902,0.8606309753449493,0.06518302708997548
4 mcg,679.9235,0.8596299491899148,0.06568846225767744
4 mcg,680.1568000000001,0.8706579378068738,0.060152436153353826
4 mcg,680.3901000000001,0.8426156688129331,0.07437046923513284
4 mcg,680.6234000000001,0.7898301678223294,0.10246628226248641
4 mcg,680.8567,0.7852294217179258,0.10500343621115901
4 mcg,681.09,0.8059058081578678,0.09371571425908858
4 mcg,681.3233,0.8069307434667968,0.09316373791846401
4 mcg,681.5566,0.7888540390915155,0.1030033464499762
4 mcg,681.7899,0.8006883287782164,0.09653650193389368
4 mcg,682.0232000000001,0.7821709345785127,0.1066983264389856
4 mcg,682.2565000000001,0.776180718478702,0.11003715000403189
4 mcg,682.4898000000001,0.7927450444707526,0.1008664641110077
4 mcg,682.7231,0.7507577715866769,0.1245001634383518
4 mcg,682.9564,0.7011203728600879,0.15420741315887462
4 mcg,683.1897,0.7015699278390352,0.15392903488356124
4 mcg,683.423,0.6948171084358791,0.1581294964888709
4 mcg,683.6563,0.6927938711994254,0.15939596295959488
4 mcg,683.8896000000001,0.6787250084496789,0.16830614840452554
4 mcg,684.1229000000001,0.6648358360906084,0.17728557918040488
4 mcg,684.3562000000001,0.6595363345135727,0.1807612737429765
4 mcg,684.5895,0.6353468875133544,0.19698909329227687
4 mcg,684.8228,0.6198619747615531,0.20770500449009108
4 mcg,685.0561,0.6214080050624902,0.2066231564043885
4 mcg,685.2894,0.6480574164256461,0.18838651491308647
4 mcg,685.5227,0.6138431547549147,0.21194258281017378
4 mcg,685.7560000000001,0.574078047570045,0.24102905999786672
4 mcg,685.9893000000001,0.5301014930210887,0.275640972589444
4 mcg,686.2226,0.49410315040650415,0.3061823770359047
4 mcg,686.4559,0.482044031007752,0.3169132904949062
4 mcg,686.6892,0.4770968314275401,0.32139346773808586
4 mcg,686.9225,0.45991457059089663,0.3373228312892248
4 mcg,687.1558,0.42164119066773936,0.3750569689390514
4 mcg,687.3891,0.40917439703153985,0.38809154889876546
4 mcg,687.6224000000001,0.39747071669644635,0.40069486209081123
4 mcg,687.8557000000001,0.38479946799094816,0.4147655370727778
4 mcg,688.089,0.36585735064129743,0.4366882148935808
4 mcg,688.3223,0.3487024202635621,0.45754503827512183
4 mcg,688.5556,0.33775465973125274,0.4713986506505343
4 mcg,688.7889,0.33228513331614973,0.47848908894455994
4 mcg,689.0222,0.3271169081898124,0.4852970072545556
4 mcg,689.2555,0.33619750421374134,0.4734055149007815
4 mcg,689.4888000000001,0.3380748128915171,0.4709871836550871
4 mcg,689.7221000000001,0.3398021562743137,0.46877386956625317
4 mcg,689.9554,0.3465508535225287,0.46023302718864356
4 mcg,690.1887,0.34971227153860696,0.4562891278623482
4 mcg,690.422,0.35813080123759733,0.44595832564470705
4 mcg,690.6553,0.37519827793769384,0.4257391635868787
4 mcg,690.8886,0.3882226286089098,0.41091915417803604
4 mcg,691.1219000000001,0.3983198275221173,0.3997680747879517
4 mcg,691.3552000000001,0.4101566414064443,0.3870502518008836
4 mcg,691.5885000000001,0.4275682469388537,0.36899455484606075
4 mcg,691.8218,0.44826130856925245,0.3484687454082236
4 mcg,692.0551,0.4650897260992759,0.33246325401175536
4 mcg,692.2884,0.4833021413801563,0.31578128061629174
4 mcg,692.5217,0.5058969217238347,0.2959379631738
4 mcg,692.755,0.520317503363825,0.28373156428950214
4 mcg,692.9883000000001,0.5388979440701253,0.2684934732618387
4 mcg,693.2216000000001,0.5579826573541664,0.2533792991492205
4 mcg,693.4549000000001,0.5802207035052307,0.23640677870870905
4 mcg,693.6882,0.6062213072568193,0.21736880326790553
4 mcg,693.9215,0.6282138442521632,0.20189249707461993
4 mcg,694.1548,0.6423712738509234,0.19221388847497634
4 mcg,694.3881,0.658765046073047,0.1812694524596619
4 mcg,694.6214,0.6698857518144026,0.1739992593699516
4 mcg,694.8547000000001,0.6833711209898056,0.16534337827324747
4 mcg,695.0880000000001,0.6944243051959261,0.15837508704276224
4 mcg,695.3213000000001,0.711127536795695,0.14805250396854616
4 mcg,695.5546,0.7373659331703342,0.13231693097984143
4 mcg,695.7879,0.7460896136897294,0.12720900577991578
4 mcg,696.0212,0.742794155054973,0.12913152232234804
4 mcg,696.2545,0.762360873694207,0.11783940089903325
4 mcg,696.4878,0.7849899516332202,0.10513590246261391
4 mcg,696.7211000000001,0.7712318772799551,0.1128150280670132
4 mcg,696.9544000000001,0.772161777447704,0.11229170006290418
4 mcg,697.1877000000001,0.7877784762816243,0.10359588917782604
4 mcg,697.421,0.791934518241347,0.10131072692331056
4 mcg,697.6543,0.7852070987739653,0.10501578275462765
4 mcg,697.8876,0.7822728393595938,0.10664174826736585
4 mcg,698.1209,0.7829006847239897,0.10629332710169309
4 mcg,698.3542,0.7827457414235017,0.10637928651054257
4 mcg,698.5875000000001,0.7841629364368844,0.10559368853585847
4 mcg,698.8208000000001,0.7817901179810166,0.10690982345792689
4 mcg,699.0541000000001,0.7796565692145122,0.10809665748872527
4 mcg,699.2874,0.7824194157366513,0.10656038106980695
4 mcg,699.5207,0.7842065804942226,0.10556951773545697
4 mcg,699.754,0.785808347928121,0.10468336183133799
4 mcg,699.9873,0.788863551628762,0.10299810946401702
4 mcg,700.2206,0.7817920609638026,0.10690874410730017
4 mcg,700.4539000000001,0.792707072960735,0.10088726677933432
4 mcg,700.6872000000001,0.7974973508250288,0.09827075093408222
4 mcg,700.9205000000001,0.7921643676311608,0.10118469650531613
4 mcg,701.1538,0.7918901907892889,0.1013350366435983
4 mcg,701.3871,0.8066161013578774,0.09333311302380835
4 mcg,701.6204,0.8163816823058786,0.08810674839830702
4 mcg,701.8537,0.8137280660863767,0.08952070460628302
4 mcg,702.087,0.8064985386221295,0.09339641521726412
4 mcg,702.3203000000001,0.8170357865739459,0.08775892073660013
4 mcg,702.5536000000001,0.8206863812794952,0.08582277333225427
4 mcg,702.7869000000001,0.823398758317325,0.0843897922527186
4 mcg,703.0202,0.8236356087028732,0.0842648855497997
4 mcg,703.2535,0.8260092109980419,0.08301510974581834
4 mcg,703.4868,0.8366005014451952,0.07748187944602211
4 mcg,703.7201,0.8404648802442534,0.07548042932122594
4 mcg,703.9534,0.8396619594241197,0.07589552192007282
4 mcg,704.1867000000001,0.8492775290635701,0.07095036671094837
4 mcg,704.4200000000001,0.8522010231917946,0.06945794870129715
4 mcg,704.6533000000001,0.8531196443652188,0.0689900576439069
4 mcg,704.8866,0.8578095794873483,0.06660910813743898
4 mcg,705.1199,0.857667401356308,0.06668109648655585
4 mcg,705.3532,0.8615151043501293,0.06473710396359064
4 mcg,705.5865,0.8733854265510383,0.05879405906142796
4 mcg,705.8198,0.871146787865907,0.05990866038955975
4 mcg,706.0531000000001,0.869894686595662,0.06053332186279421
4 mcg,706.2864000000001,0.8726007546270339,0.05918441577022204
4 mcg,706.5197000000001,0.8726566016782169,0.059156621512739045
4 mcg,706.753,0.8754939722067456,0.05774683969630929
4 mcg,706.9863,0.8788374719353996,0.05609143387735517
4 mcg,707.2196,0.8820635164533006,0.054500140659589524
4 mcg,707.4529,0.8923794720723507,0.04945042860362189
4 mcg,707.6862,0.8791676966792394,0.0559282776042285
4 mcg,707.9195000000001,0.8828370016407,0.05411947289187741
4 mcg,708.1528000000001,0.8931993176017504,0.04905161739852561
4 mcg,708.3861,0.8986988842589981,0.04638579748868643
4 mcg,708.6194,0.8949953148650922,0.04817923812940996
4 mcg,708.8527,0.8939019362183759,0.048710122026449476
4 mcg,709.086,0.8967814385200207,0.04731338929773398
4 mcg,709.3193,0.894008826200101,0.04865819356305516
4 mcg,709.5526000000001,0.8984241555130654,0.046518579915562824
4 mcg,709.7859000000001,0.9047924669227487,0.04345102389548916
4 mcg,710.0192000000001,0.9083983863642436,0.04172364591171151
4 mcg,710.2525,0.9075513200395078,0.042128807195664385
4 mcg,710.4858,0.9059248024267582,0.0429078500566099
4 mcg,710.7191,0.9046124523506989,0.04353743831243764
4 mcg,710.9524,0.9064522788629504,0.042655054858077225
4 mcg,711.1857,0.9140224371785646,0.039043143190415484
4 mcg,711.4190000000001,0.9070254985901524,0.04238050374327678
4 mcg,711.6523000000001,0.9027798115301953,0.04441816142310601
4 mcg,711.8856000000001,0.9053337860852492,0.04319127192311712
4 mcg,712.1189,0.909782502269185,0.04106242015611334
4 mcg,712.3522,0.9162155326416566,0.038002349884340245
4 mcg,712.5855,0.9182565093458317,0.03703598434073501
4 mcg,712.8188,0.9113236405181786,0.04032736360840248
4 mcg,713.0521,0.9138451158218223,0.03912740497062155
4 mcg,713.2854000000001,0.9191159109558219,0.0366297156931254
4 mcg,713.5187000000001,0.9146479317966529,0.03874604331249461
4 mcg,713.7520000000001,0.9117420369642154,0.040128021068858995
4 mcg,713.9853,0.9147239102412332,0.038709968613534526
4 mcg,714.2186,0.9235533990879202,0.03453798895273882
4 mcg,714.4519,0.9290948769128409,0.03193993464383677
4 mcg,714.6852,0.9280776182881445,0.03241570073739942
4 mcg,714.9185,0.9252781090176749,0.03372771260319495
4 mcg,715.1518000000001,0.912130533357336,0.039943006123112475
4 mcg,715.3851000000001,0.9170230122943831,0.037619765761749344
4 mcg,715.6184000000001,0.9249250584054969,0.03389345433065723
4 mcg,715.8517,0.924107423458541,0.03427754100550131
4 mcg,716.085,0.9195715062705438,0.03641449418961118
4 mcg,716.3183,0.9236857586813663,0.03447575224568637
4 mcg,716.5516,0.9281183820415079,0.03239662573330817
4 mcg,716.7849,0.9243198945981554,0.034177699326033324
4 mcg,717.0182000000001,0.9155982554634219,0.03829504348038149
4 mcg,717.2515000000001,0.9221072401952682,0.0352185679738192
4 mcg,717.4848000000001,0.9319537309087058,0.03060564870808006
4 mcg,717.7181,0.9349938813514233,0.029191231163854747
4 mcg,717.9514,0.9271959432691547,0.03282847719510203
4 mcg,718.1847,0.9183509790081824,0.03699130669092413
4 mcg,718.418,0.921656583774542,0.03543087022002753
4 mcg,718.6513,0.934736332463442,0.029310876298486003
4 mcg,718.8846000000001,0.9360373384878764,0.02870682692875665
4 mcg,719.1179000000001,0.9159894942616701,0.038109507347815194
4 mcg,719.3512000000001,0.9118903630327166,0.04005737394368766
4 mcg,719.5845,0.9297980398215716,0.03161137372141133
4 mcg,719.8178,0.9440599277455485,0.02500043635539612
4 mcg,720.0511,0.9347562284796386,0.02930163236756392
4 mcg,720.2844,0.927232744555579,0.03281123997726985
4 mcg,720.5177,0.9321329705805367,0.030522130274530795
4 mcg,720.7510000000001,0.9329264776295496,0.030152580924388633
4 mcg,720.9843000000001,0.9294736481482945,0.03176291856127597
4 mcg,721.2176000000001,0.9343506715545553,0.02949009792555011
4 mcg,721.4509,0.9331155497974508,0.030064573260815054
4 mcg,721.6842,0.9272416050736357,0.032807089934321416
4 mcg,721.9175,0.9282159761523262,0.03235096091689552
4 mcg,722.1508,0.9346659990091114,0.02934355565338905
4 mcg,722.3841,0.9360935888359466,0.028680729164521423
4 mcg,722.6174000000001,0.9314974699557242,0.03081832035524274
4 mcg,722.8507000000001,0.9329379646441022,0.030147233540172767
4 mcg,723.0840000000001,0.9295648279858806,0.03172031707576118
4 mcg,723.3173,0.9317190759075908,0.030715012725520286
4 mcg,723.5506,0.9396332675314157,0.027041615511338164
4 mcg,723.7839,0.9335950974859513,0.02984143753294019
4 mcg,724.0172,0.9289302556073079,0.03201689175656084
4 mcg,724.2505,0.9388943460818686,0.027383276205941373
4 mcg,724.4838000000001,0.9407846272753925,0.026509787722034238
4 mcg,724.7171000000001,0.9358496965842541,0.028793896118363815
4 mcg,724.9504000000001,0.9339823991120272,0.029661307967495495
10 mcg,375.0004,0.9989344698987747,0.00046300055760865156
10 mcg,375.23370000000006,0.9943792999770077,0.002447924993253713
10 mcg,375.46700000000004,0.925971329708354,0.03340245990793199
10 mcg,375.7003,0.9232654956792885,0.03467339460952199
10 mcg,375.9336,0.9182673259085385,0.0370308686178605
10 mcg,376.16690000000006,0.9195224460407561,0.036437664933069956
10 mcg,376.40020000000004,0.9207167672334979,0.035873947811175116
10 mcg,376.6335,0.8850441369910774,0.0530350705748286
10 mcg,376.8668,0.8870935586462239,0.05203057423698097
10 mcg,377.10010000000005,0.9403999262499788,0.026687413606252326
10 mcg,377.33340000000004,0.9127005870841487,0.03967167011483967
10 mcg,377.5667,0.9152647975077882,0.03845324095063436
10 mcg,377.8,0.9559626362221069,0.019559081782133798
10 mcg,378.03330000000005,0.9434017243448004,0.02530333428838002
10 mcg,378.26660000000004,0.9558043504552602,0.019630997068611118
10 mcg,378.4999,0.981046271267292,0.008310508540390766
10 mcg,378.7332,0.9452231252875327,0.024465661709673382
10 mcg,378.96650000000005,0.9318189466599361,0.030668463295175037
10 mcg,379.19980000000004,0.896838688737423,0.047285664972904894
10 mcg,379.4331,0.8594470625196355,0.06578086844015159
10 mcg,379.6664,0.869167505070346,0.060896518698084254
10 mcg,379.89970000000005,0.8816155489246522,0.05472075883640717
10 mcg,380.13300000000004,0.8468525420263875,0.07219220449741469
10 mcg,380.3663,0.8459447583176397,0.07265799622945815
10 mcg,380.5996,0.8641507633587786,0.06341048207796239
10 mcg,380.83290000000005,0.8735984468738563,0.058688146748671184
10 mcg,381.06620000000004,0.8699347325914447,0.06051332937985077
10 mcg,381.2995,0.9148425151944728,0.03865366076258757
10 mcg,381.5328,0.916812458257994,0.03771949385406347
10 mcg,381.76610000000005,0.8947976878612717,0.04827514678192162
10 mcg,381.99940000000004,0.897988995471588,0.04672898542094607
10 mcg,382.2327,0.8547794743274394,0.0681459150214883
10 mcg,382.466,0.8644086375095913,0.06328090212659014
10 mcg,382.69930000000005,0.9363745538810236,0.02855039683275382
10 mcg,382.93260000000004,0.9943197843588782,0.0024739191768403442
10 mcg,383.1659,0.9762653071950385,0.010432143610703128
10 mcg,383.3992,0.955101759465095,0.01995035488763665
10 mcg,383.63250000000005,0.9266778098566582,0.0330712364309093
10 mcg,383.86580000000004,0.8784158924244614,0.05629981550576455
10 mcg,384.0991,0.8133380789251233,0.0897288943912013
10 mcg,384.3324,0.8289699699699702,0.08146120179297872
10 mcg,384.56570000000005,0.9275948103792415,0.0326416897774346
10 mcg,384.79900000000004,0.9398807435987373,0.026927248190397195
10 mcg,385.0323,0.901019270584488,0.04526592043158269
10 mcg,385.2656,0.9112505833695423,0.04036218064478701
10 mcg,385.49890000000005,0.9447812130427435,0.024668751246562353
10 mcg,385.73220000000003,0.9510323569423639,0.021804706824453256
10 mcg,385.9655,0.9192414384425278,0.03657040633751384
10 mcg,386.1988,0.8849578585285536,0.05307740980416927
10 mcg,386.43210000000005,0.8656734111917466,0.06264592145699649
10 mcg,386.66540000000003,0.8927203825977594,0.04928454929841623
10 mcg,386.8987,0.875643955972702,0.057672445645399896
10 mcg,387.132,0.8971674978192531,0.04712646822931779
10 mcg,387.36530000000005,0.9252417121204397,0.033744796420886757
10 mcg,387.59860000000003,0.9274978346155804,0.032687095638094285
10 mcg,387.8319,0.9157615806296682,0.03821758058396233
10 mcg,388.0652,0.9587883797420399,0.01827723813910556
10 mcg,388.29850000000005,1.0565721966642057,-0.023899178190609004
10 mcg,388.53180000000003,1.0872821524594285,-0.0363422592246996
10 mcg,388.7651,1.0559492292382509,-0.023643037523799336
10 mcg,388.9984,0.9776200490711531,0.00982990048154897
10 mcg,389.23170000000005,0.9200790500594551,0.036174857948171116
10 mcg,389.46500000000003,0.9164787379278959,0.037877606105693636
10 mcg,389.6983,0.9063033918010412,0.042726394675798675
10 mcg,389.9316,0.9026295358649791,0.04449045958907332
10 mcg,390.16490000000005,0.9132759294169597,0.039397988601023795
10 mcg,390.39820000000003,0.9398855847033964,0.026925011247423875
10 mcg,390.6315,0.9224699026532417,0.03504779462673374
10 mcg,390.86480000000006,0.9390172239108411,0.027326441620117548
10 mcg,391.09810000000004,0.9245671641791045,0.03406153450711793
10 mcg,391.33140000000003,0.8674752375176874,0.06174291349722363
10 mcg,391.5647,0.8462785398602255,0.07248667193184075
10 mcg,391.79800000000006,0.8974001309757694,0.04701387141755367
10 mcg,392.03130000000004,0.9601650860554969,0.0176540900864078
10 mcg,392.26460000000003,0.9244342973110095,0.03412395019357632
10 mcg,392.4979,0.9323324964560812,0.03042917817795546
10 mcg,392.73120000000006,0.9486788143072212,0.022880797882692754
10 mcg,392.96450000000004,0.9554602510460253,0.019787375705199856
10 mcg,393.19780000000003,0.9584974740807238,0.018409027276527695
10 mcg,393.4311,0.9377210655921203,0.027926327601176658
10 mcg,393.66440000000006,0.9203342243741699,0.03605442760890581
10 mcg,393.89770000000004,0.9241731050850881,0.03424667429718154
10 mcg,394.13100000000003,0.9340526967645614,0.029628621341138042
10 mcg,394.3643,0.8900239322828828,0.05059831524423997
10 mcg,394.59760000000006,0.8818294425917104,0.05461540500884822
10 mcg,394.83090000000004,0.8931301661247796,0.049085241772027235
10 mcg,395.0642,0.8837093935029606,0.05369052859278803
10 mcg,395.2975,0.865934921376304,0.06251474579926586
10 mcg,395.53080000000006,0.8774372734547851,0.05678392074950917
10 mcg,395.76410000000004,0.9105279508183322,0.040706717963681215
10 mcg,395.9974,0.8889330040833454,0.05113096912350759
10 mcg,396.2307,0.855909538779149,0.06757213355308435
10 mcg,396.46400000000006,0.904371936426202,0.04365292271361038
10 mcg,396.69730000000004,0.9665270635635901,0.01478598085759933
10 mcg,396.9306,0.9549503397804496,0.020019212416346736
10 mcg,397.1639,0.9425813988926702,0.025681134954040716
10 mcg,397.39720000000005,0.9542966695509068,0.020316591837007927
10 mcg,397.63050000000004,0.9246603608511198,0.034017759687768295
10 mcg,397.8638,0.8354950144061787,0.0780561372994298
10 mcg,398.0971,0.8692212725546058,0.060869653681434537
10 mcg,398.33040000000005,0.903006509963723,0.04430911875500896
10 mcg,398.56370000000004,0.8802789072323192,0.0553797043488338
10 mcg,398.797,0.8414884010586953,0.07495186589246093
10 mcg,399.0303,0.8498126644991485,0.07067680103997023
10 mcg,399.26360000000005,0.880940251572327,0.055053545949333024
10 mcg,399.49690000000004,0.8983009017560512,0.04657816435383016
10 mcg,399.7302,0.8870764124753796,0.05203896857067489
10 mcg,399.9635,0.8957115928369462,0.047831804849359984
10 mcg,400.19680000000005,0.8939574468085106,0.048683153526332144
10 mcg,400.43010000000004,0.8894640025372662,0.05087162353933092
10 mcg,400.6634,0.8798139388205614,0.05560916181255343
10 mcg,400.8967,0.8461714975845411,0.07254160752071315
10 mcg,401.13000000000005,0.8555178191368926,0.06777094033418314
10 mcg,401.36330000000004,0.9190033553275857,0.036682902979943914
10 mcg,401.5966,0.9414899348582063,0.026184318513918795
10 mcg,401.8299,0.9865423051299133,0.005884286498422745
10 mcg,402.06320000000005,0.9799932145886343,0.008776931324765857
10 mcg,402.29650000000004,0.9374614009426295,0.028046604883150594
10 mcg,402.5298,0.8953317487688555,0.04801601500373944
10 mcg,402.7631,0.8881227819514218,0.051526989358952974
10 mcg,402.99640000000005,0.9103771065981877,0.040778672085966465
10 mcg,403.22970000000004,0.9553691551125806,0.019828784384720195
10 mcg,403.463,0.9367235461884275,0.02838856287960382
10 mcg,403.6963,0.9468348242655327,0.023725777244617094
10 mcg,403.92960000000005,0.943245224019153,0.025375385106430066
10 mcg,404.16290000000004,0.9415257678377106,0.026167789639254122
10 mcg,404.3962,0.9323100463826327,0.030439635885310592
10 mcg,404.6295,0.9352017794725135,0.029094675483557986
10 mcg,404.86280000000005,0.9443918455824925,0.024847771523230068
10 mcg,405.09610000000004,0.9416403339150121,0.026114947337982416
10 mcg,405.3294,0.9467555430377567,0.023762143504560407
10 mcg,405.5627,0.9450887021475256,0.024527428479786454
10 mcg,405.79600000000005,0.9831924111384903,0.007361482250769356
10 mcg,406.02930000000003,0.9998103366524419,8.237755751240731e-05
10 mcg,406.2626,0.955285810251363,0.019866673186205424
10 mcg,406.4959,0.9190130798456249,0.03667830747748507
10 mcg,406.72920000000005,0.9345074836796159,0.029417216374236627
10 mcg,406.96250000000003,0.9459280347225463,0.02414190303980148
10 mcg,407.1958,0.9080132251277426,0.04190782597431865
10 mcg,407.4291,0.9104120460477679,0.04076200457657007
10 mcg,407.66240000000005,0.8944942988301495,0.04842242311728672
10 mcg,407.89570000000003,0.8883716821975887,0.05140529350642611
10 mcg,408.129,0.8998515880083111,0.04582911258730696
10 mcg,408.3623,0.9147252090800478,0.03870935194863348
10 mcg,408.59560000000005,0.8917269426289035,0.049768111390780446
10 mcg,408.82890000000003,0.8672052841207071,0.061878084521701716
10 mcg,409.0622,0.841222006043797,0.0750893748606768
10 mcg,409.2955,0.8616871779585231,0.06465036937691768
10 mcg,409.52880000000005,0.8907961736571008,0.050221657110805826
10 mcg,409.76210000000003,0.8799130056546326,0.055560263113175905
10 mcg,409.9954,0.8677967538246386,0.06158197877316269
10 mcg,410.2287,0.8895511690247854,0.05082906524621247
10 mcg,410.46200000000005,0.8996722725312635,0.04591566406258002
10 mcg,410.69530000000003,0.8876696465138613,0.05174863038095999
10 mcg,410.9286,0.8683798234343267,0.06129027581288798
10 mcg,411.16190000000006,0.8788586033056691,0.056080991528836784
10 mcg,411.39520000000005,0.8648026361142133,0.06308299522482978
10 mcg,411.62850000000003,0.8410001337077149,0.07520393515509836
10 mcg,411.8618,0.8282499999999999,0.08183855544600244
10 mcg,412.09510000000006,0.8485749105633525,0.07130981297120598
10 mcg,412.32840000000004,0.8930536853416031,0.04912243299632165
10 mcg,412.56170000000003,0.9403969370214096,0.026688794090767284
10 mcg,412.795,0.9288187925063631,0.03206900623325336
10 mcg,413.02830000000006,0.9267156151048797,0.0330535190801615
10 mcg,413.26160000000004,0.9024474959612278,0.044578055768692795
10 mcg,413.49490000000003,0.8871437802481834,0.05200598793825863
10 mcg,413.7282,0.8950635251543879,0.04814614049976537
10 mcg,413.96150000000006,0.9005873084085375,0.04547417765620489
10 mcg,414.19480000000004,0.9186657761364084,0.0368424624774319
10 mcg,414.42810000000003,0.9606330124950927,0.017442492756291218
10 mcg,414.6614,0.969873759039098,0.01328479080661809
10 mcg,414.89470000000006,1.0027382922448056,-0.0011875999549462338
10 mcg,415.12800000000004,0.9984697609001406,0.0006650833952506627
10 mcg,415.3613,0.9256776942160568,0.03354020121140465
10 mcg,415.5946,0.9005775299679427,0.04547889318551292
10 mcg,415.82790000000006,0.9628633768405649,0.016435331664270466
10 mcg,416.06120000000004,1.040868687706493,-0.017395943918256936
10 mcg,416.2945,1.0464856426898903,-0.019733274391544108
10 mcg,416.5278,1.04449946557346,-0.01890822210612475
10 mcg,416.76110000000006,1.0820999314388058,-0.03426736952139191
10 mcg,416.99440000000004,1.0684931506849316,-0.02877174257002452
10 mcg,417.2277,1.0032683034040517,-0.0014170916502010415
10 mcg,417.461,0.9787255231479751,0.009339086026916667
10 mcg,417.69430000000006,0.9801034258269766,0.008728092781074373
10 mcg,417.92760000000004,0.9960427413411939,0.0017220251000377234
10 mcg,418.1609,1.00810086100861,-0.0035039856691593814
10 mcg,418.3942,0.9948204444764613,0.0022552981587593292
10 mcg,418.62750000000005,1.051346195150918,-0.021745747319102997
10 mcg,418.86080000000004,1.0545289443813848,-0.023058504618513196
10 mcg,419.0941,0.9986606240112289,0.0005820734958238228
10 mcg,419.3274,0.9789186764655143,0.009253385652704274
10 mcg,419.56070000000005,1.015382810758818,-0.006629807034135244
10 mcg,419.79400000000004,1.0554783255903288,-0.023449319431294774
10 mcg,420.0273,1.0594408755650726,-0.025076724961571567
10 mcg,420.2606,1.0426036599490385,-0.018119245138172316
10 mcg,420.49390000000005,1.0438670945036748,-0.018645207672004713
10 mcg,420.72720000000004,1.0380952380952382,-0.016237198870685598
10 mcg,420.9605,1.0402906104398641,-0.017154678606475255
10 mcg,421.1938,1.0280747212348713,-0.012024680652131355
10 mcg,421.42710000000005,1.0025534631343762,-0.00110754151679971
10 mcg,421.66040000000004,1.0048393720188267,-0.0020966434268813727
10 mcg,421.8937,1.0126145461814433,-0.00544416172449314
10 mcg,422.127,1.013137438782953,-0.005668364270700844
10 mcg,422.36030000000005,1.0082776927003574,-0.0035801588936832593
10 mcg,422.59360000000004,1.020681541499146,-0.008890260849560981
10 mcg,422.8269,1.0211009732360097,-0.009068690128980044
10 mcg,423.0602,1.0313323071660678,-0.013398622524420645
10 mcg,423.29350000000005,1.0422666706650274,-0.01797885023146562
10 mcg,423.52680000000004,1.0485293971768392,-0.020580611103423883
10 mcg,423.7601,1.038300543756459,-0.016323081453227486
10 mcg,423.9934,0.9997829041585712,9.429376173883495e-05
10 mcg,424.22670000000005,1.0561377515647112,-0.023720566723173138
10 mcg,424.46000000000004,1.0846204050292736,-0.03527777058464496
10 mcg,424.6933,1.0717842902155426,-0.03010738703983459
10 mcg,424.9266,1.069821624912539,-0.029311372288917843
10 mcg,425.15990000000005,1.076859682197684,-0.03215911720943686
10 mcg,425.39320000000004,1.085530592436264,-0.03564206725523918
10 mcg,425.6265,1.0911322081575245,-0.03787737551466954
10 mcg,425.8598,1.10077580195258,-0.041698874021908854
10 mcg,426.09310000000005,1.0783774250440916,-0.032770787684010955
10 mcg,426.32640000000004,1.0674824260258298,-0.028360733961387424
10 mcg,426.5597,1.1001092896174864,-0.0414358319946724
10 mcg,426.793,1.1201050181794088,-0.04925874291809859
10 mcg,427.02630000000005,1.0831975696330052,-0.03470767691699325
10 mcg,427.25960000000003,1.057065410258153,-0.024101861891388434
10 mcg,427.4929,1.0826479331554257,-0.034487251134930334
10 mcg,427.7262,1.0745837974307566,-0.031240287991967586
10 mcg,427.95950000000005,1.064798211145605,-0.027267312855193744
10 mcg,428.19280000000003,1.0560569735288083,-0.023687348710788262
10 mcg,428.4261,1.0676484694597264,-0.02842828180812169
10 mcg,428.6594,1.068945904602976,-0.028955727728077155
10 mcg,428.89270000000005,1.0544203674159043,-0.023013786258761385
10 mcg,429.12600000000003,1.0456132053783147,-0.019371059448844676
10 mcg,429.3593,1.0470948012232415,-0.019986003344829507
10 mcg,429.5926,1.0311841091462612,-0.013336211789812454
10 mcg,429.82590000000005,1.040457031906353,-0.017224149717002632
10 mcg,430.05920000000003,1.0412909011615405,-0.0175720735263869
10 mcg,430.2925,1.0342478941034898,-0.014624645274424407
10 mcg,430.5258,1.0549652015648714,-0.023238134498543
10 mcg,430.75910000000005,1.0620208516728646,-0.02613304374880498
10 mcg,430.99240000000003,1.0545606851425526,-0.023071576455038947
10 mcg,431.2257,1.057448768532842,-0.024259335779985135
10 mcg,431.45900000000006,1.0520109252304541,-0.02202025002937639
10 mcg,431.69230000000005,1.0597972877485147,-0.02522280372580948
10 mcg,431.92560000000003,1.056154389006507,-0.02372740815294156
10 mcg,432.1589,1.0413544349591524,-0.01759857095948045
10 mcg,432.39220000000006,1.0485895850398042,-0.02060553983373632
10 mcg,432.62550000000005,1.042289376427724,-0.017988311226731852
10 mcg,432.85880000000003,1.0445998999169412,-0.01894997989124649
10 mcg,433.0921,1.0626864746797204,-0.026405153139850847
10 mcg,433.32540000000006,1.0604115577353663,-0.02547445258928904
10 mcg,433.55870000000004,1.056924303582997,-0.02404388445652228
10 mcg,433.79200000000003,1.054938398861238,-0.023227100566673924
10 mcg,434.0253,1.0431906670689484,-0.018363692978923523
10 mcg,434.25860000000006,1.033021535987584,-0.014109375598106709
10 mcg,434.49190000000004,1.027798460474679,-0.011907962825849595
10 mcg,434.72520000000003,1.0343945400302423,-0.014686219489318204
10 mcg,434.9585,1.0394440702321612,-0.01680112604553012
10 mcg,435.19180000000006,1.034121684043817,-0.014571644753508103
10 mcg,435.42510000000004,1.038386267590293,-0.01635893605375701
10 mcg,435.65840000000003,1.0396046678805566,-0.016868220838802538
10 mcg,435.8917,1.033690566675112,-0.014390552976990177
10 mcg,436.12500000000006,1.0378179233053153,-0.016121166768794763
10 mcg,436.35830000000004,1.0339650091853971,-0.014505841877044888
10 mcg,436.5916,1.041372965148374,-0.01760629886369625
10 mcg,436.8249,1.0518136955014477,-0.021938821394706327
10 mcg,437.05820000000006,1.0343400713436388,-0.014663350001947675
10 mcg,437.29150000000004,1.024730618731761,-0.010609713026648947
10 mcg,437.5248,1.024912860449621,-0.010686942626285742
10 mcg,437.7581,1.0277482401846514,-0.011886741809721928
10 mcg,437.99140000000006,1.0283287581773792,-0.012131981426513939
10 mcg,438.22470000000004,1.0205752187601538,-0.008845018742065384
10 mcg,438.458,1.0163604162054463,-0.007047742409117656
10 mcg,438.6913,1.0097855720686781,-0.004229161154751093
10 mcg,438.92460000000005,1.007141157382369,-0.0030903440153596806
10 mcg,439.15790000000004,1.0005612462654716,-0.00024367778085557755
10 mcg,439.3912,0.9984900945543873,0.0006562391575335617
10 mcg,439.6245,1.0028791835382593,-0.0012486168857764074
10 mcg,439.85780000000005,1.0011532648495067,-0.0005005679720387613
10 mcg,440.09110000000004,0.9994086968535212,0.00025687564682359165
10 mcg,440.3244,0.9973573018318781,0.0011492284334112173
10 mcg,440.5577,0.9985832397672757,0.0006157274233801387
10 mcg,440.79100000000005,0.9950050628908602,0.0021747094251599597
10 mcg,441.02430000000004,0.9956057261355276,0.001912614251159484
10 mcg,441.2576,0.9979403034850759,0.0008954373122722317
10 mcg,441.4909,0.9961020611427116,0.0016961612547567535
10 mcg,441.72420000000005,0.9961038747612992,0.0016953705287271845
10 mcg,441.95750000000004,0.9963912034767833,0.0015701152366514675
10 mcg,442.1908,0.9976023677106709,0.0010425287732398934
10 mcg,442.4241,0.9966075823283822,0.001475812979882945
10 mcg,442.65740000000005,0.9874875881599825,0.005468354362267677
10 mcg,442.89070000000004,0.9917032314639681,0.003618271616157971
10 mcg,443.124,0.9919675324052308,0.003502542289374343
10 mcg,443.3573,0.9880164341677814,0.005235831516599672
10 mcg,443.59060000000005,0.9837478608100401,0.007116199018551661
10 mcg,443.82390000000004,0.984498732572877,0.0067848386289204145
10 mcg,444.0572,0.9860452724625823,0.006103144765368871
10 mcg,444.2905,0.9851643424559001,0.006491315625960454
10 mcg,444.52380000000005,0.9831304804277778,0.007388839065916073
10 mcg,444.75710000000004,0.979959080893925,0.008792058300350802
10 mcg,444.9904,0.980426409600976,0.00858499873626418
10 mcg,445.2237,0.9798882049638503,0.008823469957337283
10 mcg,445.45700000000005,0.9795399420770068,0.008977850358403717
10 mcg,445.69030000000004,0.9809497835416412,0.008353224311151502
10 mcg,445.9236,0.9797343334896078,0.008891672410628024
10 mcg,446.1569,0.9841706092785413,0.0069296086361573545
10 mcg,446.39020000000005,0.9847520892585049,0.006673089114933924
10 mcg,446.62350000000004,0.9837746197955625,0.007104385908542521
10 mcg,446.8568,0.9875611879112343,0.0054359865886307425
10 mcg,447.0901,0.9876974743840171,0.005376056753301938
10 mcg,447.32340000000005,0.9815086194918159,0.008105882124804975
10 mcg,447.55670000000003,0.9815600739371535,0.008083115339557538
10 mcg,447.79,0.9864773257448657,0.005912892588227657
10 mcg,448.0233,0.9891139921858324,0.004753654485263297
10 mcg,448.25660000000005,0.9832677739598784,0.007328194358409719
10 mcg,448.48990000000003,0.9831024633292528,0.007401215698428344
10 mcg,448.7232,0.9820282774854525,0.007876006531705764
10 mcg,448.9565,0.9845780441179631,0.006749853130326873
10 mcg,449.18980000000005,0.9870171261217195,0.00567531165089933
10 mcg,449.42310000000003,0.9850162586661758,0.006556600983882533
10 mcg,449.6564,0.9827566807313642,0.007553995185405903
10 mcg,449.8897,0.9840648913376184,0.006976262320038927
10 mcg,450.12300000000005,0.9841864878929806,0.006922601782938172
10 mcg,450.35630000000003,0.9888263109865698,0.004879986263899544
10 mcg,450.5896,0.9884922863517374,0.005026715331539579
10 mcg,450.82290000000006,0.9841497783891182,0.006938800981454992
10 mcg,451.05620000000005,0.9822927056928721,0.007759080924313683
10 mcg,451.28950000000003,0.9846658782328078,0.006711111488428424
10 mcg,451.5228,0.985720753793441,0.006246099524380314
10 mcg,451.75610000000006,0.9859384612559341,0.006150191317432107
10 mcg,451.98940000000005,0.9844674786689028,0.006798625963571019
10 mcg,452.22270000000003,0.9847438518016078,0.006676722005970395
10 mcg,452.456,0.9858469308825643,0.006190511259214926
10 mcg,452.68930000000006,0.9859437051167993,0.0061478814635509095
10 mcg,452.92260000000005,0.9850979817320642,0.006520570711269789
10 mcg,453.15590000000003,0.9855635900396835,0.006315349149752966
10 mcg,453.3892,0.9879177118075655,0.005279228283040737
10 mcg,453.62250000000006,0.9889746396475123,0.004814844906721465
10 mcg,453.85580000000004,0.9867522778695039,0.005791862383661437
10 mcg,454.08910000000003,0.9860072722828244,0.006119881914108881
10 mcg,454.3224,0.9828762113731944,0.007501176067006247
10 mcg,454.55570000000006,0.9839174515421392,0.00704133636904253
10 mcg,454.78900000000004,0.9890423640488015,0.004785105694443069
10 mcg,455.02230000000003,0.9892892091450938,0.0046767280440900855
10 mcg,455.2556,0.986067058247675,0.0060935495246690966
10 mcg,455.48890000000006,0.9861755410122964,0.006045772982247926
10 mcg,455.72220000000004,0.9853716388667285,0.006399941818502449
10 mcg,455.95550000000003,0.9855076453441246,0.006340002213674107
10 mcg,456.1888,0.9879939018591967,0.005245735976211953
10 mcg,456.42210000000006,0.9882589117162249,0.005129260676638326
10 mcg,456.65540000000004,0.9871694594486824,0.00560828908684709
10 mcg,456.88870000000003,0.9863253837593238,0.005979789866605115
10 mcg,457.122,0.987248058446143,0.005573711688106506
10 mcg,457.35530000000006,0.9889262095906002,0.004836112814551631
10 mcg,457.58860000000004,0.9868517103029522,0.005748101875004071
10 mcg,457.8219,0.9877321238157577,0.005360821528496887
10 mcg,458.0552,0.9868731373091222,0.005738672363534958
10 mcg,458.28850000000006,0.9840954054825025,0.006962795810460792
10 mcg,458.52180000000004,0.9828983720766218,0.007491384230958453
10 mcg,458.7551,0.9865666170731182,0.005873584055531752
10 mcg,458.9884,0.9892145949288808,0.004709484657771079
10 mcg,459.22170000000006,0.9866934749105105,0.005817743815245764
10 mcg,459.45500000000004,0.980852241283896,0.008396411201357494
10 mcg,459.6883,0.9817787632421782,0.007986366314867838
10 mcg,459.9216,0.9859058014733411,0.006164577811974004
10 mcg,460.15490000000005,0.9884232429578558,0.00505705063372349
10 mcg,460.38820000000004,0.989123733626967,0.004749377290388901
10 mcg,460.6215,0.9844541484716157,0.006804506574606787
10 mcg,460.8548,0.9817911370875467,0.007980892720306566
10 mcg,461.08810000000005,0.9841588277296575,0.006934807625282216
10 mcg,461.32140000000004,0.9823804166240498,0.0077203036101582525
10 mcg,461.5547,0.9917200980070031,0.0036108853497364515
10 mcg,461.788,0.991287828998842,0.0038002260430932953
10 mcg,462.02130000000005,0.9819675639462935,0.0079028574592747
10 mcg,462.25460000000004,0.9822881253318181,0.007761106013329583
10 mcg,462.4879,0.9884205621796736,0.005058228518560641
10 mcg,462.7212,0.9950115179418336,0.0021718919682149605
10 mcg,462.95450000000005,0.9932978833929939,0.0029204899603868695
10 mcg,463.18780000000004,0.9884931163169942,0.005026350686124659
10 mcg,463.4211,0.9857500962323847,0.006233171857385282
10 mcg,463.6544,0.9851832362337906,0.006482986675709116
10 mcg,463.88770000000005,0.9877199769761363,0.005366162387349474
10 mcg,464.12100000000004,0.9904015201012559,0.004188701753803005
10 mcg,464.3543,0.9872916017266947,0.005554557242285989
10 mcg,464.5876,0.9856078546067508,0.006295844141929719
10 mcg,464.82090000000005,0.9870582269550454,0.005657227371502589
10 mcg,465.05420000000004,0.9893873942149805,0.004633627282682529
10 mcg,465.2875,0.9904071413433041,0.004186236826775486
10 mcg,465.5208,0.9864468552656054,0.005926307357160107
10 mcg,465.75410000000005,0.9823668490221971,0.007726301668758913
10 mcg,465.98740000000004,0.9854752374373483,0.00635428399684655
10 mcg,466.2207,0.9871095107236489,0.005634663678159172
10 mcg,466.454,0.9865062371703776,0.005900164582986592
10 mcg,466.68730000000005,0.9880931357190104,0.005202117737792563
10 mcg,466.92060000000004,0.9879007588914299,0.005286680949405803
10 mcg,467.1539,0.9863594994311717,0.005964768462874876
10 mcg,467.3872,0.9877622255797233,0.005347586329934249
10 mcg,467.62050000000005,0.9869781913697011,0.005692443553704003
10 mcg,467.85380000000004,0.9866303029151184,0.005845549945519225
10 mcg,468.0871,0.9854002911208151,0.006387313755705925
10 mcg,468.3204,0.9864640875223036,0.005918720725819914
10 mcg,468.55370000000005,0.9874701700939325,0.005476014850133346
10 mcg,468.78700000000003,0.9923187587522448,0.0033487986822346256
10 mcg,469.0203,0.9897229677883589,0.00448635125868159
10 mcg,469.2536,0.9885299732722413,0.005010157883552216
10 mcg,469.48690000000005,0.9891017242533496,0.004759041051892427
10 mcg,469.72020000000003,0.9867398637897016,0.005797326166609774
10 mcg,469.9535,0.9859888729931648,0.006127986098277236
10 mcg,470.1868,0.9878310569929369,0.005317323923986532
10 mcg,470.42010000000005,0.9923456315654625,0.0033370377874946374
10 mcg,470.65340000000003,0.9862545778796854,0.006010967921157495
10 mcg,470.8867,0.9889840357598976,0.004810718754025729
10 mcg,471.12000000000006,0.9915463389656938,0.003686984648960933
10 mcg,471.35330000000005,0.9896143039591314,0.004534036008660269
10 mcg,471.58660000000003,0.9896929090961225,0.004499541335941188
10 mcg,471.8199,0.995300159489633,0.0020459263380500615
10 mcg,472.05320000000006,1.0011125267833478,-0.0004828956755708369
10 mcg,472.28650000000005,1.0077482335857009,-0.0033520455800823724
10 mcg,472.51980000000003,1.0068416820035535,-0.002961186504282082
10 mcg,472.7531,1.0064872573983448,-0.0028082808872509687
10 mcg,472.98640000000006,1.007027454807641,-0.003041310979559051
10 mcg,473.21970000000005,1.0122057389283055,-0.005268795310083128
10 mcg,473.45300000000003,1.0200634873258527,-0.008627202484705188
10 mcg,473.6863,1.0138942632446029,-0.005992665762787284
10 mcg,473.91960000000006,1.003871713550698,-0.0016782171349147698
10 mcg,474.15290000000005,1.0094069236534768,-0.004066279290263855
10 mcg,474.38620000000003,1.0108203499218473,-0.004673976589589249
10 mcg,474.6195,1.0142478949558626,-0.006144115010821058
10 mcg,474.85280000000006,1.0144101707824356,-0.006213594926995667
10 mcg,475.08610000000004,1.0195716449969086,-0.008417748930800202
10 mcg,475.31940000000003,1.0196886054317618,-0.008467566281481924
10 mcg,475.5527,1.016536202956406,-0.007122850228575071
10 mcg,475.78600000000006,1.0164094316619543,-0.007068686385944022
10 mcg,476.01930000000004,1.020011005188572,-0.00860485751376598
10 mcg,476.25260000000003,1.0104640760651937,-0.004520878124470614
10 mcg,476.4859,1.020076591588633,-0.008632781620249616
10 mcg,476.71920000000006,1.0207576029463288,-0.008922623378615309
10 mcg,476.95250000000004,1.0111694757580614,-0.0048239510590338906
10 mcg,477.18580000000003,1.0117733838171366,-0.005083250469477543
10 mcg,477.4191,1.022866207996471,-0.009818831240218295
10 mcg,477.65240000000006,1.0262995229733436,-0.011274127043580343
10 mcg,477.88570000000004,1.0138579559514973,-0.0059771135104943265
10 mcg,478.119,1.0047280622200236,-0.0020485323452349253
10 mcg,478.3523,1.0057741917778142,-0.002500487407114047
10 mcg,478.58560000000006,1.0137776047662828,-0.005942693048506595
10 mcg,478.81890000000004,1.0105335533553355,-0.004550738232467556
10 mcg,479.0522,1.0097736295272037,-0.004224024806325954
10 mcg,479.2855,1.0065100158288303,-0.00281810093113131
10 mcg,479.51880000000006,1.0080246661159864,-0.0034711593188293285
10 mcg,479.75210000000004,1.0019466020859151,-0.0008445767833443556
10 mcg,479.9854,1.0010105082103793,-0.0004386365540724748
10 mcg,480.2187,1.0063973091197231,-0.002769466896883258
10 mcg,480.45200000000006,1.0012712872451612,-0.0005517623855106588
10 mcg,480.68530000000004,0.996005196320157,0.0017383957858559593
10 mcg,480.9186,1.0043792738206723,-0.0018977421151714284
10 mcg,481.1519,1.002163481953291,-0.0009385733464623731
10 mcg,481.38520000000005,0.9996898610450679,0.00013471252763149911
10 mcg,481.61850000000004,1.0036648231463627,-0.0015887030865901703
10 mcg,481.8518,1.0016597226065391,-0.0007202108595795611
10 mcg,482.0851,0.9965025777917353,0.0015215735121356943
10 mcg,482.31840000000005,0.9975585380530049,0.0010616099194433277
10 mcg,482.55170000000004,0.9948105882965973,0.0022596009510430512
10 mcg,482.785,0.998432318045303,0.0006813698475670291
10 mcg,483.0183,0.9943565954118198,0.0024578413098429843
10 mcg,483.25160000000005,0.9901460501647212,0.004300740652550209
10 mcg,483.48490000000004,0.9910845909044245,0.0038892760947799934
10 mcg,483.7182,0.9911562065548837,0.0038578951627905554
10 mcg,483.9515,0.9937220305291496,0.002735081890488188
10 mcg,484.18480000000005,0.9947667559772859,0.002278736808680171
10 mcg,484.41810000000004,0.9883103674790316,0.00510664881669564
10 mcg,484.6514,0.9889908721980997,0.004807716666006201
10 mcg,484.8847,0.9815926732310258,0.008068691914315237
10 mcg,485.11800000000005,0.9862621925560839,0.006007614832361551
10 mcg,485.35130000000004,0.9906065359675248,0.004098810892967491
10 mcg,485.5846,0.9894516460204671,0.00460542468103823
10 mcg,485.8179,0.9862824074422619,0.005998713422964049
10 mcg,486.05120000000005,0.9854775667492429,0.00635325748083835
10 mcg,486.28450000000004,0.979791637147353,0.008866271713998734
10 mcg,486.5178,0.9790257544063385,0.00920588342726147
10 mcg,486.7511,0.9776499654116021,0.00981661075534182
10 mcg,486.98440000000005,0.9808851580533351,0.008381836802831333
10 mcg,487.21770000000004,0.9839538908323863,0.0070252526115937314
10 mcg,487.451,0.9739306400762522,0.011471970949657103
10 mcg,487.6843,0.9792073261904938,0.009125345900921759
10 mcg,487.91760000000005,0.9803509339370904,0.008618433092763392
10 mcg,488.15090000000004,0.9791235822762239,0.009162489286368343
10 mcg,488.3842,0.9766997663551401,0.010238916172575874
10 mcg,488.6175,0.9690263333501967,0.013664420809620402
10 mcg,488.85080000000005,0.9716842765474984,0.012474824813545083
10 mcg,489.08410000000003,0.9796058843089142,0.008948614813946673
10 mcg,489.3174,0.9750416977438562,0.010976811262652509
10 mcg,489.5507,0.9761220548474314,0.010495874513091252
10 mcg,489.78400000000005,0.9771464463448809,0.01004034306396606
10 mcg,490.01730000000003,0.9733030368607084,0.011751921554457862
10 mcg,490.2506,0.9731115161907782,0.011837387798284641
10 mcg,490.48390000000006,0.9702951164681688,0.013096154434247139
10 mcg,490.71720000000005,0.9691012335075037,0.013630853643470426
10 mcg,490.95050000000003,0.9724059342076975,0.012152399493661065
10 mcg,491.1838,0.9725838419542491,0.01207294987004079
10 mcg,491.41710000000006,0.9697018479868744,0.013361776742390781
10 mcg,491.65040000000005,0.9671043293115683,0.014526672555809732
10 mcg,491.88370000000003,0.9668191521805428,0.014654755033169705
10 mcg,492.117,0.9721822200042773,0.012252325891224422
10 mcg,492.35030000000006,0.9687265333144179,0.013798804821629224
10 mcg,492.58360000000005,0.9659180741054815,0.015059707407237145
10 mcg,492.81690000000003,0.9665582085830104,0.014771986534359587
10 mcg,493.0502,0.9722717293954455,0.012212341982423392
10 mcg,493.28350000000006,0.9653304274465692,0.015324004527929732
10 mcg,493.51680000000005,0.9623760249036105,0.016655204851255174
10 mcg,493.75010000000003,0.9618184321109501,0.016906904443151308
10 mcg,493.9834,0.9696022133444189,0.013406401797662636
10 mcg,494.21670000000006,0.9672307584368203,0.014469901139239006
10 mcg,494.45000000000005,0.9646013327741274,0.01565214235602991
10 mcg,494.68330000000003,0.9660049240544953,0.015020659832699615
10 mcg,494.9166,0.9620217174874397,0.016815123722587727
10 mcg,495.14990000000006,0.9634131027596097,0.016187451422560582
10 mcg,495.38320000000004,0.9629075744216027,0.016415397034402906
10 mcg,495.61650000000003,0.9625588375978317,0.016572714221460418
10 mcg,495.8498,0.968570226749307,0.013868885028502621
10 mcg,496.08310000000006,0.9644492230854605,0.015720632420604206
10 mcg,496.31640000000004,0.9626686041147708,0.016523191768556184
10 mcg,496.54970000000003,0.9646332064151378,0.015637792056852635
10 mcg,496.783,0.9614544534878375,0.017071284558546604
10 mcg,497.01630000000006,0.9561133566257908,0.019490614796500834
10 mcg,497.24960000000004,0.9558840024622117,0.01959480662254937
10 mcg,497.48290000000003,0.9563916460874384,0.01936422602549429
10 mcg,497.7162,0.9587477207263476,0.01829565550934762
10 mcg,497.94950000000006,0.9547039770929643,0.020131268253227724
10 mcg,498.18280000000004,0.9530699215122682,0.02087523638895122
10 mcg,498.41610000000003,0.9510614924994509,0.021791402105892928
10 mcg,498.6494,0.9560985047652215,0.01949736099572864
10 mcg,498.88270000000006,0.9520911928348487,0.021321452195137383
10 mcg,499.11600000000004,0.9489462159419019,0.02275840167341939
10 mcg,499.3493,0.950041330783663,0.022257500668175785
10 mcg,499.5826,0.9522056481399902,0.02126924677585839
10 mcg,499.81590000000006,0.9513069485137393,0.02167933107816899
10 mcg,500.04920000000004,0.9541317229836703,0.020391664482560953
10 mcg,500.2825,0.9530045167118338,0.020905041042284956
10 mcg,500.5158,0.9496008105369805,0.022458923358869794
10 mcg,500.74910000000006,0.9497067023079051,0.02241049706504624
10 mcg,500.98240000000004,0.9545745361484326,0.020190154882536882
10 mcg,501.2157,0.9522655243740963,0.02124193849369242
10 mcg,501.449,0.9505977477477477,0.022003219014418048
10 mcg,501.68230000000005,0.9505226998171057,0.02203750711248651
10 mcg,501.91560000000004,0.9542916469180942,0.02031887761199282
10 mcg,502.1489,0.954796941767626,0.020088980716363388
10 mcg,502.3822,0.9568671095819449,0.01914837317689294
10 mcg,502.61550000000005,0.953496559449512,0.020680869702178497
10 mcg,502.84880000000004,0.9503710147664101,0.022106817647987526
10 mcg,503.0821,0.948940108729838,0.022761196707520928
10 mcg,503.3154,0.9500073135440084,0.022273051322120666
10 mcg,503.54870000000005,0.9486191610382775,0.022908107336320965
10 mcg,503.78200000000004,0.9494252095225842,0.02253924090163194
10 mcg,504.0153,0.9495463591135233,0.022483827118961335
10 mcg,504.2486,0.9458983604265462,0.02415552731636439
10 mcg,504.48190000000005,0.946673264776263,0.02379988772269241
10 mcg,504.71520000000004,0.9488290103248553,0.02281204527893344
10 mcg,504.9485,0.9471130367357489,0.023598185409626698
10 mcg,505.1818,0.947181936052281,0.02356659308275065
10 mcg,505.41510000000005,0.9434770288864558,0.025268669266195056
10 mcg,505.64840000000004,0.9427545856406273,0.025601346470921403
10 mcg,505.8817,0.9474906895551765,0.02342504890044658
10 mcg,506.115,0.9459515190499979,0.024131121049157715
10 mcg,506.34830000000005,0.9435747801922465,0.025223675427088497
10 mcg,506.58160000000004,0.9442345223339933,0.024920125293162534
10 mcg,506.8149,0.9446952394669521,0.024708273146432428
10 mcg,507.0482,0.9433308410445663,0.02533596660387608
10 mcg,507.28150000000005,0.9404590571002766,0.02666010671910093
10 mcg,507.51480000000004,0.9419623040822358,0.0259664766727754
10 mcg,507.7481,0.943168668416906,0.025410634714976947
10 mcg,507.9814,0.9385938860626059,0.02752227907933172
10 mcg,508.21470000000005,0.9394945034727014,0.027105756402687448
10 mcg,508.44800000000004,0.9404794900221729,0.02665067110490432
10 mcg,508.6813,0.9351404610132346,0.029123151842522395
10 mcg,508.9146,0.9342232791577085,0.029549315078878844
10 mcg,509.14790000000005,0.9326231090046956,0.03029382758098995
10 mcg,509.38120000000004,0.9350859655212309,0.02914846117527131
10 mcg,509.6145,0.9350153469240032,0.029181260753461224
10 mcg,509.8478,0.9359573779122726,0.028743927927462914
10 mcg,510.08110000000005,0.9324549098429492,0.030372159926625945
10 mcg,510.31440000000003,0.9271776170957063,0.03283706117858128
10 mcg,510.5477,0.9257835343408094,0.03349054769289172
10 mcg,510.78100000000006,0.9323942870390536,0.030400396149975983
10 mcg,511.01430000000005,0.9317498243148279,0.030700680462084087
10 mcg,511.24760000000003,0.9322637166478769,0.03046121802762706
10 mcg,511.4809,0.9319507657279414,0.030607030497378958
10 mcg,511.71420000000006,0.9346798099425574,0.029337138422123533
10 mcg,511.94750000000005,0.931312559151662,0.03090454035712964
10 mcg,512.1808,0.933235198604306,0.03000888939035371
10 mcg,512.4141,0.932708867978329,0.03025389404689684
10 mcg,512.6474000000001,0.932145367385498,0.03051635445889385
10 mcg,512.8807,0.9302973082516748,0.03137823564102852
10 mcg,513.114,0.9274671437090043,0.032701466681782546
10 mcg,513.3473,0.9280673797047352,0.0324204919151167
10 mcg,513.5806,0.9274776298023076,0.03269655650599355
10 mcg,513.8139,0.9267078566090151,0.03305715502412496
10 mcg,514.0472,0.9271216831754754,0.03286326168775618
10 mcg,514.2805,0.9230093196891354,0.03479391385043618
10 mcg,514.5138000000001,0.9219403128760529,0.035297194594582186
10 mcg,514.7471,0.925673952442828,0.03354195671956944
10 mcg,514.9804,0.9311848563090177,0.03096409548940559
10 mcg,515.2137,0.9282828061513891,0.03231969356556965
10 mcg,515.447,0.9254298994913727,0.03365647309379948
10 mcg,515.6803,0.9299781974963867,0.03152723297079902
10 mcg,515.9136,0.9338385219904924,0.029728214852810138
10 mcg,516.1469,0.9275957793044542,0.032641236132536215
10 mcg,516.3802000000001,0.921555521277872,0.03547849456510947
10 mcg,516.6135,0.9194012817781305,0.036494895116075655
10 mcg,516.8468,0.9249196455262136,0.03389599593168885
10 mcg,517.0801,0.92635053857849,0.03322464165192676
10 mcg,517.3134,0.9218915250717555,0.035320177465101514
10 mcg,517.5467,0.9252387327086122,0.03374619491403982
10 mcg,517.78,0.9302550604562823,0.03139795879929409
10 mcg,518.0133,0.9284723521094094,0.03223102407831392
10 mcg,518.2466000000001,0.9289676853012012,0.03199939293796433
10 mcg,518.4799,0.9278554638659664,0.03251967047754885
10 mcg,518.7132,0.9288743317521272,0.03204303812511255
10 mcg,518.9465,0.9282152300303654,0.03235131001321464
10 mcg,519.1798,0.922718353169382,0.03493084104381629
10 mcg,519.4131,0.9265183751930486,0.03314596310621671
10 mcg,519.6464,0.9330913029219071,0.030075858488106202
10 mcg,519.8797,0.9293512031678344,0.03182013447313538
10 mcg,520.113,0.9265715176446434,0.03312105392768417
10 mcg,520.3463,0.9261043504715547,0.03334007564992983
10 mcg,520.5796,0.9291787735127696,0.031900719934619015
10 mcg,520.8129,0.9245074429710919,0.03408958809781803
10 mcg,521.0462,0.9264757854154076,0.03316592701739506
10 mcg,521.2795,0.9268548826013968,0.03298825789324194
10 mcg,521.5128,0.926881522264968,0.032975775580374636
10 mcg,521.7461,0.9234125129902131,0.03460424470172654
10 mcg,521.9794,0.9242819214984472,0.034195541467615956
10 mcg,522.2127,0.9239894463973911,0.03433298916685463
10 mcg,522.446,0.9299322472200673,0.03154869201632262
10 mcg,522.6793,0.931312675296236,0.030904486195995517
10 mcg,522.9126,0.9234051008900623,0.03460773073539939
10 mcg,523.1459,0.9274913526731999,0.03269013077363812
10 mcg,523.3792,0.92717234270185,0.0328395317372103
10 mcg,523.6125,0.9217671132979868,0.035378790644124025
10 mcg,523.8458,0.9220202683510924,0.0352595319438912
10 mcg,524.0791,0.9221050543956203,0.035219597443938704
10 mcg,524.3124,0.9253377590053774,0.03369971580390086
10 mcg,524.5457,0.9297302003118249,0.031643061677652316
10 mcg,524.779,0.9306057169443717,0.03123428381460657
10 mcg,525.0123,0.9225444948514129,0.03501267839119624
10 mcg,525.2456,0.919110880932016,0.036632092452720456
10 mcg,525.4789,0.9221289842144457,0.03520832708665019
10 mcg,525.7122,0.9288840036002453,0.032038516083480344
10 mcg,525.9455,0.9277649075599925,0.03256205857009495
10 mcg,526.1788,0.9272706507304117,0.03279348596009842
10 mcg,526.4121,0.9268028513671669,0.03301263874576343
10 mcg,526.6454,0.9247406414053125,0.03398005515352245
10 mcg,526.8787,0.9242030967212285,0.034232580627216055
10 mcg,527.112,0.9270167372648624,0.03291242460830594
10 mcg,527.3453,0.9252539380152777,0.03373905780846241
10 mcg,527.5786,0.9271960453845347,0.03282842936471197
10 mcg,527.8119,0.9280386283075085,0.032433946505651574
10 mcg,528.0452,0.930592401124679,0.03124049807729951
10 mcg,528.2785,0.9330915596031873,0.030075739019359754
10 mcg,528.5118,0.9299909907716283,0.03152125862576359
10 mcg,528.7451,0.9343495187422187,0.029490633763282724
10 mcg,528.9784,0.9347573398880242,0.02930111599952338
10 mcg,529.2117,0.926289838327787,0.03325310026080576
10 mcg,529.445,0.9224869315565668,0.03503977757331543
10 mcg,529.6783,0.9282520907906916,0.032334063897830896
10 mcg,529.9116,0.9350076166392576,0.029184851319004015
10 mcg,530.1449,0.9309943063883368,0.031052974992544034
10 mcg,530.3782,0.9274268490049157,0.032720335434074696
10 mcg,530.6115,0.9296038453791159,0.03170208845688911
10 mcg,530.8448,0.9270470506875622,0.032898223422464526
10 mcg,531.0781000000001,0.9301490272944473,0.031447463761615724
10 mcg,531.3114,0.9355826920932307,0.028917821063323846
10 mcg,531.5447,0.9301547936085219,0.03144477142893821
10 mcg,531.778,0.9242882515585681,0.03419256715782704
10 mcg,532.0113,0.929983641688891,0.03152469057158065
10 mcg,532.2446,0.9339935271810678,0.029656133533595582
10 mcg,532.4779,0.9266841351828753,0.033068272029617145
10 mcg,532.7112,0.9213202552286031,0.035589380766810425
10 mcg,532.9445000000001,0.9266687376336683,0.03307548821683509
10 mcg,533.1778,0.9331120463122125,0.030066203870403752
10 mcg,533.4111,0.9273015873015873,0.03277899681605077
10 mcg,533.6444,0.9190593002520032,0.036656465826782926
10 mcg,533.8777,0.9233445718138908,0.03463619961147278
10 mcg,534.111,0.9288782004979733,0.03204122929972414
10 mcg,534.3443,0.9247361979144584,0.03398214199615527
10 mcg,534.5776,0.9272365545622251,0.032809455461491464
10 mcg,534.8109000000001,0.9238653416008381,0.03439132495032831
10 mcg,535.0442,0.9216347937392567,0.03544113804008109
10 mcg,535.2775,0.9251982853769347,0.03376518075661254
10 mcg,535.5108,0.9310438477627312,0.031029865320508044
10 mcg,535.7441,0.9300037424072314,0.031515303807850434
10 mcg,535.9774,0.9210546171653948,0.03571461602437157
10 mcg,536.2107,0.920698952430019,0.03588235098788826
10 mcg,536.444,0.9269388449876085,0.03294891759286071
10 mcg,536.6773000000001,0.9304265474437076,0.03131790657300058
10 mcg,536.9106,0.926764705027735,0.033030514268741006
10 mcg,537.1439,0.9175785790723097,0.037356733619519515
10 mcg,537.3772,0.9206655819201174,0.03589809217116815
10 mcg,537.6105,0.9283063780887135,0.03230866564146539
10 mcg,537.8438,0.9322920448273522,0.030448021563049675
10 mcg,538.0771,0.9360614889326455,0.028695621959504286
10 mcg,538.3104,0.9324013182288745,0.030397121145539215
10 mcg,538.5437000000001,0.9231304850258978,0.03473690685985504
10 mcg,538.777,0.9244190104397717,0.03413113194650009
10 mcg,539.0103,0.923884104294297,0.03438250499451317
10 mcg,539.2436,0.9274409796968371,0.03271371837874372
10 mcg,539.4769,0.9360281470369399,0.028711091519342067
10 mcg,539.7102,0.9330259917180155,0.030106257751378287
10 mcg,539.9435,0.9263128606945079,0.033242306271535384
10 mcg,540.1768,0.9253982081009643,0.03367134578340592
10 mcg,540.4101,0.9265490581401986,0.03313158107737382
10 mcg,540.6434,0.9296414085128102,0.03168453997945775
10 mcg,540.8767,0.9297482442512288,0.0316346330956076
10 mcg,541.11,0.9282847507429297,0.03231878379487751
10 mcg,541.3433,0.9285318812641042,0.0322031801101198
10 mcg,541.5766,0.9254711497789179,0.03363711520076913
10 mcg,541.8099,0.920870172880017,0.03580159366434777
10 mcg,542.0432,0.9241694715249562,0.03424838181085883
10 mcg,542.2765,0.9252950334877981,0.0337197688977396
10 mcg,542.5098,0.9226696928598449,0.034953744523623737
10 mcg,542.7431,0.9228692748179876,0.03485981278339525
10 mcg,542.9764,0.9264211537865401,0.033191536876701816
10 mcg,543.2097,0.9251752827315888,0.03377597849185435
10 mcg,543.443,0.9233974776114778,0.034611316118982695
10 mcg,543.6763,0.9302099343955014,0.03141902664979947
10 mcg,543.9096,0.9350708828349359,0.029155466285496267
10 mcg,544.1429,0.9311162865251704,0.030996076867796745
10 mcg,544.3762,0.9300398401363433,0.03149844716566026
10 mcg,544.6095,0.9336637015800082,0.02980952510653929
10 mcg,544.8428,0.9355130518924528,0.028950149024121866
10 mcg,545.0761,0.9320504376545153,0.030560585282993456
10 mcg,545.3094,0.9281754456111624,0.032369924795065216
10 mcg,545.5427,0.9240225657984346,0.034317422630464466
10 mcg,545.776,0.9234406103264028,0.03459103031243889
10 mcg,546.0093,0.9323418496764174,0.030424821329277284
10 mcg,546.2426,0.9351039148878342,0.029140124790873818
10 mcg,546.4759,0.9286594483114206,0.03214351833599127
10 mcg,546.7092,0.9225956599897278,0.0349885927008129
10 mcg,546.9425,0.9207410978274843,0.03586247142291689
10 mcg,547.1758,0.9310418358064423,0.031030803818152715
10 mcg,547.4091,0.9272371402839688,0.032809181124118104
10 mcg,547.6424,0.9286007485210673,0.032170970596144426
10 mcg,547.8757,0.9281137016969375,0.03239881581270408
10 mcg,548.109,0.927509104462418,0.03268181864188432
10 mcg,548.3423,0.926077409628683,0.033352709679321406
10 mcg,548.5756,0.9318083458047978,0.030673404082325686
10 mcg,548.8089,0.9359352483267936,0.02875419641906981
10 mcg,549.0422,0.9441370967741936,0.0249649378529646
10 mcg,549.2755,0.948257637199243,0.023073650834365828
10 mcg,549.5088,0.9411371057507675,0.02634710352964872
10 mcg,549.7421,0.9339306797240032,0.029685357742708755
10 mcg,549.9754,0.9422627737226279,0.02582796635418875
10 mcg,550.2087,0.9439415513967995,0.025054896265184187
10 mcg,550.442,0.9409107209310192,0.02645158299832497
10 mcg,550.6753,0.9471564086045694,0.02357829788692161
10 mcg,550.9086,0.9421728193622951,0.02586942882973176
10 mcg,551.1419,0.9437773473925831,0.02513045083335975
10 mcg,551.3752000000001,0.9475652493904095,0.02339087479047485
10 mcg,551.6085,0.9430781909961884,0.025452298237848902
10 mcg,551.8418,0.9365026570717803,0.028490986094429703
10 mcg,552.0751,0.93684127522876,0.02833398342544346
10 mcg,552.3084,0.9423370615851975,0.025793727988888463
10 mcg,552.5417,0.945721824088424,0.02423658878774441
10 mcg,552.775,0.9411153834195282,0.026357127571211697
10 mcg,553.0083,0.9444339233253213,0.024828421796192945
10 mcg,553.2416000000001,0.9497170940797444,0.022405745003736263
10 mcg,553.4749,0.9446082984578242,0.02474824343154973
10 mcg,553.7082,0.9401571249535672,0.02679955831757493
10 mcg,553.9415,0.9456424352424017,0.024273047272779555
10 mcg,554.1748,0.9522175262427575,0.021263829288236145
10 mcg,554.4081,0.9485240899112376,0.022951634746152184
10 mcg,554.6414,0.946438650317529,0.023907532457810434
10 mcg,554.8747,0.9532187323146577,0.020807431641410093
10 mcg,555.1080000000001,0.9506062179276636,0.021999349306102013
10 mcg,555.3413,0.9483989995731605,0.023008912812876325
10 mcg,555.5746,0.9489861462959625,0.02274012754228959
10 mcg,555.8079,0.9369747047371382,0.028272133489346016
10 mcg,556.0412,0.9362452380702507,0.02861037819509142
10 mcg,556.2745,0.9531436352035815,0.0208416478654815
10 mcg,556.5078,0.9473118851746609,0.023507013910484206
10 mcg,556.7411,0.9469354146036747,0.023679640888756907
10 mcg,556.9744000000001,0.9532540593089792,0.020791336663537628
10 mcg,557.2077,0.9514389799635703,0.02161905973102471
10 mcg,557.441,0.9484004260306129,0.023008259604538242
10 mcg,557.6743,0.9515303408413393,0.021577359084909622
10 mcg,557.9076,0.95859533477663,0.01836468893248113
10 mcg,558.1409,0.9578010332304404,0.018724698796818103
10 mcg,558.3742,0.9414711811034742,0.026192969411833113
10 mcg,558.6075,0.9555895008605854,0.019728630524672715
10 mcg,558.8408000000001,0.967981973940588,0.014132730182335766
10 mcg,559.0741,0.9556426011815726,0.019704498263213365
10 mcg,559.3074,0.9400607795328458,0.02684406622754931
10 mcg,559.5407,0.9468471733646022,0.023720112993080487
10 mcg,559.774,0.961305240223504,0.01713869027509957
10 mcg,560.0073,0.9624240054169336,0.01663355307252369
10 mcg,560.2406,0.9556045047671495,0.019721811631552753
10 mcg,560.4739,0.951159544771312,0.021746629642745145
10 mcg,560.7072000000001,0.9507611289393565,0.021928582341660376
10 mcg,560.9405,0.9551445261464373,0.019930908878125448
10 mcg,561.1738,0.958706332961507,0.01831440378428732
10 mcg,561.4071,0.9536022031692071,0.020632754223884907
10 mcg,561.6404,0.9489838682616347,0.022741170064279434
10 mcg,561.8737,0.9481686962916946,0.02311438697550658
10 mcg,562.107,0.9623572919946008,0.016663658592811704
10 mcg,562.3403,0.9659414772109212,0.015049185069269637
10 mcg,562.5736,0.9636253846348544,0.01609176797046262
10 mcg,562.8069,0.9569033944996965,0.019131904807750313
10 mcg,563.0402,0.9532275359210808,0.020803420662706816
10 mcg,563.2735,0.9566311519178322,0.0192554807861008
10 mcg,563.5068,0.967407665075966,0.01439047588181269
10 mcg,563.7401,0.9760951577501926,0.010507841686452274
10 mcg,563.9734,0.9598953292468723,0.017776121552999822
10 mcg,564.2067,0.9634870358399772,0.016154124600680945
10 mcg,564.44,0.964620446415437,0.01564353686645931
10 mcg,564.6733,0.9671548748921486,0.014503974804972727
10 mcg,564.9066,0.9697624190064795,0.013334650014629941
10 mcg,565.1399,0.965695055210898,0.015159992370347122
10 mcg,565.3732,0.965598472062465,0.015203430126288362
10 mcg,565.6065,0.9735037462708642,0.011662372873653138
10 mcg,565.8398,0.9646179467154509,0.015644662290786596
10 mcg,566.0731,0.9661577362776295,0.014951964265007106
10 mcg,566.3064,0.9654606365159129,0.015265428453645034
10 mcg,566.5397,0.9573651368121034,0.018922391733749856
10 mcg,566.773,0.953016842105263,0.020899424263303015
10 mcg,567.0063,0.9577537526112395,0.018746137715898736
10 mcg,567.2396,0.9720490402759497,0.012311824184854556
10 mcg,567.4729,0.9825880795369101,0.007628508899288216
10 mcg,567.7062,0.9597076841614328,0.017861027885041354
10 mcg,567.9395,0.9555100491399636,0.01976474109135001
10 mcg,568.1728,0.9584854221357624,0.018414488038022606
10 mcg,568.4061,0.9685290980706885,0.013887326992676379
10 mcg,568.6394,0.9763817049554093,0.010380366812561647
10 mcg,568.8727,0.9673349892921649,0.014423103158434102
10 mcg,569.106,0.962622803376228,0.016543854622961107
10 mcg,569.3393,0.967500493234894,0.014348804904257063
10 mcg,569.5726,0.9679800082148564,0.014133612125107425
10 mcg,569.8059,0.9697218403398694,0.01335282298088054
10 mcg,570.0392,0.9728731599944971,0.011943777928234622
10 mcg,570.2725,0.9709552136752136,0.012800801917225626
10 mcg,570.5058,0.9690663949736796,0.013646466516966676
10 mcg,570.7391,0.969953146798815,0.013249243649403993
10 mcg,570.9724,0.9784042048151916,0.009481689532573142
10 mcg,571.2057,0.9829442685480232,0.007471105309482063
10 mcg,571.439,0.9728720163369154,0.011944288461867632
10 mcg,571.6723000000001,0.9729912032264844,0.011891086152476804
10 mcg,571.9056,0.966682835562331,0.01471599267921763
10 mcg,572.1389,0.9726326921805802,0.012051136993821078
10 mcg,572.3722,0.990613269095654,0.004095859014145184
10 mcg,572.6055,0.9799921096755103,0.008777420979118666
10 mcg,572.8388,0.968836333937005,0.013749582362470744
10 mcg,573.0721,0.983232992368891,0.007343557132020479
10 mcg,573.3054,0.9930756247971437,0.0030176778072224294
10 mcg,573.5387000000001,0.9946050468916174,0.0023493413720230747
10 mcg,573.772,0.9924616948914835,0.003286246296121332
10 mcg,574.0053,0.9942151347556752,0.002519629961005625
10 mcg,574.2386,1.0019706018759524,-0.000854979385168355
10 mcg,574.4719,0.9994806310892735,0.00022561764646914986
10 mcg,574.7052,0.9986391164725404,0.0005914267292747188
10 mcg,574.9385,0.9963771089207614,0.0015762586381369676
10 mcg,575.1718,1.0045502058772735,-0.0019716469982364103
10 mcg,575.4051000000001,1.0006892662447522,-0.00029924140999966226
10 mcg,575.6384,1.001953950616189,-0.0008477619974446661
10 mcg,575.8717,0.9997543613979811,0.00010669259384556085
10 mcg,576.105,1.0135494232734705,-0.005844930859921679
10 mcg,576.3383,1.0240400560738403,-0.01031694471754625
10 mcg,576.5716,1.018172586211348,-0.007821399696590367
10 mcg,576.8049,1.0165019421054124,-0.007108212727975918
10 mcg,577.0382,1.007621907144843,-0.0032976011133849957
10 mcg,577.2715000000001,1.0134659873274985,-0.005809178027694559
10 mcg,577.5048,1.0140866694180768,-0.00607507377592857
10 mcg,577.7381,1.0020399407445784,-0.0008850326083398182
10 mcg,577.9714,0.9898008052553505,0.004452197203168288
10 mcg,578.2047,0.9935381515591409,0.0028154514595667792
10 mcg,578.438,0.9978416866877581,0.0009383565601097653
10 mcg,578.6713,0.9936717851143068,0.002757041611042908
10 mcg,578.9046,0.9819219623720425,0.007923026121311376
10 mcg,579.1379000000001,0.9793966332659165,0.009041393228304698
10 mcg,579.3712,0.9785314976415396,0.009425190412977801
10 mcg,579.6045,0.9773321118660457,0.009957831530416225
10 mcg,579.8378,0.9701067149904359,0.013180489257161046
10 mcg,580.0711,0.9646490178482401,0.015630673535714477
10 mcg,580.3044,0.9654784548024493,0.015257413303343537
10 mcg,580.5377,0.9660283936008973,0.015010108571080562
10 mcg,580.771,0.9645711320335089,0.01566573991170766
10 mcg,581.0043000000001,0.9573373446825164,0.018934999403753414
10 mcg,581.2376,0.9573246092330059,0.018940776857507845
10 mcg,581.4709,0.9559965827692712,0.019543660116265335
10 mcg,581.7042,0.9570327342075753,0.01907320742421101
10 mcg,581.9375,0.956632203895433,0.01925500320619448
10 mcg,582.1708,0.9576932586720965,0.0187735696248081
10 mcg,582.4041,0.9584398595960845,0.018435133140631367
10 mcg,582.6374,0.9579498549653537,0.01865722399225102
10 mcg,582.8707,0.9562227854682522,0.01944091187927008
10 mcg,583.104,0.9504362100977081,0.02207702612334546
10 mcg,583.3373,0.9472976862456857,0.023513523448487207
10 mcg,583.5706,0.9533333811494518,0.020755199807812586
10 mcg,583.8039,0.9564066995848097,0.019357390332796594
10 mcg,584.0372,0.9567183462532299,0.01921589782566533
10 mcg,584.2705000000001,0.9573619668572221,0.018923829739103438
10 mcg,584.5038000000001,0.9529363104109764,0.020936124504777116
10 mcg,584.7371,0.9540290677368077,0.02043839283743614
10 mcg,584.9704,0.9558959816264923,0.01958936406640984
10 mcg,585.2037,0.9560174800192746,0.0195341669221091
10 mcg,585.437,0.9548172536972377,0.020079741825106235
10 mcg,585.6703,0.9563409652188145,0.019387240660636157
10 mcg,585.9036,0.9568296715940604,0.019165365536094034
10 mcg,586.1369000000001,0.9563113037248945,0.019400710775768607
10 mcg,586.3702000000001,0.9559885185790912,0.019547323568761668
10 mcg,586.6035,0.9542681990164035,0.02032954879355278
10 mcg,586.8368,0.952443535894407,0.021160761349293955
10 mcg,587.0701,0.9527138645156874,0.02103751459888348
10 mcg,587.3034,0.9586090644755578,0.0183584686958856
10 mcg,587.5367,0.9599727488631464,0.017741095279538092
10 mcg,587.77,0.9593841537472315,0.018007459100235032
10 mcg,588.0033000000001,0.9602228630169986,0.01762795764209518
10 mcg,588.2366000000001,0.9639376232334049,0.01595106854738774
10 mcg,588.4699,0.9596548375011036,0.017884943130561434
10 mcg,588.7032,0.9550226732322836,0.019986317690830185
10 mcg,588.9365,0.9600770607905423,0.017693906821945448
10 mcg,589.1698,0.9659656696771274,0.015038308092501406
10 mcg,589.4031,0.9625631390390625,0.016570773469431744
10 mcg,589.6364,0.9525972390524389,0.021090681554250142
10 mcg,589.8697000000001,0.9552667239240386,0.019875350347904813
10 mcg,590.1030000000001,0.959112677069102,0.018130368684624445
10 mcg,590.3363,0.9574814506024213,0.018869630914477513
10 mcg,590.5696,0.9524488008381844,0.021158360650854503
10 mcg,590.8029,0.954741341080756,0.02011427172175601
10 mcg,591.0362,0.9538805787591645,0.0205059934639779
10 mcg,591.2695,0.9502627414647927,0.022156298509122985
10 mcg,591.5028000000001,0.9497945998834504,0.022370303955396673
10 mcg,591.7361000000001,0.9560116095267833,0.019536833746070036
10 mcg,591.9694000000001,0.9517642199241989,0.021470625846950985
10 mcg,592.2027,0.9439620830333573,0.02504545004526149
10 mcg,592.436,0.9448339186262561,0.024644524361725
10 mcg,592.6693,0.9541521696317204,0.020382357831222244
10 mcg,592.9026,0.9551046058737128,0.01994906059862329
10 mcg,593.1359,0.9487991205576902,0.02282572652736668
10 mcg,593.3692000000001,0.9460362104001604,0.024092240262044172
10 mcg,593.6025000000001,0.9506587899101573,0.02197533190525426
10 mcg,593.8358000000001,0.9505179028288935,0.02203969886526383
10 mcg,594.0691,0.9492306454091153,0.022628249260816424
10 mcg,594.3024,0.9460101537166643,0.02410420220343671
10 mcg,594.5357,0.949460438699569,0.0225231263586814
10 mcg,594.769,0.9548228788664247,0.020077183248863477
10 mcg,595.0023,0.9565958921059144,0.019271488443737043
10 mcg,595.2356000000001,0.9574610962434336,0.018878863343728135
10 mcg,595.4689000000001,0.9554384112656787,0.019797302862801628
10 mcg,595.7022000000001,0.9461257498727154,0.024051137544952694
10 mcg,595.9355,0.9514508348794063,0.02161364846181626
10 mcg,596.1688,0.9571299198885407,0.01902910750939005
10 mcg,596.4021,0.9521945168093291,0.021274323729296423
10 mcg,596.6354,0.9490435472277988,0.022713859346333225
10 mcg,596.8687,0.958669343217525,0.018331160481370717
10 mcg,597.1020000000001,0.9627320149819526,0.016494585784485594
10 mcg,597.3353000000001,0.9585057670692426,0.018405269745945682
10 mcg,597.5686000000001,0.9490002493143855,0.02273367347803117
10 mcg,597.8019,0.954208176573865,0.02035686630811759
10 mcg,598.0352,0.9556801235285094,0.01968744646132338
10 mcg,598.2685,0.9544078312144382,0.02026600580118509
10 mcg,598.5018,0.9491483689739474,0.02266589422163377
10 mcg,598.7351,0.9506102079395085,0.021997526430911837
10 mcg,598.9684000000001,0.9511024181178152,0.021772714157785415
10 mcg,599.2017000000001,0.9536379327850543,0.02061648236098495
10 mcg,599.4350000000001,0.9519664139090225,0.021378373581160338
10 mcg,599.6683,0.9538188421854267,0.02053410256022332
10 mcg,599.9016,0.9548840503015383,0.020049360742359176
10 mcg,600.1349,0.9530335814215195,0.020891796141201454
10 mcg,600.3682,0.9505529310578045,0.022023694657259115
10 mcg,600.6015,0.9527355685430124,0.02102762093375733
10 mcg,600.8348000000001,0.954468446227434,0.0202384243743692
10 mcg,601.0681000000001,0.9570547679913238,0.01906320876878186
10 mcg,601.3014000000001,0.9550032104094626,0.019995168457331448
10 mcg,601.5347,0.9513679064244334,0.021651503218686724
10 mcg,601.768,0.9509504292011445,0.02184212121769341
10 mcg,602.0013,0.9573213775178687,0.018942242941641277
10 mcg,602.2346,0.9583710194820436,0.018466327539620547
10 mcg,602.4679,0.9551469209127852,0.0199298200036378
10 mcg,602.7012000000001,0.9522805045292614,0.02123510663074171
10 mcg,602.9345000000001,0.9564373232799248,0.019343484649273913
10 mcg,603.1678,0.9549212181163006,0.02003245663477855
10 mcg,603.4011,0.9516265033506413,0.021533471112860633
10 mcg,603.6344,0.9546821900566395,0.02014117928098743
10 mcg,603.8677,0.9553581571473649,0.019833783900427875
10 mcg,604.101,0.9502520550671578,0.022161182494801795
10 mcg,604.3343,0.9515564769780146,0.02156543027553445
10 mcg,604.5676000000001,0.9553476013512623,0.019838582466590284
10 mcg,604.8009000000001,0.954943837749386,0.02002216943485106
10 mcg,605.0342,0.9546031997884439,0.02017711423110377
10 mcg,605.2675,0.9536044695104192,0.020631722076193057
10 mcg,605.5008,0.9472738816921298,0.02352443693038358
10 mcg,605.7341,0.9496821879657648,0.022421707453370767
10 mcg,605.9674,0.9592696396114239,0.018059300508531186
10 mcg,606.2007,0.9580680847188404,0.018603626864021935
10 mcg,606.4340000000001,0.9549711308831356,0.020009757094430904
10 mcg,606.6673000000001,0.9590327115741822,0.018166579259080412
10 mcg,606.9006,0.9583440790887598,0.018478535993712592
10 mcg,607.1339,0.9555267605633803,0.019757145550606963
10 mcg,607.3672,0.9513820395005895,0.02164505159113556
10 mcg,607.6005,0.9525883528809644,0.021094732829100172
10 mcg,607.8338,0.957350261469621,0.01892913976446239
10 mcg,608.0671,0.9538563779697041,0.020517012036830783
10 mcg,608.3004000000001,0.9513063437158161,0.02167960718304199
10 mcg,608.5337000000001,0.955845990242477,0.01961207736406713
10 mcg,608.767,0.9499573157102424,0.022295908361649013
10 mcg,609.0003,0.9535586976542608,0.020652568184069006
10 mcg,609.2336,0.9529538043699228,0.020928151820750498
10 mcg,609.4669,0.9486777462505066,0.02288128682730882
10 mcg,609.7002,0.9460551478223812,0.024083546793902157
10 mcg,609.9335000000001,0.9481027205200382,0.023144607241790446
10 mcg,610.1668000000001,0.9502846093976695,0.022146304417078815
10 mcg,610.4001000000001,0.9559410172583785,0.0195689034032547
10 mcg,610.6334,0.9512328007373152,0.021713182639142025
10 mcg,610.8667,0.9510455686767376,0.021798673650672413
10 mcg,611.1,0.9496573544334447,0.02243306410215592
10 mcg,611.3333,0.9489557369770173,0.02275404430078872
10 mcg,611.5666,0.9488843702959678,0.02278670685825851
10 mcg,611.7999000000001,0.9511475938077724,0.021752086424579705
10 mcg,612.0332000000001,0.9525868844288536,0.02109540231150386
10 mcg,612.2665000000001,0.9539613132735493,0.020469237216760795
10 mcg,612.4998,0.9495660717209758,0.022474811247650196
10 mcg,612.7331,0.9500626144970334,0.022247771306480053
10 mcg,612.9664,0.9510614280234533,0.021791431548332945
10 mcg,613.1997,0.9564206001487973,0.019351078275000183
10 mcg,613.433,0.9603488728786157,0.01757096899999301
10 mcg,613.6663000000001,0.961049709229104,0.01725414835063177
10 mcg,613.8996000000001,0.9579984037161929,0.01863521457263151
10 mcg,614.1329000000001,0.9557507049357908,0.019655372984988526
10 mcg,614.3662,0.9496727193054529,0.02242603754134825
10 mcg,614.5995,0.9584366411199587,0.018436591519844652
10 mcg,614.8328,0.9600778065436303,0.017693569477852566
10 mcg,615.0661,0.953487743455223,0.02068488519162575
10 mcg,615.2994,0.9528135843606768,0.020992059700314376
10 mcg,615.5327000000001,0.9598047310464848,0.017817113684366268
10 mcg,615.7660000000001,0.9630379577092955,0.016356595015841944
10 mcg,615.9993000000001,0.9606037529533517,0.01745572096194568
10 mcg,616.2326,0.9469744596709211,0.02366173395719339
10 mcg,616.4659,0.9617680534465354,0.01692965275847816
10 mcg,616.6992,0.9598378630551809,0.01780212230149453
10 mcg,616.9325,0.9522532948140501,0.021247515997459495
10 mcg,617.1658,0.9532911146293364,0.0207744549013027
10 mcg,617.3991000000001,0.9548836730320158,0.020049532329793413
10 mcg,617.6324000000001,0.9545051928927936,0.02022170452694026
10 mcg,617.8657000000001,0.9631940991913353,0.01628618669307349
10 mcg,618.099,0.9579497224942867,0.018657284049107957
10 mcg,618.3323,0.9536574587478008,0.02060759016954714
10 mcg,618.5656,0.9526775591863956,0.021054064693505375
10 mcg,618.7989,0.9563249418070144,0.019394517288823687
10 mcg,619.0322,0.955096227158094,0.019952870491170515
10 mcg,619.2655000000001,0.9503582449198783,0.022112653170174933
10 mcg,619.4988000000001,0.9510416492547707,0.0218004634564357
10 mcg,619.7321000000001,0.9584421781883612,0.018434082526340326
10 mcg,619.9654,0.9592796313923028,0.01805477690794848
10 mcg,620.1987,0.9589209766121766,0.018217180978807566
10 mcg,620.432,0.9536419479167537,0.02061465384115539
10 mcg,620.6653,0.9546370984664714,0.020161692381034754
10 mcg,620.8986,0.9612486921109258,0.017164238097554723
10 mcg,621.1319000000001,0.9580587238562505,0.018607870185445664
10 mcg,621.3652000000001,0.9559129654553611,0.01958164783182398
10 mcg,621.5985000000001,0.9638127902337151,0.01600731471143652
10 mcg,621.8318,0.9613999452705582,0.01709590693037511
10 mcg,622.0651,0.9580932952307093,0.018592199030953376
10 mcg,622.2984,0.9552938209331653,0.0198630313647956
10 mcg,622.5317,0.9622122419004039,0.016729122016729752
10 mcg,622.765,0.9665534530163351,0.014774123313529102
10 mcg,622.9983000000001,0.9567159017098705,0.01921700750758191
10 mcg,623.2316000000001,0.9502912404270781,0.022143273946622397
10 mcg,623.4649000000001,0.9571066239911723,0.019039678073107393
10 mcg,623.6982,0.9649739350547266,0.015484417241474336
10 mcg,623.9315,0.9647575166571565,0.015581829050933861
10 mcg,624.1648,0.9601668121752546,0.017653309341905708
10 mcg,624.3981,0.9582707626150189,0.018511762220809466
10 mcg,624.6314,0.957164493556821,0.0190134201070245
10 mcg,624.8647000000001,0.9531505693800083,0.020838488358883318
10 mcg,625.0980000000001,0.9554204334993699,0.019805474732457518
10 mcg,625.3313,0.9639930522982278,0.015926096138056012
10 mcg,625.5646,0.9579554794810741,0.018654674079061854
10 mcg,625.7979,0.9600361238743137,0.017712425185309567
10 mcg,626.0312,0.9618028280767377,0.016913950264586416
10 mcg,626.2645,0.9576781881847959,0.018780403839116916
10 mcg,626.4978,0.9552239142695995,0.0198948134076304
10 mcg,626.7311000000001,0.9568242650595592,0.01916781950967319
10 mcg,626.9644000000001,0.958749336127986,0.018294923763747195
10 mcg,627.1977,0.957570075935127,0.018829434092151803
10 mcg,627.431,0.9498979304122259,0.022323058543007087
10 mcg,627.6643,0.953087006993403,0.020867450954219456
10 mcg,627.8976,0.9530138604437722,0.02090078302329637
10 mcg,628.1309,0.949870112983331,0.022335776891347196
10 mcg,628.3642,0.9464670388541139,0.023894505940050412
10 mcg,628.5975000000001,0.9489204030797102,0.02277021534198843
10 mcg,628.8308000000001,0.9503949796973054,0.022095866444864276
10 mcg,629.0641,0.9490236148955495,0.0227229807326365
10 mcg,629.2974,0.9430797570587524,0.025451577055054485
10 mcg,629.5307,0.948792361034235,0.022828820579764545
10 mcg,629.764,0.9511496116753435,0.021751165066183305
10 mcg,629.9973,0.9491036247334755,0.02268636798044123
10 mcg,630.2306000000001,0.9480210287013356,0.023182029172838646
10 mcg,630.4639000000001,0.9458553626717296,0.02417526951369828
10 mcg,630.6972000000001,0.9454739120431518,0.024350449909381674
10 mcg,630.9305,0.9504499172220935,0.022070762803940998
10 mcg,631.1638,0.9537210229407396,0.02057864407571713
10 mcg,631.3971,0.9534217704654435,0.02071493560064429
10 mcg,631.6304,0.9453960753429153,0.02438620493182836
10 mcg,631.8637,0.9398918193730298,0.026922130392901006
10 mcg,632.0970000000001,0.9420608859244056,0.02592102760363827
10 mcg,632.3303000000001,0.9394378950965316,0.027131925205169296
10 mcg,632.5636000000001,0.9399629058951093,0.02688928478640112
10 mcg,632.7969,0.9450485286392172,0.02454588971391855
10 mcg,633.0302,0.9422830940372162,0.025818600702073233
10 mcg,633.2635,0.9465343450686554,0.023863623006911788
10 mcg,633.4968,0.9448787380684603,0.024623923519193756
10 mcg,633.7301,0.9403019564223939,0.026732660283510044
10 mcg,633.9634000000001,0.9374876649454963,0.02803443782034767
10 mcg,634.1967000000001,0.9390049493554328,0.027332118626233453
10 mcg,634.4300000000001,0.9414754477180819,0.026191001254953696
10 mcg,634.6633,0.9434904235551265,0.025262503573529646
10 mcg,634.8966,0.9450213468418589,0.024558381214634863
10 mcg,635.1299,0.9499638835030955,0.0222929057569141
10 mcg,635.3632,0.945593092370883,0.024295709005296536
10 mcg,635.5965,0.9354185284480191,0.028994031986806702
10 mcg,635.8298000000001,0.9348763315304678,0.02924583520888977
10 mcg,636.0631000000001,0.9421815515060145,0.025865403767470492
10 mcg,636.2964000000001,0.9440248306534181,0.02501658231852305
10 mcg,636.5297,0.9394856322595169,0.02710985726449069
10 mcg,636.763,0.9400450450450452,0.026851335394144336
10 mcg,636.9963,0.9466215957123598,0.02382359199592753
10 mcg,637.2296,0.9499820767824716,0.022284588424730786
10 mcg,637.4629,0.9439301057672179,0.025060162273337204
10 mcg,637.6962000000001,0.9382323681407203,0.027689588376262318
10 mcg,637.9295000000001,0.933834868076465,0.029729914159239104
10 mcg,638.1628000000001,0.9398333820261525,0.026949133294468908
10 mcg,638.3961,0.9491528863342674,0.02266382725291184
10 mcg,638.6294,0.9539277348377829,0.02048452419519406
10 mcg,638.8627,0.949931931267036,0.022307513589299978
10 mcg,639.096,0.945849345623606,0.024178032281889313
10 mcg,639.3293,0.9449181600955796,0.024605804356375303
10 mcg,639.5626000000001,0.9467022676124293,0.0237865826265907
10 mcg,639.7959000000001,0.9465345283546793,0.02386353891054328
10 mcg,640.0292000000001,0.9478268757994429,0.023270980964838536
10 mcg,640.2625,0.9488555839324286,0.0227998822765367
10 mcg,640.4958,0.945279938190565,0.024439559101566675
10 mcg,640.7291,0.9499741837509491,0.02228819682362599
10 mcg,640.9624,0.9527883205448299,0.021003575154603674
10 mcg,641.1957,0.9497298168471433,0.0223999270704798
10 mcg,641.4290000000001,0.9436767522717576,0.02517674377995913
10 mcg,641.6623000000001,0.9429231426830489,0.0255237050028115
10 mcg,641.8956000000001,0.9487423201250187,0.02285172660721469
10 mcg,642.1289,0.9572765725707886,0.018962569445470995
10 mcg,642.3622,0.9462114036459055,0.024011822181929876
10 mcg,642.5955,0.9443070506332997,0.024886767658216135
10 mcg,642.8288,0.9448135155096015,0.024653902789485663
10 mcg,643.0621,0.9490274171885518,0.022721240721602514
10 mcg,643.2954000000001,0.9543268659980629,0.02030284983903939
10 mcg,643.5287000000001,0.955317781935682,0.019852138380414285
10 mcg,643.7620000000001,0.9521935805441396,0.02127475075864612
10 mcg,643.9953,0.9494921731600102,0.022508610882127623
10 mcg,644.2286,0.9494770371629384,0.02251553409075133
10 mcg,644.4619,0.9534823810838164,0.02068732765077268
10 mcg,644.6952,0.9502706647628114,0.022152677373502076
10 mcg,644.9285,0.9437590605513879,0.02513886590200621
10 mcg,645.1618000000001,0.9474187380497132,0.023458030045980096
10 mcg,645.3951000000001,0.949223823246878,0.02263137056550212
10 mcg,645.6284,0.945206935069341,0.0244731005698239
10 mcg,645.8617,0.944387673125743,0.024849690301916853
10 mcg,646.095,0.9383490274157505,0.027635591806122912
10 mcg,646.3283,0.9343393927735565,0.029495340434668074
10 mcg,646.5616,0.9346744350077781,0.02933963586691928
10 mcg,646.7949,0.9375032892492715,0.028027199866587804
10 mcg,647.0282000000001,0.9413511273589695,0.026248352948140822
10 mcg,647.2615000000001,0.9373922205751944,0.028078655013893502
10 mcg,647.4948,0.9348659455916093,0.02925065999783621
10 mcg,647.7281,0.9323116068522738,0.03043890897821594
10 mcg,647.9614,0.9310901945242578,0.031008246959711074
10 mcg,648.1947,0.9292879437705447,0.03184969718543195
10 mcg,648.428,0.9228543262001734,0.03486684753358794
10 mcg,648.6613,0.9142053473875777,0.03895624275558582
10 mcg,648.8946000000001,0.9119963866305331,0.04000688236185719
10 mcg,649.1279000000001,0.9061674023575624,0.0427915647907612
10 mcg,649.3612,0.9020793950850662,0.04475523703688149
10 mcg,649.5945,0.9022364761116842,0.044679618987588356
10 mcg,649.8278,0.9077951833459469,0.042012125902297255
10 mcg,650.0611,0.9125188916876574,0.03975813567063916
10 mcg,650.2944,0.9080108957437186,0.04190894009897837
10 mcg,650.5277000000001,0.9056749636851567,0.04302763764938926
10 mcg,650.7610000000001,0.9157721063236594,0.03821258886488975
10 mcg,650.9943000000001,0.9172812131569554,0.037497501189687046
10 mcg,651.2276,0.919167202794407,0.03660548029401484
10 mcg,651.4609,0.9309789907106313,0.031060119578693177
10 mcg,651.6942,0.9273419813330667,0.03276007899779957
10 mcg,651.9275,0.929347209788123,0.03182200062071554
10 mcg,652.1608,0.9278109301776744,0.03254051553369668
10 mcg,652.3941000000001,0.9249205792906967,0.0338955574843495
10 mcg,652.6274000000001,0.9220293816194056,0.035255239389034417
10 mcg,652.8607000000001,0.9090726248535027,0.04140142006381897
10 mcg,653.094,0.904732336491268,0.04347988706945269
10 mcg,653.3273,0.916406602818656,0.03791179032792957
10 mcg,653.5606,0.9180040061270177,0.03715542355359275
10 mcg,653.7939,0.9176170118699399,0.03733854356716787
10 mcg,654.0272,0.912228408956285,0.03989640692424713
10 mcg,654.2605000000001,0.9117557677008752,0.04012148069008951
10 mcg,654.4938000000001,0.9209817470823263,0.035748976990966214
10 mcg,654.7271000000001,0.9119934209730671,0.04000829461610039
10 mcg,654.9604,0.8953533421021165,0.04800554095050761
10 mcg,655.1937,0.8876652333174072,0.05175078955316951
10 mcg,655.427,0.8901789053357945,0.05052270145409088
10 mcg,655.6603,0.9067500515995872,0.042512411033532635
10 mcg,655.8936,0.924610353760564,0.034041247653395085
10 mcg,656.1269000000001,0.9185160595653045,0.03691324597807437
10 mcg,656.3602000000001,0.9082360529409019,0.041801262529175154
10 mcg,656.5935000000001,0.9125256973146038,0.0397548966854149
10 mcg,656.8268,0.9196470126813965,0.036378835547354
10 mcg,657.0601,0.9135585449877527,0.03926361585341677
10 mcg,657.2934,0.9180935890605576,0.03711304522485693
10 mcg,657.5267,0.9322021364009861,0.030489906095456112
10 mcg,657.76,0.9293602321403897,0.031815915170576026
10 mcg,657.9933000000001,0.9144111326469362,0.03885849519184081
10 mcg,658.2266000000001,0.9121978016905101,0.03991097870199933
10 mcg,658.4599000000001,0.9111426728119154,0.04041361296831245
10 mcg,658.6932,0.9132622529394412,0.039404492290654416
10 mcg,658.9265,0.9173775626423692,0.03745188611353243
10 mcg,659.1598,0.8974784938654634,0.04697594955461464
10 mcg,659.3931,0.9013615023474179,0.04510099482852395
10 mcg,659.6264,0.9209519555290847,0.03576302560429352
10 mcg,659.8597000000001,0.9076102868447081,0.042100590470469386
10 mcg,660.0930000000001,0.8728479490908043,0.05906140420069085
10 mcg,660.3263000000001,0.8748946773904231,0.058044225584856786
10 mcg,660.5596,0.9077016047125737,0.04205689677096675
10 mcg,660.7929,0.9125781491798204,0.03972993420924771
10 mcg,661.0262,0.8808788688185674,0.055083808069824394
10 mcg,661.2595,0.8865299040620536,0.052306610373164954
10 mcg,661.4928,0.8961162222568742,0.047635660637514204
10 mcg,661.7261000000001,0.9007381666929921,0.04540143464385449
10 mcg,661.9594000000001,0.9036966016831788,0.04397735086419194
10 mcg,662.1927000000001,0.8969360608629356,0.04723851504301287
10 mcg,662.426,0.8997331090370897,0.04588629774072803
10 mcg,662.6593,0.9135835138845244,0.039251746109589036
10 mcg,662.8926,0.9310383126781474,0.03103244722236252
10 mcg,663.1259,0.9262572432306654,0.03326838286383312
10 mcg,663.3592,0.9127226506037649,0.03966117165659359
10 mcg,663.5925000000001,0.9105462994446334,0.040697966308275345
10 mcg,663.8258000000001,0.9232950098272834,0.03465951168331932
10 mcg,664.0591000000001,0.9139670854430564,0.03906944416534432
10 mcg,664.2924,0.890000509744618,0.050609744614400286
10 mcg,664.5257,0.8727169123662193,0.05912660776634163
10 mcg,664.759,0.8787834718374885,0.056118119886799364
10 mcg,664.9923,0.8949173570972686,0.0482170686101245
10 mcg,665.2256,0.8965030712157148,0.04744821830508556
10 mcg,665.4589000000001,0.8758879793818174,0.05755143384015606
10 mcg,665.6922000000001,0.8729972286967532,0.058987134946913766
10 mcg,665.9255,0.8687864766487754,0.06108694784100556
10 mcg,666.1588,0.8826870618228171,0.05419323913163394
10 mcg,666.3921,0.910054009416685,0.04093283262880058
10 mcg,666.6254,0.9043505527423628,0.04366319163651057
10 mcg,666.8587,0.893124289390222,0.04908809940900284
10 mcg,667.092,0.9038104934500782,0.043922620715583074
10 mcg,667.3253000000001,0.915151766749002,0.03850687752260072
10 mcg,667.5586000000001,0.910228044638525,0.04084978776598513
10 mcg,667.7919,0.913223997757219,0.03942268461434632
10 mcg,668.0252,0.9231794717586327,0.03471386125189517
10 mcg,668.2585,0.9018115556689994,0.044884204013782354
10 mcg,668.4918,0.9111333638098557,0.040418050109717336
10 mcg,668.7251,0.9230315033639689,0.03478347610989579
10 mcg,668.9584,0.9392358727979867,0.027225328510540395
10 mcg,669.1917000000001,0.9361768258437773,0.028642113617396
10 mcg,669.4250000000001,0.9249129295731239,0.03389914940774596
10 mcg,669.6583,0.9062076352230127,0.042772283007359
10 mcg,669.8916,0.9004301523681549,0.045549970370929276
10 mcg,670.1249,0.9033252306893542,0.04415585936114339
10 mcg,670.3582,0.9085255638494261,0.0416628481219958
10 mcg,670.5915,0.9104442769253217,0.0407466297311269
10 mcg,670.8248000000001,0.8971429951457485,0.04713832947176977
10 mcg,671.0581000000001,0.8842125603864733,0.053443320160984166
10 mcg,671.2914000000001,0.8900667374363277,0.05057742862058877
10 mcg,671.5247,0.8872074223316667,0.05197483355839821
10 mcg,671.758,0.8838759417083574,0.05360868703713821
10 mcg,671.9913,0.8928818054228123,0.04920602672173596
10 mcg,672.2246,0.892151358536436,0.04956145885172468
10 mcg,672.4579,0.8663730037398838,0.06229508882671589
10 mcg,672.6912000000001,0.8478259373925009,0.07169330126846961
10 mcg,672.9245000000001,0.8423390414815201,0.07451306977379622
10 mcg,673.1578000000001,0.8581788966256024,0.06642216935559368
10 mcg,673.3911,0.8545444772910508,0.06826532821605981
10 mcg,673.6244,0.8584406275235684,0.06628973664815684
10 mcg,673.8577,0.8686724053077788,0.06114397428868014
10 mcg,674.091,0.8742691723614275,0.05835483501588715
10 mcg,674.3243,0.8552150704662922,0.06792465466237194
10 mcg,674.5576000000001,0.8593628816821303,0.06582340865626228
10 mcg,674.7909000000001,0.8816704921453484,0.054693693984740104
10 mcg,675.0242000000001,0.8820764369545593,0.05449377914344187
10 mcg,675.2575,0.8384353348729793,0.07653042714352486
10 mcg,675.4908,0.8276677334717296,0.08214397538992271
10 mcg,675.7241,0.8443569866825682,0.07347389867349004
10 mcg,675.9574,0.8484349525574425,0.07138144837076807
10 mcg,676.1907,0.8335177390258569,0.07908515302965902
10 mcg,676.4240000000001,0.8189816322703539,0.0867258382799746
10 mcg,676.6573000000001,0.8311129907661944,0.0803399293681567
10 mcg,676.8906000000001,0.86175891097976,0.06461421709398714
10 mcg,677.1239,0.8527213553930034,0.06919286049130456
10 mcg,677.3572,0.8312839970797214,0.08025057995385872
10 mcg,677.5905,0.8343989156500886,0.07862626897209238
10 mcg,677.8238,0.8417066734492736,0.07483922951804771
10 mcg,678.0571,0.8733384060608065,0.05881744082226246
10 mcg,678.2904000000001,0.8896617834466738,0.050775064702837124
10 mcg,678.5237000000001,0.8713065604602278,0.05982901595450615
10 mcg,678.7570000000001,0.837912781508237,0.07680118480768845
10 mcg,678.9903,0.8183895212397523,0.08703994002034345
10 mcg,679.2236,0.8306414698162728,0.0805863905114916
10 mcg,679.4569,0.8467202271480656,0.0722600653212207
10 mcg,679.6902,0.8203080036682161,0.08602305105785017
10 mcg,679.9235,0.8172498641868788,0.08764514291999351
10 mcg,680.1568000000001,0.8271751227495908,0.08240253543852932
10 mcg,680.3901000000001,0.800405761817813,0.0966897937031485
10 mcg,680.6234000000001,0.7503245904934176,0.12475082012241134
10 mcg,680.8567,0.7410391161540758,0.13015886694442091
10 mcg,681.09,0.7544990336690061,0.12234131211435174
10 mcg,681.3233,0.7551883863217583,0.12194469746416846
10 mcg,681.5566,0.7393394469835012,0.13115612167989207
10 mcg,681.7899,0.7462354489320783,0.1271241242178391
10 mcg,682.0232000000001,0.7259832059403781,0.1390734256522236
10 mcg,682.2565000000001,0.72132173155545,0.14187098344497615
10 mcg,682.4898000000001,0.7405903125600786,0.13042197312538004
10 mcg,682.7231,0.7054159366592948,0.1515547330368171
10 mcg,682.9564,0.6616545666397777,0.17936868572071804
10 mcg,683.1897,0.6629426935899855,0.17852401146445773
10 mcg,683.423,0.6570998941177517,0.18236860278982228
10 mcg,683.6563,0.6500412310802542,0.18705909587601038
10 mcg,683.8896000000001,0.6280338680463475,0.2020169353885435
10 mcg,684.1229000000001,0.6118571307372529,0.21334997422035143
10 mcg,684.3562000000001,0.6093508683190019,0.21513256566658145
10 mcg,684.5895,0.5907355303827303,0.22860690727815228
10 mcg,684.8228,0.5764229385557382,0.23925874491224963
10 mcg,685.0561,0.5785935769656699,0.2376263918146342
10 mcg,685.2894,0.6103082589671964,0.2144507529344273
10 mcg,685.5227,0.5894089923354551,0.22958324260913984
10 mcg,685.7560000000001,0.5573285456761471,0.2538887123499686
10 mcg,685.9893000000001,0.5191013512144724,0.28474784065645126
10 mcg,686.2226,0.4918356199186992,0.30818002180723875
10 mcg,686.4559,0.48139658914728684,0.3174969911689234
10 mcg,686.6892,0.47386034787609593,0.32434963107500686
10 mcg,686.9225,0.45563487447047285,0.34138304225220295
10 mcg,687.1558,0.41797050147492626,0.37885436774345027
10 mcg,687.3891,0.401895485466914,0.3958868722548912
10 mcg,687.6224000000001,0.38765038713519956,0.4115597779769529
10 mcg,687.8557000000001,0.3750615972710615,0.42589740118406183
10 mcg,688.089,0.36142913811262944,0.4419768379084132
10 mcg,688.3223,0.3494133155827036,0.4566605487695107
10 mcg,688.5556,0.3429966206690486,0.46471015876776733
10 mcg,688.7889,0.3390382908039064,0.46975125003955426
10 mcg,689.0222,0.3308392291664214,0.48038299972291526
10 mcg,689.2555,0.3347740222360399,0.4752482497147947
10 mcg,689.4888000000001,0.3321506323370736,0.4786649164265854
10 mcg,689.7221000000001,0.32832203327034937,0.4836999713472831
10 mcg,689.9554,0.3295080121044352,0.48213402091689006
10 mcg,690.1887,0.3333183493341039,0.47714077756300766
10 mcg,690.422,0.3422290977630783,0.465683067674229
10 mcg,690.6553,0.3580444961925605,0.44606299779728154
10 mcg,690.8886,0.3717425789869564,0.4297576924420104
10 mcg,691.1219000000001,0.38702804889705494,0.4122575594260693
10 mcg,691.3552000000001,0.39985495517273995,0.3980975176513613
10 mcg,691.5885000000001,0.4133691235912809,0.38366196591560425
10 mcg,691.8218,0.4336334510745194,0.3628772231100684
10 mcg,692.0551,0.4512526672963235,0.3455802180200223
10 mcg,692.2884,0.4682753303192794,0.3294987211169534
10 mcg,692.5217,0.4866990325417766,0.3127395170443208
10 mcg,692.755,0.4984608110034455,0.3023689802489687
10 mcg,692.9883000000001,0.51142786942544,0.2912156094972172
10 mcg,693.2216000000001,0.522684304185482,0.2817605412414151
10 mcg,693.4549000000001,0.5374208906694536,0.2696854556435886
10 mcg,693.6882,0.5590344827586206,0.2525614028293008
10 mcg,693.9215,0.5779199285812389,0.2381323293722772
10 mcg,694.1548,0.589565932739801,0.22946761953599717
10 mcg,694.3881,0.6051389297787885,0.21814490714976026
10 mcg,694.6214,0.6157593820530003,0.21058896228576449
10 mcg,694.8547000000001,0.6288374272711372,0.20146161777399205
10 mcg,695.0880000000001,0.6408384875695782,0.19325141322040815
10 mcg,695.3213000000001,0.657319587628866,0.1822234258781889
10 mcg,695.5546,0.6797894050529747,0.16762560845388036
10 mcg,695.7879,0.6876612306603622,0.16262545985878354
10 mcg,696.0212,0.686489609928744,0.1633660314567385
10 mcg,696.2545,0.7060531813865146,0.15116258575719374
10 mcg,696.4878,0.7292075732953835,0.13714882956270663
10 mcg,696.7211000000001,0.7214049200261903,0.14182090009231763
10 mcg,696.9544000000001,0.7263856912984281,0.13883271934839828
10 mcg,697.1877000000001,0.7439203580509866,0.12847355626913068
10 mcg,697.421,0.7519875272840659,0.12378936270174466
10 mcg,697.6543,0.7498066176990117,0.12505073086901503
10 mcg,697.8876,0.7509368939871347,0.12439655799543933
10 mcg,698.1209,0.7547161122220203,0.12221637827888045
10 mcg,698.3542,0.755233038560813,0.12191901956962557
10 mcg,698.5875000000001,0.7551441360787824,0.12197014568311072
10 mcg,698.8208000000001,0.752336852065407,0.12358766441148496
10 mcg,699.0541000000001,0.7499207467418104,0.12498463137015506
10 mcg,699.2874,0.7521186205039497,0.12371365918542256
10 mcg,699.5207,0.7525946540412659,0.12343887095984926
10 mcg,699.754,0.7513356046017874,0.12416603014639957
10 mcg,699.9873,0.7514328076092704,0.1241098475310476
10 mcg,700.2206,0.7435630548907041,0.1286821969739771
10 mcg,700.4539000000001,0.7524214886198186,0.1235388098046113
10 mcg,700.6872000000001,0.7552270864216571,0.1219224423427901
10 mcg,700.9205000000001,0.7504870455206206,0.12465679989968086
10 mcg,701.1538,0.7498035909972182,0.12505248396442567
10 mcg,701.3871,0.7608226805295154,0.11871654932774497
10 mcg,701.6204,0.7682613815539989,0.11449099708592467
10 mcg,701.8537,0.7667025463257253,0.1153730943890306
10 mcg,702.087,0.7615493389004871,0.11830195454975251
10 mcg,702.3203000000001,0.7730885411854951,0.11177076384855016
10 mcg,702.5536000000001,0.7782362961101337,0.10888851802887038
10 mcg,702.7869000000001,0.7820123054650743,0.10678641298422921
10 mcg,703.0202,0.7842689475723855,0.10553498015112345
10 mcg,703.2535,0.7869440997214637,0.10405611649067498
10 mcg,703.4868,0.7970507470311724,0.09851402684228641
10 mcg,703.7201,0.8011896541683651,0.0962646674246418
10 mcg,703.9534,0.8002527045998843,0.09677284940398548
10 mcg,704.1867000000001,0.8076729486615114,0.09276446267243305
10 mcg,704.4200000000001,0.809331442833097,0.09187358677457212
10 mcg,704.6533000000001,0.808752224780548,0.09218451162947322
10 mcg,704.8866,0.8104358279743427,0.09128136781113766
10 mcg,705.1199,0.8102490570572539,0.09138146571391924
10 mcg,705.3532,0.814347152933081,0.08919041763776885
10 mcg,705.5865,0.8240316409913663,0.08405611203573955
10 mcg,705.8198,0.8188937844517287,0.08677242524565375
10 mcg,706.0531000000001,0.8180440401509048,0.08722331505768995
10 mcg,706.2864000000001,0.8203202153910327,0.08601658587119511
10 mcg,706.5197000000001,0.8169854092708949,0.08778569956271425
10 mcg,706.753,0.8184507804236009,0.08700743284722862
10 mcg,706.9863,0.8258471938094815,0.08310030258823023
10 mcg,707.2196,0.8309662253780068,0.08041662775626096
10 mcg,707.4529,0.8379455796706354,0.07678418568499648
10 mcg,707.6862,0.8245788909887853,0.08376778722133404
10 mcg,707.9195000000001,0.8278647765377242,0.08204059509851143
10 mcg,708.1528000000001,0.8345253877323651,0.07856044678058699
10 mcg,708.3861,0.8365521373170096,0.0775069868672009
10 mcg,708.6194,0.8352621139435489,0.07817721699999394
10 mcg,708.8527,0.8370842078103096,0.07723085126859097
10 mcg,709.086,0.8409697995417641,0.07521960007350928
10 mcg,709.3193,0.8390412427628601,0.07621669106152063
10 mcg,709.5526000000001,0.8448905884852348,0.0731995276108393
10 mcg,709.7859000000001,0.8501136363636365,0.07052301740681544
10 mcg,710.0192000000001,0.8526750554353344,0.06921644188974692
10 mcg,710.2525,0.852623795413897,0.06924255103120107
10 mcg,710.4858,0.8522354381203268,0.06944041068929388
10 mcg,710.7191,0.8506596781024989,0.0702441525866684
10 mcg,710.9524,0.8520740034937273,0.06952268467782913
10 mcg,711.1857,0.8596967516721296,0.0656547142220035
10 mcg,711.4190000000001,0.8534006472901648,0.06884703207145694
10 mcg,711.6523000000001,0.8497542439820609,0.07070665771473185
10 mcg,711.8856000000001,0.8528903734940075,0.06910678740960029
10 mcg,712.1189,0.8579450579402946,0.06654052310392639
10 mcg,712.3522,0.8638131674161162,0.06358018013041063
10 mcg,712.5855,0.8658245703685371,0.06257009393974258
10 mcg,712.8188,0.8589740147261292,0.06601997404040995
10 mcg,713.0521,0.8603517483310008,0.06532395442265805
10 mcg,713.2854000000001,0.864730670478308,0.0631191370886022
10 mcg,713.5187000000001,0.8617566571939796,0.06461535291979094
10 mcg,713.7520000000001,0.8591673875999474,0.06592221634446024
10 mcg,713.9853,0.8604940415121143,0.06525213259658204
10 mcg,714.2186,0.8679913034256018,0.061484626082947205
10 mcg,714.4519,0.8724779773785761,0.05924552645894744
10 mcg,714.6852,0.8716783625730993,0.05964373425034985
10 mcg,714.9185,0.869515859766277,0.060722492159069795
10 mcg,715.1518000000001,0.8579588769831641,0.06653352791737617
10 mcg,715.3851000000001,0.8633385008039745,0.063818891182115
10 mcg,715.6184000000001,0.8712766661110538,0.0598439167646249
10 mcg,715.8517,0.8693683629516363,0.06079616820030761
10 mcg,716.085,0.866060763710985,0.06245163636763333
10 mcg,716.3183,0.8705061745005396,0.06022814408484333
10 mcg,716.5516,0.8752774248199915,0.057854272723576225
10 mcg,716.7849,0.8725422924901186,0.05921351342329298
10 mcg,717.0182000000001,0.8641913248194518,0.06339009766601983
10 mcg,717.2515000000001,0.8680721579984207,0.06144417284420617
10 mcg,717.4848000000001,0.8777161915349797,0.056645889988589965
10 mcg,717.7181,0.8819872306464485,0.05453770250982376
10 mcg,717.9514,0.8756168290943666,0.05768590001344573
10 mcg,718.1847,0.8684165947768802,0.061271886102962206
10 mcg,718.418,0.8721777735820359,0.05939498500227189
10 mcg,718.6513,0.8840618341141075,0.05351735797856319
10 mcg,718.8846000000001,0.8851564600855717,0.05297995670776157
10 mcg,719.1179000000001,0.8660872371938539,0.06243836118846659
10 mcg,719.3512000000001,0.8611284057768497,0.06493208459466011
10 mcg,719.5845,0.8780611611587819,0.05647523235282598
10 mcg,719.8178,0.8921504415996824,0.04956190521183296
10 mcg,720.0511,0.8820587447880633,0.05450249005217707
10 mcg,720.2844,0.8740336136661596,0.05847186490676857
10 mcg,720.5177,0.8802053836533861,0.05541597946336256
10 mcg,720.7510000000001,0.8823821956981225,0.05434326347365516
10 mcg,720.9843000000001,0.8799191484763915,0.055557231240406714
10 mcg,721.2176000000001,0.8857214804683254,0.05270282270874314
10 mcg,721.4509,0.8848433786651618,0.053133594614061544
10 mcg,721.6842,0.8786124279880837,0.05620265792424662
10 mcg,721.9175,0.8791093430576274,0.055957104296839186
10 mcg,722.1508,0.8849509457157314,0.05308080229134818
10 mcg,722.3841,0.885598148162879,0.05276330026334886
10 mcg,722.6174000000001,0.8809587813620071,0.05504441104970625
10 mcg,722.8507000000001,0.8817245051944996,0.054667088976514656
10 mcg,723.0840000000001,0.8778336230967809,0.056587788670196655
10 mcg,723.3173,0.880487392739274,0.05527685809870748
10 mcg,723.5506,0.8895225764514383,0.0508430248663358
10 mcg,723.7839,0.8864701315974236,0.05233589277705247
10 mcg,724.0172,0.8830727704542519,0.054003506496587125
10 mcg,724.2505,0.8906884315494967,0.050274188356623374
10 mcg,724.4838000000001,0.8897241544734948,0.05074461892689514
10 mcg,724.7171000000001,0.8841444735935553,0.05347676331516763
10 mcg,724.9504000000001,0.8811501361029626,0.054950087358831105
20 mcg,375.0004,0.9144876576096609,0.03882215160712673
20 mcg,375.23370000000006,0.9083107833253745,0.041765529903979574
20 mcg,375.46700000000004,0.854674575712638,0.0681992149503441
20 mcg,375.7003,0.8732215421870596,0.05887555887956563
20 mcg,375.9336,0.889840017313423,0.050688067336447006
20 mcg,376.16690000000006,0.9005140570318647,0.04550950345108659
20 mcg,376.40020000000004,0.8939909240512641,0.04866689021354769
20 mcg,376.6335,0.8522955989793815,0.06940975412915365
20 mcg,376.8668,0.8478916472840621,0.071659643018318
20 mcg,377.10010000000005,0.8958347999530681,0.047772070788369266
20 mcg,377.33340000000004,0.8755446836268752,0.05772168469488823
20 mcg,377.5667,0.8884108852956204,0.05138612887766066
20 mcg,377.8,0.9301435737761632,0.0314500100630915
20 mcg,378.03330000000005,0.9246293344303319,0.03403233242169639
20 mcg,378.26660000000004,0.9436341332780457,0.025196358135959752
20 mcg,378.4999,0.9726577268952845,0.012039958777606089
20 mcg,378.7332,0.9417710303464022,0.026054672944267557
20 mcg,378.96650000000005,0.9343227326266197,0.029503084381296188
20 mcg,379.19980000000004,0.8979681921454075,0.0467390466516125
20 mcg,379.4331,0.8627301288092994,0.06412503498965523
20 mcg,379.6664,0.8743161021415226,0.05833152320509441
20 mcg,379.89970000000005,0.8890084625544196,0.05109410492045595
20 mcg,380.13300000000004,0.8529854853674264,0.06905835884240122
20 mcg,380.3663,0.8546578782172003,0.06820769970135175
20 mcg,380.5996,0.8701335877862595,0.06041406693920928
20 mcg,380.83290000000005,0.8687417450390669,0.06110930913681057
20 mcg,381.06620000000004,0.850107213848586,0.0705262984662684
20 mcg,381.2995,0.8927343533590785,0.04927775279506415
20 mcg,381.5328,0.9047093127433253,0.04349093919339272
20 mcg,381.76610000000005,0.8934585741811175,0.04892557905271319
20 mcg,381.99940000000004,0.9026310236808363,0.04448974373649077
20 mcg,382.2327,0.8655775746043533,0.06269400379913331
20 mcg,382.466,0.8766633782746903,0.05716713527914579
20 mcg,382.69930000000005,0.9445171766377428,0.024790139752566765
20 mcg,382.93260000000004,1.0011638908227567,-0.0005051774331666176
20 mcg,383.1659,0.9933638163311785,0.002891663400491175
20 mcg,383.3992,0.9816988057695288,0.008021737321622152
20 mcg,383.63250000000005,0.9554913977949991,0.019773218506384305
20 mcg,383.86580000000004,0.8955438951202684,0.04791312233163246
20 mcg,384.0991,0.8172917500852723,0.08762288491886708
20 mcg,384.3324,0.8218918918918918,0.08518530392286287
20 mcg,384.56570000000005,0.9113206919494345,0.040328768761467446
20 mcg,384.79900000000004,0.9176529538507792,0.037321533095421806
20 mcg,385.0323,0.8780824972129321,0.056464679536671884
20 mcg,385.2656,0.8890841500506929,0.05105713197341439
20 mcg,385.49890000000005,0.9279405304950161,0.03247985579131336
20 mcg,385.73220000000003,0.9433176628609806,0.025342033671908123
20 mcg,385.9655,0.9219952589902657,0.03527131213472212
20 mcg,386.1988,0.8958314993234543,0.04777367091360316
20 mcg,386.43210000000005,0.885756396084651,0.05268570292451654
20 mcg,386.66540000000003,0.9255158946863261,0.03361611833162025
20 mcg,386.8987,0.9105675241939406,0.040687843062397276
20 mcg,387.132,0.9271712832666765,0.03284002798487802
20 mcg,387.36530000000005,0.9603337241508216,0.017577819698696824
20 mcg,387.59860000000003,0.9604116777907985,0.01754256793063783
20 mcg,387.8319,0.9289875954356502,0.03199008500508226
20 mcg,388.0652,0.9578240429818671,0.01871426564035222
20 mcg,388.29850000000005,1.0538497945892733,-0.02277871521270158
20 mcg,388.53180000000003,1.084523878605002,-0.0352391185744832
20 mcg,388.7651,1.0592763664357199,-0.025009282826464658
20 mcg,388.9984,0.9971012968804767,0.001260718878403091
20 mcg,389.23170000000005,0.9611281381366293,0.01721870809017354
20 mcg,389.46500000000003,0.9687313546038326,0.013796643371409815
20 mcg,389.6983,0.9639454750711891,0.01594753097830434
20 mcg,389.9316,0.9614953586497891,0.017052807855714877
20 mcg,390.16490000000005,0.9683497223212922,0.013967767645496388
20 mcg,390.39820000000003,0.9825284749780963,0.007654854340160497
20 mcg,390.6315,0.9576182604484963,0.018807581130877604
20 mcg,390.86480000000006,0.9670077676460657,0.01457003736242254
20 mcg,391.09810000000004,0.9418839137645107,0.02600262026254378
20 mcg,391.33140000000003,0.8796224596103309,0.0557036902249527
20 mcg,391.5647,0.8519949228487101,0.06956299324428444
20 mcg,391.79800000000006,0.8983104125736739,0.046573566257871325
20 mcg,392.03130000000004,0.9574183350895679,0.01889825979539282
20 mcg,392.26460000000003,0.9213258921021478,0.035586723649947034
20 mcg,392.4979,0.9258390121432598,0.03346452327066237
20 mcg,392.73120000000006,0.94614546020869,0.02404209012077277
20 mcg,392.96450000000004,0.9610320781032077,0.01726211585829686
20 mcg,393.19780000000003,0.9753533646652937,0.010838013510409458
20 mcg,393.4311,0.9568872587005562,0.019139228167299772
20 mcg,393.66440000000006,0.932253997074696,0.03046574590844886
20 mcg,393.89770000000004,0.9294012691679711,0.0317967387946691
20 mcg,394.13100000000003,0.9382365416263722,0.027687656533129216
20 mcg,394.3643,0.8939494691530544,0.04868702917747736
20 mcg,394.59760000000006,0.8912783865332701,0.049986624973528834
20 mcg,394.83090000000004,0.9100855696284436,0.040917771777453135
20 mcg,395.0642,0.9020803328532566,0.044754785560724354
20 mcg,395.2975,0.8747905962945665,0.058095894129290636
20 mcg,395.53080000000006,0.8755197790644762,0.057734038225275355
20 mcg,395.76410000000004,0.9096875459851866,0.041107750927278856
20 mcg,395.9974,0.9027163124001357,0.04444870961585633
20 mcg,396.2307,0.8789971691768718,0.05601252357565189
20 mcg,396.46400000000006,0.9283688996715685,0.032279416823678776
20 mcg,396.69730000000004,0.9882238597607309,0.0051446646771914845
20 mcg,396.9306,0.9681442760062731,0.014059917893678924
20 mcg,397.1639,0.9389241631533499,0.027369484255816003
20 mcg,397.39720000000005,0.9432076143940552,0.025392701895184062
20 mcg,397.63050000000004,0.9211178791330328,0.03568478784755805
20 mcg,397.8638,0.8430103633977463,0.07416708642058369
20 mcg,398.0971,0.8876226654004433,0.051771616610527836
20 mcg,398.33040000000005,0.9327535655717336,0.030233082136858252
20 mcg,398.56370000000004,0.9151161841310275,0.038523763940387284
20 mcg,398.797,0.874242565779231,0.058368052075377354
20 mcg,399.0303,0.8799566496361666,0.05553872249476089
20 mcg,399.26360000000005,0.8973867924528302,0.04702032660934692
20 mcg,399.49690000000004,0.8976585983230502,0.046888804820433706
20 mcg,399.7302,0.8793002372865585,0.05586280964387058
20 mcg,399.9635,0.8945397423814011,0.04840035994453957
20 mcg,400.19680000000005,0.8996753349093775,0.04591418577799409
20 mcg,400.43010000000004,0.9045829368855058,0.043551608593593055
20 mcg,400.6634,0.9018984547461368,0.044842357165348234
20 mcg,400.8967,0.8683635265700483,0.061298426283973556
20 mcg,401.13000000000005,0.8656915576084168,0.06263681778588326
20 mcg,401.36330000000004,0.915847099808955,0.038177025515530094
20 mcg,401.5966,0.9351977926890989,0.029096526893345805
20 mcg,401.8299,0.9822135670236936,0.007794071382552805
20 mcg,402.06320000000005,0.9710568278201868,0.012755353730970885
20 mcg,402.29650000000004,0.9239590443686007,0.03434727899517996
20 mcg,402.5298,0.8909167171552409,0.050162891889516385
20 mcg,402.7631,0.887913843695749,0.05162917276058496
20 mcg,402.99640000000005,0.9149067835210227,0.038623152343086754
20 mcg,403.22970000000004,0.9680728935379354,0.014091940140568766
20 mcg,403.463,0.959523694429674,0.01794429635007985
20 mcg,403.6963,0.9675318961724593,0.014334708889558782
20 mcg,403.92960000000005,0.9601113988371528,0.01767837415473346
20 mcg,404.16290000000004,0.951290422128019,0.02168687583591447
20 mcg,404.3962,0.9282360254387224,0.032341580341000375
20 mcg,404.6295,0.9265046075627582,0.033152416567312167
20 mcg,404.86280000000005,0.9329380449162403,0.030147196172473655
20 mcg,405.09610000000004,0.9208162366960652,0.03582703142286097
20 mcg,405.3294,0.9151449717567166,0.03851010216655277
20 mcg,405.5627,0.9158543417366948,0.038173591408656095
20 mcg,405.79600000000005,0.9527081219500413,0.021040132354519552
20 mcg,406.02930000000003,0.9671097594872551,0.01452423405083741
20 mcg,406.2626,0.932936526534502,0.030147902998988656
20 mcg,406.4959,0.9077923443107928,0.04201348411530827
20 mcg,406.72920000000005,0.93057836077604,0.03124705056142711
20 mcg,406.96250000000003,0.9483579906970955,0.023027692159601546
20 mcg,407.1958,0.9188157499248574,0.036771568933225494
20 mcg,407.4291,0.9231400594456767,0.03473240251709782
20 mcg,407.66240000000005,0.9038116392714348,0.043922070131604936
20 mcg,407.89570000000003,0.8875973442859456,0.0517840058583312
20 mcg,408.129,0.889302463639062,0.05095050455449477
20 mcg,408.3623,0.8938231780167264,0.04874838769954515
20 mcg,408.59560000000005,0.8694785766158317,0.06074111426178626
20 mcg,408.82890000000003,0.853039645079446,0.06903078449585764
20 mcg,409.0622,0.8416000883111866,0.07489422761873561
20 mcg,409.2955,0.8731053670030803,0.058933342151581
20 mcg,409.52880000000005,0.9084856512141279,0.04168192762698429
20 mcg,409.76210000000003,0.8910598811077279,0.050093109475126706
20 mcg,409.9954,0.8612252970010311,0.06488322201320153
20 mcg,410.2287,0.8698547857624105,0.060553242790471286
20 mcg,410.46200000000005,0.8730027310622392,0.05898439766510039
20 mcg,410.69530000000003,0.8638336934570464,0.0635698604910056
20 mcg,410.9286,0.8560671999557895,0.06749214253723734
20 mcg,411.16190000000006,0.8857957338051706,0.05266641570776812
20 mcg,411.39520000000005,0.8805476279108244,0.05524714852186853
20 mcg,411.62850000000003,0.854255916566386,0.06841200460033221
20 mcg,411.8618,0.8313098958333334,0.0802370496674422
20 mcg,412.09510000000006,0.8310649840783111,0.08036501577883413
20 mcg,412.32840000000004,0.8526189796112675,0.06924500402679623
20 mcg,412.56170000000003,0.8820639588572078,0.054499922836809316
20 mcg,412.795,0.8590534206756514,0.0659798285048711
20 mcg,413.02830000000006,0.8490950069827574,0.07104371293640271
20 mcg,413.26160000000004,0.8304065697361334,0.08070922357453868
20 mcg,413.49490000000003,0.8195935699120412,0.08640145749713964
20 mcg,413.7282,0.8227248292228823,0.08474539581186603
20 mcg,413.96150000000006,0.830834342566186,0.08048556018853559
20 mcg,414.19480000000004,0.8477324218494219,0.07174120676715234
20 mcg,414.42810000000003,0.8761753915715657,0.05740894866384521
20 mcg,414.6614,0.8746769075730958,0.058152339172539154
20 mcg,414.89470000000006,0.9063690754020454,0.04269492067705236
20 mcg,415.12800000000004,0.9002981715893108,0.045613631860904585
20 mcg,415.3613,0.8288456792528801,0.0815263221490454
20 mcg,415.5946,0.8014544275218602,0.09612116755622076
20 mcg,415.82790000000006,0.8487359385411358,0.0712274078390759
20 mcg,416.06120000000004,0.903117267310856,0.04425585407253746
20 mcg,416.2945,0.894992400279341,0.04818065242795298
20 mcg,416.5278,0.8860413199659051,0.052546024597428964
20 mcg,416.76110000000006,0.9203766668065875,0.03603440000512611
20 mcg,416.99440000000004,0.9166990853784712,0.03777320195991952
20 mcg,417.2277,0.8632147797644443,0.06388113237149501
20 mcg,417.461,0.8381197794126801,0.07669390998473051
20 mcg,417.69430000000006,0.8348798073970348,0.07837604276961864
20 mcg,417.92760000000004,0.8455293539670844,0.07287131054449437
20 mcg,418.1609,0.8577146371463715,0.06665717849917152
20 mcg,418.3942,0.8515266121576678,0.06980177479166157
20 mcg,418.62750000000005,0.909752492135087,0.041076746053313656
20 mcg,418.86080000000004,0.9237987135830495,0.034422646856923915
20 mcg,419.0941,0.880008088593893,0.05551333601397916
20 mcg,419.3274,0.8598603779226902,0.06557206273377497
20 mcg,419.56070000000005,0.8892634690502164,0.05096954813837455
20 mcg,419.79400000000004,0.9204691420271064,0.035990766282165486
20 mcg,420.0273,0.92065905305734,0.03590117196386031
20 mcg,420.2606,0.9099444058373871,0.04098514061912026
20 mcg,420.49390000000005,0.9147822286627793,0.03868228095713289
20 mcg,420.72720000000004,0.9095850340136056,0.041156693987404375
20 mcg,420.9605,0.9170113153055585,0.03762530539383262
20 mcg,421.1938,0.9200876989004417,0.036170775553010466
20 mcg,421.42710000000005,0.8994233429088201,0.04603584529271756
20 mcg,421.66040000000004,0.9054363963736299,0.04314205189231514
20 mcg,421.8937,0.9229302780671023,0.034831106118647294
20 mcg,422.127,0.9318766281129519,0.030641580431793273
20 mcg,422.36030000000005,0.9253169984686064,0.03370945958406836
20 mcg,422.59360000000004,0.939426490296576,0.027137197583236086
20 mcg,422.8269,0.9413503649635037,0.026248704681164036
20 mcg,423.0602,0.9489250394873188,0.02276809339233424
20 mcg,423.29350000000005,0.956235943263262,0.019434935951339195
20 mcg,423.52680000000004,0.9626084972571893,0.016550308983591954
20 mcg,423.7601,0.9521030722722841,0.021316033447459252
20 mcg,423.9934,0.9157102591467586,0.03824192017396035
20 mcg,424.22670000000005,0.9680960385977908,0.014081556984830454
20 mcg,424.46000000000004,0.9944063729724543,0.0024361010418931534
20 mcg,424.6933,0.9801466692691632,0.008708931564482528
20 mcg,424.9266,0.9765304546156711,0.010314208018429505
20 mcg,425.15990000000005,0.9849178561809857,0.006599988888114539
20 mcg,425.39320000000004,0.9953214187125441,0.0020366500765031325
20 mcg,425.6265,1.0003182137834035,-0.0001381765065290154
20 mcg,425.8598,1.0054428172942815,-0.002357375937496488
20 mcg,426.09310000000005,0.9781624254640129,0.009589023918189823
20 mcg,426.32640000000004,0.9585973516429622,0.018363775186121624
20 mcg,426.5597,0.978928630567975,0.00924896956595894
20 mcg,426.793,0.9899619847442046,0.004381482304278826
20 mcg,427.02630000000005,0.9527243249199192,0.021032746251254487
20 mcg,427.25960000000003,0.927070922146465,0.03288704048477777
20 mcg,427.4929,0.947239011928928,0.023540423884915798
20 mcg,427.7262,0.9381569763124673,0.02772448758852366
20 mcg,427.95950000000005,0.9272387816685842,0.03280841234165754
20 mcg,428.19280000000003,0.9178636341133954,0.037221836610517284
20 mcg,428.4261,0.9290520524756667,0.031959952885090466
20 mcg,428.6594,0.930777360589626,0.0311541886540792
20 mcg,428.89270000000005,0.9159372875308815,0.03813426062434476
20 mcg,429.12600000000003,0.9062696645450307,0.042742556850476864
20 mcg,429.3593,0.9075560383006509,0.04212654935149971
20 mcg,429.5926,0.8939745300333877,0.04867485438476129
20 mcg,429.82590000000005,0.902270846168686,0.04466307516322579
20 mcg,430.05920000000003,0.9036578399395581,0.043995979209555
20 mcg,430.2925,0.8975800240673888,0.04692682134397501
20 mcg,430.5258,0.9174645213174427,0.03741072107475722
20 mcg,430.75910000000005,0.9254705399756872,0.033637401362326354
20 mcg,430.99240000000003,0.92140191788365,0.035550888105241395
20 mcg,431.2257,0.9279984240928393,0.03245276129015196
20 mcg,431.45900000000006,0.9282781381586434,0.032321877478246774
20 mcg,431.69230000000005,0.9356589278749131,0.028882434099958724
20 mcg,431.92560000000003,0.9306316368546518,0.031222187695877996
20 mcg,432.1589,0.9167868077041451,0.0377316447031632
20 mcg,432.39220000000006,0.9217748368479942,0.03537515167605097
20 mcg,432.62550000000005,0.9132424817434304,0.03941389442486783
20 mcg,432.85880000000003,0.9127533674853874,0.03964655610201058
20 mcg,433.0921,0.9269385879303311,0.03294903803076572
20 mcg,433.32540000000006,0.9235292624353291,0.03454933919195757
20 mcg,433.55870000000004,0.9189584890616435,0.03670410600087242
20 mcg,433.79200000000003,0.9159122367839788,0.03814613867546597
20 mcg,434.0253,0.9045510490448209,0.043566918364299295
20 mcg,434.25860000000006,0.896092482738955,0.04764716592884236
20 mcg,434.49190000000004,0.891334789517307,0.04995914228118996
20 mcg,434.72520000000003,0.8971169870266686,0.0471509198240198
20 mcg,434.9585,0.9012941757600252,0.04513343537250435
20 mcg,435.19180000000006,0.8972794861642691,0.04707226108831537
20 mcg,435.42510000000004,0.9016050189517708,0.0449836793743366
20 mcg,435.65840000000003,0.9031660145236343,0.04423241295924603
20 mcg,435.8917,0.898117557638713,0.046666813341274496
20 mcg,436.12500000000006,0.9025835319700585,0.044512594635700654
20 mcg,436.35830000000004,0.901618027215078,0.04497741346398728
20 mcg,436.5916,0.9113485530625515,0.0403154916101462
20 mcg,436.8249,0.9240776540641951,0.03429153168625337
20 mcg,437.05820000000006,0.9118771304003171,0.040063676127768635
20 mcg,437.29150000000004,0.9072613454880336,0.04226759215243865
20 mcg,437.5248,0.9107922092427622,0.04058069292003608
20 mcg,437.7581,0.9162706842897005,0.03797620828916831
20 mcg,437.99140000000006,0.9215852440779257,0.03546448755241265
20 mcg,438.22470000000004,0.9201416198895275,0.036145324824901424
20 mcg,438.458,0.9221068555826138,0.03521874911889759
20 mcg,438.6913,0.9235237377653052,0.03455193720479799
20 mcg,438.92460000000005,0.9278464034613305,0.03252391133520652
20 mcg,439.15790000000004,0.9276810357092048,0.0326013214568862
20 mcg,439.3912,0.9323507300699894,0.030420684769752845
20 mcg,439.6245,0.9420723778109041,0.025915729822436603
20 mcg,439.85780000000005,0.9436017187276389,0.025211276738063965
20 mcg,440.09110000000004,0.9448568369426312,0.024633990047253293
20 mcg,440.3244,0.9451224105461394,0.02451193881155308
20 mcg,440.5577,0.9466809567554695,0.023796358975576512
20 mcg,440.79100000000005,0.9432909126996141,0.025354349366454185
20 mcg,441.02430000000004,0.9450498361094388,0.024545288869948622
20 mcg,441.2576,0.9480533600133401,0.023167218245080595
20 mcg,441.4909,0.9465810311338768,0.023842202758820822
20 mcg,441.72420000000005,0.9469720724007481,0.0236628287909127
20 mcg,441.95750000000004,0.9481456066398719,0.023124962973758212
20 mcg,442.1908,0.9497583504081701,0.022386879378667283
20 mcg,442.4241,0.9505612527043942,0.02201989262871696
20 mcg,442.65740000000005,0.9446139798026237,0.024745631376076306
20 mcg,442.89070000000004,0.9527534812567409,0.021019455688484245
20 mcg,443.124,0.9571090024657718,0.01903859882333048
20 mcg,443.3573,0.9581814128288426,0.01855225800736851
20 mcg,443.59060000000005,0.9587278950370793,0.018304636262352944
20 mcg,443.82390000000004,0.9636254752851711,0.016091727115446656
20 mcg,444.0572,0.9693375326285876,0.013524971108859108
20 mcg,444.2905,0.9732812405930461,0.01176164730728743
20 mcg,444.52380000000005,0.9755140890276025,0.010766453852490159
20 mcg,444.75710000000004,0.9745288007554296,0.011205321426474641
20 mcg,444.9904,0.9762126199886183,0.010455582301304594
20 mcg,445.2237,0.976821539554014,0.010184772480133771
20 mcg,445.45700000000005,0.9766864659129775,0.010244830321598505
20 mcg,445.69030000000004,0.9769065106787169,0.010146995993689324
20 mcg,445.9236,0.9749010782934833,0.011039449256137833
20 mcg,446.1569,0.9784788259011574,0.009448567955682146
20 mcg,446.39020000000005,0.9771490968708836,0.010039165034551725
20 mcg,446.62350000000004,0.9744502617801047,0.011240323386497754
20 mcg,446.8568,0.9762704778662772,0.01042984342854626
20 mcg,447.0901,0.9746591025916614,0.011147256866927068
20 mcg,447.32340000000005,0.966789250877697,0.014668186885046404
20 mcg,447.55670000000003,0.9659537892791127,0.015043649506996448
20 mcg,447.79,0.9697499451566358,0.013340236289051682
20 mcg,448.0233,0.9718584788049212,0.012396972058180664
20 mcg,448.25660000000005,0.9667578663571404,0.014682285454431733
20 mcg,448.48990000000003,0.967729128891425,0.014246186379484107
20 mcg,448.7232,0.9668947109041877,0.014620815433954172
20 mcg,448.9565,0.9702466101460883,0.013117865926180002
20 mcg,449.18980000000005,0.9751411282259528,0.010932526071366943
20 mcg,449.42310000000003,0.974670838701761,0.011142027451683065
20 mcg,449.6564,0.973318045618541,0.011745224595542027
20 mcg,449.8897,0.9759461279461278,0.010574154650368038
20 mcg,450.12300000000005,0.9782030795604127,0.009570974274919769
20 mcg,450.35630000000003,0.9833602182750008,0.007287365024006821
20 mcg,450.5896,0.9834857035884498,0.007231948807963703
20 mcg,450.82290000000006,0.9801210453920218,0.008720285430451806
20 mcg,451.05620000000005,0.9791093581754012,0.0091687984933782
20 mcg,451.28950000000003,0.981334286788232,0.008183027097679384
20 mcg,451.5228,0.9824859275575135,0.007673661438935289
20 mcg,451.75610000000006,0.9829989501746138,0.007446945986395049
20 mcg,451.98940000000005,0.9813135617815169,0.008192199151709028
20 mcg,452.22270000000003,0.981852846549401,0.007953596449702867
20 mcg,452.456,0.9830219425769151,0.007436787932141988
20 mcg,452.68930000000006,0.9822017187457008,0.007799310235853971
20 mcg,452.92260000000005,0.980274782491854,0.008652169417034408
20 mcg,453.15590000000003,0.9806268119594671,0.00849623659783861
20 mcg,453.3892,0.9830198676307995,0.007437704634567715
20 mcg,453.62250000000006,0.9841779118719319,0.006926386162109612
20 mcg,453.85580000000004,0.9821714670091115,0.007812686678135967
20 mcg,454.08910000000003,0.9821401289455188,0.00782654389724623
20 mcg,454.3224,0.9794215883464374,0.009030327521801978
20 mcg,454.55570000000006,0.9797808755823639,0.008871041824072296
20 mcg,454.78900000000004,0.9848280301636934,0.006639599016445204
20 mcg,455.02230000000003,0.98551975680161,0.0063346649574309525
20 mcg,455.2556,0.9827520802741067,0.007556028199189249
20 mcg,455.48890000000006,0.9830021325353918,0.0074455400037254866
20 mcg,455.72220000000004,0.9825357089366333,0.007651656817860003
20 mcg,455.95550000000003,0.9826819726486627,0.007587011029508346
20 mcg,456.1888,0.98561599504296,0.006292257186012357
20 mcg,456.42210000000006,0.9858621949235525,0.006183787053614692
20 mcg,456.65540000000004,0.9851732567733783,0.006487385904584534
20 mcg,456.88870000000003,0.9848844659866762,0.006614712372777422
20 mcg,457.122,0.985468275163459,0.006357352250312267
20 mcg,457.35530000000006,0.9865743902063916,0.005870162273839221
20 mcg,457.58860000000004,0.9848459453402953,0.006631698762456429
20 mcg,457.8219,0.9858987950918662,0.006167664155131905
20 mcg,458.0552,0.9851414876947184,0.006501390911243562
20 mcg,458.28850000000006,0.9828672562028593,0.007505133023877981
20 mcg,458.52180000000004,0.9827438282110015,0.0075596749383714
20 mcg,458.7551,0.9866041972775915,0.005857041265303124
20 mcg,458.9884,0.9895003092145948,0.00458406574240429
20 mcg,459.22170000000006,0.9881592805013264,0.005173046234839299
20 mcg,459.45500000000004,0.9838818176228249,0.007057065223881501
20 mcg,459.6883,0.9849901453559992,0.0065681145165202535
20 mcg,459.9216,0.9889719099906873,0.004816043599271385
20 mcg,460.15490000000005,0.9916953942669028,0.00362170375672207
20 mcg,460.38820000000004,0.9918081178516217,0.003572341372862011
20 mcg,460.6215,0.9859698349283037,0.006136371797716433
20 mcg,460.8548,0.9829773943161084,0.007456469590713265
20 mcg,461.08810000000005,0.9859656639036353,0.00613820903123493
20 mcg,461.32140000000004,0.9839195886449645,0.007040393067391667
20 mcg,461.5547,0.9929066962064531,0.003091560393359947
20 mcg,461.788,0.9918342565643288,0.0035608958634901575
20 mcg,462.02130000000005,0.9811146365443725,0.008280245311229867
20 mcg,462.25460000000004,0.9811784941429231,0.008251979399012952
20 mcg,462.4879,0.9866175095609321,0.005851181354907461
20 mcg,462.7212,0.992097841055554,0.0034454954514848606
20 mcg,462.95450000000005,0.9900299404025426,0.004351671306499455
20 mcg,463.18780000000004,0.9854492426380655,0.006365739938463264
20 mcg,463.4211,0.981637296229881,0.008048949426197603
20 mcg,463.6544,0.9810292551525402,0.008318041384708753
20 mcg,463.88770000000005,0.9838908442397879,0.007053080810424305
20 mcg,464.12100000000004,0.9864125168470524,0.00594142550081204
20 mcg,464.3543,0.9836329230701414,0.0071669434668722035
20 mcg,464.5876,0.9818472289050534,0.007956081260873325
20 mcg,464.82090000000005,0.9829448281726871,0.007470858050464356
20 mcg,465.05420000000004,0.9855330301882024,0.006328815739600373
20 mcg,465.2875,0.9869275711651184,0.005714718249837077
20 mcg,465.5208,0.9824623795246248,0.007684070649912374
20 mcg,465.75410000000005,0.978171414198579,0.009585033026919385
20 mcg,465.98740000000004,0.980902183067271,0.00837429891179506
20 mcg,466.2207,0.9818035945544711,0.007975382205273468
20 mcg,466.454,0.9809442602242224,0.008355669648385078
20 mcg,466.68730000000005,0.9826324734388502,0.007608887664799467
20 mcg,466.92060000000004,0.9818916294180355,0.007936442297471057
20 mcg,467.1539,0.9804095563139932,0.008592464214933484
20 mcg,467.3872,0.9824592744630374,0.007685443235033663
20 mcg,467.62050000000005,0.9821133110906215,0.007838402699335336
20 mcg,467.85380000000004,0.9814405493840651,0.008136002591151544
20 mcg,468.0871,0.9805980634137079,0.00850896877857283
20 mcg,468.3204,0.9819973314824849,0.00788969238006287
20 mcg,468.55370000000005,0.9827710078700176,0.007547663860444361
20 mcg,468.78700000000003,0.9872162199233789,0.005587717811084861
20 mcg,469.0203,0.9850770029196475,0.00652981961813418
20 mcg,469.2536,0.9845723558610158,0.006752362210998331
20 mcg,469.48690000000005,0.985790290754572,0.006215463613307388
20 mcg,469.72020000000003,0.9840322067341354,0.006990687160105096
20 mcg,469.9535,0.9834875218566207,0.007231145885155162
20 mcg,470.1868,0.9859430803393643,0.0061481566694039464
20 mcg,470.42010000000005,0.9905694337688957,0.004115077272510859
20 mcg,470.65340000000003,0.9847266010636605,0.006684330041205024
20 mcg,470.8867,0.9868799489144318,0.0057356747823080955
20 mcg,471.12000000000006,0.9891410650281619,0.004741767660062474
20 mcg,471.35330000000005,0.9860542784163472,0.006099178194794242
20 mcg,471.58660000000003,0.9838913473577566,0.007052858731620564
20 mcg,471.8199,0.9849894736842106,0.006568410665118529
20 mcg,472.05320000000006,0.9849189394592559,0.006599511222374764
20 mcg,472.28650000000005,0.9851195788113448,0.006511049435503077
20 mcg,472.51980000000003,0.9775474330977967,0.00986216034350845
20 mcg,472.7531,0.9692543124800822,0.013562258020379388
20 mcg,472.98640000000006,0.9595951064941238,0.01791197540618491
20 mcg,473.21970000000005,0.9535520096220059,0.020655614232200373
20 mcg,473.45300000000003,0.9499482338895471,0.02230006034132452
20 mcg,473.6863,0.9345174236102833,0.02941259700611309
20 mcg,473.91960000000006,0.9175997053089315,0.03734673458229599
20 mcg,474.15290000000005,0.919248927230867,0.03656686828312682
20 mcg,474.38620000000003,0.9224572237002501,0.03505376385905951
20 mcg,474.6195,0.9306210507365072,0.03122712790923607
20 mcg,474.85280000000006,0.9376729062307759,0.02794863261569915
20 mcg,475.08610000000004,0.9493129851520399,0.022590578600590053
20 mcg,475.31940000000003,0.9552936784977939,0.019863096118590797
20 mcg,475.5527,0.9560131910092857,0.019536115314882505
20 mcg,475.78600000000006,0.9587749561187343,0.018283318569847884
20 mcg,476.01930000000004,0.9635561163784285,0.016122987470581253
20 mcg,476.25260000000003,0.9555275347254762,0.019756793687944335
20 mcg,476.4859,0.9651271243313942,0.015415478615323476
20 mcg,476.71920000000006,0.9659087219188734,0.015063912342219913
20 mcg,476.95250000000004,0.9565733300731573,0.01928173172615433
20 mcg,477.18580000000003,0.9579526013181883,0.018655978912286215
20 mcg,477.4191,0.9692724902511376,0.013554113169710554
20 mcg,477.65240000000006,0.9728646200045808,0.011947590230729109
20 mcg,477.88570000000004,0.961262786772659,0.01715787014201078
20 mcg,478.119,0.952755654491989,0.021018465061823456
20 mcg,478.3523,0.9536725396564028,0.020600722395859822
20 mcg,478.58560000000006,0.962906151386899,0.01641603885776423
20 mcg,478.81890000000004,0.963557205720572,0.016122496482037507
20 mcg,479.0522,0.9652913240656149,0.01534159718434854
20 mcg,479.2855,0.9647601113476338,0.015580661028688082
20 mcg,479.51880000000006,0.9683326109061964,0.013975441999753029
20 mcg,479.75210000000004,0.9636922262810181,0.016061644281520557
20 mcg,479.9854,0.9632153511247278,0.01627660451686374
20 mcg,480.2187,0.9701572105834821,0.01315788412892429
20 mcg,480.45200000000006,0.9652791031490822,0.015347095535032072
20 mcg,480.68530000000004,0.9597348816246453,0.017848720449115667
20 mcg,480.9186,0.9674945505868291,0.014351472465882826
20 mcg,481.1519,0.9650928874734609,0.015430885023286076
20 mcg,481.38520000000005,0.9625038305066836,0.016597533440650993
20 mcg,481.61850000000004,0.9675953036518631,0.014306248209114806
20 mcg,481.8518,0.9662769032917745,0.014898401183830692
20 mcg,482.0851,0.9615822668864987,0.01701355435168629
20 mcg,482.31840000000005,0.9632022604191195,0.01628250689356121
20 mcg,482.55170000000004,0.9610979104788704,0.01723236694676443
20 mcg,482.785,0.9636740327887674,0.016069843380424668
20 mcg,483.0183,0.959980211303904,0.01773771926261498
20 mcg,483.25160000000005,0.9562050102998928,0.01944898502854213
20 mcg,483.48490000000004,0.956488040242275,0.019320455944325205
20 mcg,483.7182,0.9561451076478765,0.019476192798695082
20 mcg,483.9515,0.9594903440485064,0.01795939148354057
20 mcg,484.18480000000005,0.9601039995291359,0.017681721152829996
20 mcg,484.41810000000004,0.9534164720085422,0.020717349114851846
20 mcg,484.6514,0.9547153550362603,0.020126092461922207
20 mcg,484.8847,0.948044127359616,0.023171447659013616
20 mcg,485.11800000000005,0.9517478411836889,0.021478099607448245
20 mcg,485.35130000000004,0.9560917571633185,0.019500426011099664
20 mcg,485.5846,0.956104439248211,0.019494665347525243
20 mcg,485.8179,0.9539049540630544,0.020494895717619584
20 mcg,486.05120000000005,0.9542641943798014,0.020331371336973412
20 mcg,486.28450000000004,0.9507978293671806,0.02191181841938507
20 mcg,486.5178,0.9509681165461948,0.021834043567499305
20 mcg,486.7511,0.9504219784563692,0.02208352921057124
20 mcg,486.98440000000005,0.9542715345658945,0.02032803076307891
20 mcg,487.21770000000004,0.9573054460017182,0.01894947042792497
20 mcg,487.451,0.9473656426424227,0.023482369535625113
20 mcg,487.6843,0.9532656307833347,0.02078606482974934
20 mcg,487.91760000000005,0.9542541122390723,0.020335959836930952
20 mcg,488.15090000000004,0.9526522396554714,0.02106560719136805
20 mcg,488.3842,0.9506736760124611,0.02196853146166683
20 mcg,488.6175,0.9429965237375965,0.02548990824290728
20 mcg,488.85080000000005,0.9449848024316111,0.02457517590678241
20 mcg,489.08410000000003,0.9529167910565497,0.020945020413818155
20 mcg,489.3174,0.9492511302442002,0.022618877086740808
20 mcg,489.5507,0.950570200849749,0.02201580439994812
20 mcg,489.78400000000005,0.9519568053341064,0.021382757109889704
20 mcg,490.01730000000003,0.9486633484815697,0.02288787802128915
20 mcg,490.2506,0.948612201864167,0.022911293379914717
20 mcg,490.48390000000006,0.9471076672884678,0.023600647552839547
20 mcg,490.71720000000005,0.9468002767637723,0.023741623792213905
20 mcg,490.95050000000003,0.9499773047612221,0.022286770010838692
20 mcg,491.1838,0.9503929439431774,0.022096796708333734
20 mcg,491.41710000000006,0.9492474374407887,0.02262056659462
20 mcg,491.65040000000005,0.9474218121599244,0.023456620883503258
20 mcg,491.88370000000003,0.9477109442044865,0.02332410409590903
20 mcg,492.117,0.9539041372590955,0.020495267592828447
20 mcg,492.35030000000006,0.9509273182957394,0.02185267598516247
20 mcg,492.58360000000005,0.9471886556898217,0.023563512057826527
20 mcg,492.81690000000003,0.9466640316763478,0.02380412350714727
20 mcg,493.0502,0.9518242034543957,0.021443255942975716
20 mcg,493.28350000000006,0.9458389576302962,0.024182802040379404
20 mcg,493.51680000000005,0.9436744969185751,0.025177781729246358
20 mcg,493.75010000000003,0.9436247780507666,0.025200663770507187
20 mcg,493.9834,0.9505027232309567,0.022046634524489406
20 mcg,494.21670000000006,0.9480549124160994,0.02316650710430675
20 mcg,494.45000000000005,0.9454527237988721,0.02436018263766191
20 mcg,494.68330000000003,0.9466045220243127,0.023831425194968416
20 mcg,494.9166,0.9426158227408487,0.025665274451871643
20 mcg,495.14990000000006,0.9452206691549725,0.024466790211690598
20 mcg,495.38320000000004,0.9456272752309077,0.024280009695221035
20 mcg,495.61650000000003,0.94524712368778,0.02445463548716806
20 mcg,495.8498,0.9511590777575594,0.02174684287883857
20 mcg,496.08310000000006,0.9474431187569369,0.023446854131942158
20 mcg,496.31640000000004,0.9452371067441644,0.02445923780361989
20 mcg,496.54970000000003,0.9467303565247491,0.023773697183012123
20 mcg,496.783,0.9446102910746311,0.02474732730412162
20 mcg,497.01630000000006,0.9395437418647666,0.027082995863321423
20 mcg,497.24960000000004,0.938106376672822,0.027747911959366475
20 mcg,497.48290000000003,0.9390088678802141,0.027330306292720128
20 mcg,497.7162,0.942467358055874,0.025733682460846667
20 mcg,497.94950000000006,0.9376133800396502,0.027976203762070304
20 mcg,498.18280000000004,0.9359456557029047,0.02874936719515239
20 mcg,498.41610000000003,0.9356554118790219,0.02888406608404767
20 mcg,498.6494,0.9408411463846001,0.02648369758487522
20 mcg,498.88270000000006,0.936111186502013,0.028672564919490228
20 mcg,499.11600000000004,0.9332280111893526,0.03001223417061732
20 mcg,499.3493,0.9347892580504935,0.029286286861967215
20 mcg,499.5826,0.9369605045870523,0.028278715410421987
20 mcg,499.81590000000006,0.9370395682073976,0.028242069847218287
20 mcg,500.04920000000004,0.9401940561813003,0.02678249870809627
20 mcg,500.2825,0.9388319783197832,0.027412125963843088
20 mcg,500.5158,0.9359432624113474,0.028750477723995044
20 mcg,500.74910000000006,0.9370765634105785,0.028224923831206384
20 mcg,500.98240000000004,0.942073886179744,0.025915034466373933
20 mcg,501.2157,0.9396691772741524,0.027025018498800752
20 mcg,501.449,0.9384036036036036,0.02761033313660745
20 mcg,501.68230000000005,0.9386536908433613,0.027494607837028028
20 mcg,501.91560000000004,0.9422921885932246,0.025814409078075782
20 mcg,502.1489,0.942703515341952,0.025624873431183973
20 mcg,502.3822,0.9449296606201267,0.02460051862458767
20 mcg,502.61550000000005,0.9419841822578936,0.025956389792886177
20 mcg,502.84880000000004,0.9389732972771271,0.027346758117372267
20 mcg,503.0821,0.9372031271060791,0.028166270989875564
20 mcg,503.3154,0.9375472848749157,0.02800681955502466
20 mcg,503.54870000000005,0.9371113825033005,0.028208786986586576
20 mcg,503.78200000000004,0.9398759906191667,0.02692944442436996
20 mcg,504.0153,0.9410890999547717,0.026369256714257074
20 mcg,504.2486,0.9374702628594107,0.028042499473197275
20 mcg,504.48190000000005,0.9392820262523414,0.02720398807980916
20 mcg,504.71520000000004,0.9421858020195969,0.025863444516169884
20 mcg,504.9485,0.9402030067857865,0.02677836426413796
20 mcg,505.1818,0.940899337179915,0.026456837407787467
20 mcg,505.41510000000005,0.9393314155791459,0.027181152608047435
20 mcg,505.64840000000004,0.9397953461338492,0.026966709933830053
20 mcg,505.8817,0.9438528230456058,0.02509572087390413
20 mcg,506.115,0.9414784249051664,0.02618962790647054
20 mcg,506.34830000000005,0.9391594915949161,0.027260647949314362
20 mcg,506.58160000000004,0.9397834735984334,0.02697219645726096
20 mcg,506.8149,0.9394868418345301,0.02710929811659369
20 mcg,507.0482,0.9385360432972297,0.027549044188593382
20 mcg,507.28150000000005,0.9360131824292094,0.028718034791863953
20 mcg,507.51480000000004,0.9373255550287565,0.02810954230726645
20 mcg,507.7481,0.9387531036890546,0.02744861412859891
20 mcg,507.9814,0.935783491452404,0.02882462064668693
20 mcg,508.21470000000005,0.9375985465249991,0.0279830745732774
20 mcg,508.44800000000004,0.9396923503325945,0.027014308551552322
20 mcg,508.6813,0.9348209332145463,0.02927157112172672
20 mcg,508.9146,0.9336688489004722,0.029807130832553628
20 mcg,509.14790000000005,0.9314932904066748,0.030820269001610317
20 mcg,509.38120000000004,0.9342047900034708,0.02955791025874507
20 mcg,509.6145,0.9346176957109815,0.029366000460348485
20 mcg,509.8478,0.9362662808873856,0.028600617209086
20 mcg,510.08110000000005,0.933495246137705,0.029887889371485024
20 mcg,510.31440000000003,0.9287225775321926,0.0321139964908811
20 mcg,510.5477,0.9271324094653504,0.0328582371676297
20 mcg,510.78100000000006,0.9328832468052521,0.03017270613672728
20 mcg,511.01430000000005,0.9314579526821269,0.030836744987047877
20 mcg,511.24760000000003,0.9306703307027433,0.031204130953871513
20 mcg,511.4809,0.9294405987519726,0.03177836109228919
20 mcg,511.71420000000006,0.9318124010117484,0.030671514047559044
20 mcg,511.94750000000005,0.9279639555439121,0.032468892544496614
20 mcg,512.1808,0.9290106644479686,0.0319793005549892
20 mcg,512.4141,0.9282468396540253,0.032336520715489654
20 mcg,512.6474000000001,0.9279400727647013,0.032480070018187215
20 mcg,512.8807,0.9271740218868466,0.03283874519507119
20 mcg,513.114,0.9264095408467501,0.03319698090964466
20 mcg,513.3473,0.9282152513578829,0.03235130003446971
20 mcg,513.5806,0.9289463522967375,0.032009366280039295
20 mcg,513.8139,0.9294887785043292,0.031755848993821514
20 mcg,514.0472,0.9298686525438025,0.03157839284827136
20 mcg,514.2805,0.9248929690072859,0.03390852202744199
20 mcg,514.5138000000001,0.9237434416365824,0.03444863197590383
20 mcg,514.7471,0.9272366074561244,0.03280943068730864
20 mcg,514.9804,0.9322303249291113,0.030476773817969458
20 mcg,515.2137,0.9291903722043289,0.03189529878591647
20 mcg,515.447,0.926723613443333,0.033049770768157315
20 mcg,515.6803,0.9313799269983588,0.03087312617115055
20 mcg,515.9136,0.9358326618020696,0.0288018014254478
20 mcg,516.1469,0.930860215845526,0.03111553066724728
20 mcg,516.3802000000001,0.9262422599766421,0.03327540812298395
20 mcg,516.6135,0.9248541040654945,0.03392677190604181
20 mcg,516.8468,0.930902317124088,0.031095888685372733
20 mcg,517.0801,0.9324121818195348,0.030392061124816135
20 mcg,517.3134,0.9269595227676707,0.03293922963376264
20 mcg,517.5467,0.9281288115424661,0.03239174548381246
20 mcg,517.78,0.9310711143347814,0.031017146748321362
20 mcg,518.0133,0.9294509325692224,0.03177353249445762
20 mcg,518.2466000000001,0.9302836820899891,0.03138459684418004
20 mcg,518.4799,0.9286691672918228,0.03213897320647246
20 mcg,518.7132,0.9294992846924178,0.03175094010860261
20 mcg,518.9465,0.9295933744411823,0.031706980321524546
20 mcg,519.1798,0.9238405998681773,0.034402955803189444
20 mcg,519.4131,0.9263420176811005,0.033228636463375295
20 mcg,519.6464,0.9321882650843166,0.03049636851478805
20 mcg,519.8797,0.9289420245710226,0.032011389552718726
20 mcg,520.113,0.9257285084617743,0.03351636166015888
20 mcg,520.3463,0.9247804482304026,0.03396136070923819
20 mcg,520.5796,0.9283794667890096,0.032274473514313624
20 mcg,520.8129,0.924228522074887,0.03422063310296602
20 mcg,521.0462,0.9263115755225265,0.03324290881470485
20 mcg,521.2795,0.9274083386353704,0.03272900353720896
20 mcg,521.5128,0.9274518085087322,0.03270864758081776
20 mcg,521.7461,0.9228768183106468,0.034856262894005396
20 mcg,521.9794,0.9228266908351703,0.0348798529082072
20 mcg,522.2127,0.92311972287819,0.03474197003205452
20 mcg,522.446,0.929571243858288,0.03171731957813272
20 mcg,522.6793,0.9308601807383652,0.03111554704655564
20 mcg,522.9126,0.9233400687998224,0.034638317606195686
20 mcg,523.1459,0.9277533062544017,0.032567489271840194
20 mcg,523.3792,0.9269666986846594,0.03293586762170978
20 mcg,523.6125,0.9224288854459434,0.03506710576391979
20 mcg,523.8458,0.9249727036541924,0.033871083290455635
20 mcg,524.0791,0.9261456482199103,0.03332070959865002
20 mcg,524.3124,0.9297634310494453,0.0316275392518303
20 mcg,524.5457,0.9337575417019515,0.029765877485712446
20 mcg,524.779,0.9325217630373348,0.030341023908836657
20 mcg,525.0123,0.9227326692193385,0.03492410298203794
20 mcg,525.2456,0.91969993016157,0.03635384649378653
20 mcg,525.4789,0.9233794085219365,0.03461981449898735
20 mcg,525.7122,0.929242435103985,0.03187096577807296
20 mcg,525.9455,0.9280918376282711,0.03240904683957375
20 mcg,526.1788,0.9272100929614872,0.03282184959232174
20 mcg,526.4121,0.9264639855303757,0.03317145836281374
20 mcg,526.6454,0.9252525736301687,0.03373969822223053
20 mcg,526.8787,0.9265140429297573,0.03314799380791753
20 mcg,527.112,0.9293792985191793,0.03180700545196087
20 mcg,527.3453,0.9268074411675656,0.0330104879970389
20 mcg,527.5786,0.9278185908859983,0.03253692968499704
20 mcg,527.8119,0.927396976376766,0.03273432438266264
20 mcg,528.0452,0.928481872520183,0.03222657091322279
20 mcg,528.2785,0.9302190058004012,0.0314147914317742
20 mcg,528.5118,0.9278412211427381,0.032526337015410765
20 mcg,528.7451,0.9334455768691138,0.029910997858919208
20 mcg,528.9784,0.9343919158814694,0.029470927619578657
20 mcg,529.2117,0.9262014217173976,0.033294556700420946
20 mcg,529.445,0.9242783239890576,0.03419723184095415
20 mcg,529.6783,0.9301977616321139,0.03142470988146967
20 mcg,529.9116,0.9361788987413951,0.028641151996711234
20 mcg,530.1449,0.9330155247827437,0.030111129810430355
20 mcg,530.3782,0.9321468707668044,0.030515654021277712
20 mcg,530.6115,0.9345860616044304,0.02938070032157298
20 mcg,530.8448,0.9318912574493937,0.03063476258699626
20 mcg,531.0781000000001,0.9351129124689583,0.029135946024245723
20 mcg,531.3114,0.9401377272220363,0.026808518963035266
20 mcg,531.5447,0.9339602751886373,0.029671595539998555
20 mcg,531.778,0.9291287210211279,0.03192411490126979
20 mcg,532.0113,0.9366306337939856,0.028431642122889237
20 mcg,532.2446,0.9422605464002314,0.02582899294145981
20 mcg,532.4779,0.9361338769223041,0.02866203817326721
20 mcg,532.7112,0.9303215913731175,0.03136689960047911
20 mcg,532.9445000000001,0.9335135634345589,0.029879367611002124
20 mcg,533.1778,0.9388717184461363,0.027393742959519674
20 mcg,533.4111,0.9328360724820901,0.030194668227197546
20 mcg,533.6444,0.9238426139106798,0.03440200900934664
20 mcg,533.8777,0.9278158013036638,0.03253823543813437
20 mcg,534.111,0.9349592528701445,0.02920731601439197
20 mcg,534.3443,0.9319086748697598,0.030626645525263358
20 mcg,534.5776,0.933667659997162,0.02980768384926454
20 mcg,534.8109000000001,0.9292731957303434,0.03185658960596342
20 mcg,535.0442,0.928508924702864,0.032213917524008186
20 mcg,535.2775,0.9326328818615581,0.03028927667984967
20 mcg,535.5108,0.9365066213257612,0.0284891477120483
20 mcg,535.7441,0.9339787546420245,0.029663002620736484
20 mcg,535.9774,0.9262648260881993,0.033264827501941804
20 mcg,536.2107,0.925040929646803,0.03383905090799831
20 mcg,536.444,0.9297904567368028,0.031614915679083144
20 mcg,536.6773000000001,0.9351884937062246,0.02910084524937634
20 mcg,536.9106,0.934877422991652,0.02924532817359877
20 mcg,537.1439,0.925366538886437,0.03368620857473488
20 mcg,537.3772,0.9276856903367644,0.032599142395425114
20 mcg,537.6105,0.9357430354624898,0.028843396563490383
20 mcg,537.8438,0.939924028440635,0.026907247849649922
20 mcg,538.0771,0.9430473016919555,0.025466523223865348
20 mcg,538.3104,0.9398865089182158,0.02692458419416833
20 mcg,538.5437000000001,0.9316129108334145,0.030764501390195854
20 mcg,538.777,0.9320858841274067,0.03054406910077908
20 mcg,539.0103,0.9308526443517121,0.031119063175458907
20 mcg,539.2436,0.9345052536927697,0.029418252719214538
20 mcg,539.4769,0.9430847875266214,0.025449260497420963
20 mcg,539.7102,0.9391427514592712,0.027268389140663058
20 mcg,539.9435,0.9328977325423109,0.030165962498818345
20 mcg,540.1768,0.9315899287251653,0.03077521520254489
20 mcg,540.4101,0.9314871739398254,0.03082312071997485
20 mcg,540.6434,0.9326519702447289,0.03028038797904834
20 mcg,540.8767,0.93462527369693,0.02936247916586161
20 mcg,541.11,0.936499928666612,0.028492251369040624
20 mcg,541.3433,0.9373667236165296,0.028090467933616796
20 mcg,541.5766,0.9337490224003456,0.029769839866084464
20 mcg,541.8099,0.930885060614347,0.031103939451047988
20 mcg,542.0432,0.9339196786411953,0.029690473473245847
20 mcg,542.2765,0.9332510341142547,0.03000152016954893
20 mcg,542.5098,0.9319697011634237,0.030598206563859545
20 mcg,542.7431,0.9338587873237308,0.02971879028239841
20 mcg,542.9764,0.9368418115874638,0.02833373478400883
20 mcg,543.2097,0.9338561580754097,0.029720013025772877
20 mcg,543.443,0.9312769979238326,0.030921123769142488
20 mcg,543.6763,0.9376438612933458,0.02796208533608495
20 mcg,543.9096,0.9421223645016497,0.025892686616257363
20 mcg,544.1429,0.9379321182634495,0.02782859203713425
20 mcg,544.3762,0.9355445080670773,0.02893554632738516
20 mcg,544.6095,0.9389312397353257,0.027366211032011777
20 mcg,544.8428,0.9407057984715234,0.02654617899364204
20 mcg,545.0761,0.9369293866473214,0.028293139256324325
20 mcg,545.3094,0.9328389326275907,0.030193336649720303
20 mcg,545.5427,0.9300276529225623,0.03150413818463104
20 mcg,545.776,0.9301769324304161,0.03143443481203236
20 mcg,546.0093,0.9387099781706418,0.02746856570566069
20 mcg,546.2426,0.9424878094553973,0.02572425843834086
20 mcg,546.4759,0.9357418149007475,0.02884396304761599
20 mcg,546.7092,0.9286151771956855,0.03216422254527838
20 mcg,546.9425,0.9268125723100655,0.03300808359175911
20 mcg,547.1758,0.9389127450692699,0.027374765663256875
20 mcg,547.4091,0.9336857745741608,0.02979925795549723
20 mcg,547.6424,0.9337744843720941,0.029757997451475688
20 mcg,547.8757,0.934457632285408,0.029440384474314966
20 mcg,548.109,0.9342101201559169,0.029555432376790206
20 mcg,548.3423,0.9293835414413529,0.03180502275933594
20 mcg,548.5756,0.9344189288746609,0.02945837247637997
20 mcg,548.8089,0.939852431682259,0.026940330588751674
20 mcg,549.0422,0.9473057795698925,0.023509813029809406
20 mcg,549.2755,0.9503703703703704,0.02210711212007759
20 mcg,549.5088,0.9446848864542035,0.02471303265061708
20 mcg,549.7421,0.9369575469331648,0.028280086327108194
20 mcg,549.9754,0.9437361449040282,0.02514941124185054
20 mcg,550.2087,0.9448026851098454,0.024658881136781115
20 mcg,550.442,0.9403755201461484,0.026698684953120652
20 mcg,550.6753,0.9447288319886562,0.024692830295850347
20 mcg,550.9086,0.9401448093004282,0.02680524742537398
20 mcg,551.1419,0.9435703526084416,0.025225713293897174
20 mcg,551.3752000000001,0.9489464145077362,0.022758310797840065
20 mcg,551.6085,0.9450808694756363,0.02453102782476711
20 mcg,551.8418,0.939682246380531,0.02701897828651021
20 mcg,552.0751,0.9406180039152362,0.0265867128893127
20 mcg,552.3084,0.9448412040872686,0.02464117560036616
20 mcg,552.5417,0.9461073609103107,0.024059578603144758
20 mcg,552.775,0.9422271048604131,0.025844406654785292
20 mcg,553.0083,0.9461008848145567,0.024062551354855997
20 mcg,553.2416000000001,0.9503544613966931,0.022114382167130683
20 mcg,553.4749,0.9447272752573485,0.02469354593016878
20 mcg,553.7082,0.9415006370399688,0.02617938179405075
20 mcg,553.9415,0.946314578371819,0.023964469369227432
20 mcg,554.1748,0.9533269072561711,0.02075814902340735
20 mcg,554.4081,0.9502281608648618,0.022172103019119996
20 mcg,554.6414,0.9472315061801287,0.023543865168646455
20 mcg,554.8747,0.9533793152235427,0.020734274877747528
20 mcg,555.1080000000001,0.9516621990542082,0.0215171809440922
20 mcg,555.3413,0.947666670194265,0.02334439341260073
20 mcg,555.5746,0.9468973144094774,0.023697115192424862
20 mcg,555.8079,0.9356947371732359,0.028865813211075144
20 mcg,556.0412,0.9340455676010367,0.02963193610935812
20 mcg,556.2745,0.9491571942356292,0.022661856133641977
20 mcg,556.5078,0.9435848862495523,0.025219023987149643
20 mcg,556.7411,0.9440974477464144,0.024983176428283366
20 mcg,556.9744000000001,0.950246078294715,0.02216391407264022
20 mcg,557.2077,0.947923140112147,0.02322687487543159
20 mcg,557.441,0.9433650006589939,0.025320240346655892
20 mcg,557.6743,0.9441044480383861,0.024979956234318042
20 mcg,557.9076,0.9475968391083156,0.023376396619709392
20 mcg,558.1409,0.9455212937966737,0.024328686095239544
20 mcg,558.3742,0.9315498695586174,0.030793890639568038
20 mcg,558.6075,0.9473909925415951,0.023470748706729643
20 mcg,558.8408000000001,0.9595378826637059,0.017937874594966145
20 mcg,559.0741,0.9483774001815043,0.02301880380119777
20 mcg,559.3074,0.934262694794869,0.029530992229298312
20 mcg,559.5407,0.9396006111644103,0.02705670940694284
20 mcg,559.774,0.9531759859462307,0.020826907683548227
20 mcg,560.0073,0.955422546176101,0.019804514398347253
20 mcg,560.2406,0.9478561325083952,0.023257575741283815
20 mcg,560.4739,0.9413842960418008,0.02623305077052405
20 mcg,560.7072000000001,0.9407882827285443,0.026508100258184963
20 mcg,560.9405,0.9456231846501031,0.024281888364079466
20 mcg,561.1738,0.9478757161267963,0.02324860289270953
20 mcg,561.4071,0.9422227481523715,0.025846414767931616
20 mcg,561.6404,0.9381246631040476,0.027739446374897548
20 mcg,561.8737,0.9370541340445052,0.028235318997276635
20 mcg,562.107,0.9485096851467878,0.022958230210920434
20 mcg,562.3403,0.9518735269589178,0.02142075139773761
20 mcg,562.5736,0.9519946774852565,0.02136547970927015
20 mcg,562.8069,0.9457282317066601,0.024233646290549127
20 mcg,563.0402,0.9418800486096219,0.026004402455507912
20 mcg,563.2735,0.9461602141636115,0.02403531789438716
20 mcg,563.5068,0.9555828523184736,0.019731652151839977
20 mcg,563.7401,0.9615548957523037,0.017025916582291654
20 mcg,563.9734,0.9454299745492348,0.02437063264981129
20 mcg,564.2067,0.9484572290454644,0.0229822489696898
20 mcg,564.44,0.9479464244068184,0.023216207220988914
20 mcg,564.6733,0.9510440034512512,0.021799388410693874
20 mcg,564.9066,0.9544679625629949,0.020238644447490555
20 mcg,565.1399,0.9506617781457307,0.021973966775941534
20 mcg,565.3732,0.9518914677015363,0.021412565969869617
20 mcg,565.6065,0.9609363332359337,0.01730538552632751
20 mcg,565.8398,0.951638797656364,0.021527860387827717
20 mcg,566.0731,0.9553176975632056,0.019852176736763563
20 mcg,566.3064,0.9581517516661322,0.018565702098961415
20 mcg,566.5397,0.9505613934833911,0.022019828309309007
20 mcg,566.773,0.9481298245614035,0.02313219195482202
20 mcg,567.0063,0.9556908292205206,0.01968258144759196
20 mcg,567.2396,0.9689556647083374,0.013696093963702801
20 mcg,567.4729,0.97689515360179,0.010152044935892755
20 mcg,567.7062,0.9538655753916072,0.020512824435410942
20 mcg,567.9395,0.9489780210977958,0.02274384597785205
20 mcg,568.1728,0.9518559191741709,0.02142878506425453
20 mcg,568.4061,0.9629872118440923,0.01637948012616202
20 mcg,568.6394,0.9706442350925266,0.012939920501845807
20 mcg,568.8727,0.9598510335768361,0.017796163122495524
20 mcg,569.106,0.9525238688252388,0.021124132745035853
20 mcg,569.3393,0.9548252217826375,0.02007611759118294
20 mcg,569.5726,0.9540651458827347,0.020421969602583877
20 mcg,569.8059,0.9539997725933661,0.020451728819445788
20 mcg,570.0392,0.954292199752373,0.020318626019297945
20 mcg,570.2725,0.9510694017094017,0.021787790444625765
20 mcg,570.5058,0.9476732891832229,0.023341360088298145
20 mcg,570.7391,0.9461299661184132,0.0240492021910516
20 mcg,570.9724,0.9539769413360463,0.02046212254070769
20 mcg,571.2057,0.9585911545026656,0.018366582822226026
20 mcg,571.439,0.9465816343610861,0.023841925996286775
20 mcg,571.6723000000001,0.9435798898485167,0.02522132363731969
20 mcg,571.9056,0.9350155584373587,0.02918116251007618
20 mcg,572.1389,0.937500165245555,0.028028647050668737
20 mcg,572.3722,0.9514771320552713,0.021601645150532825
20 mcg,572.6055,0.9402755038300951,0.026744878035887695
20 mcg,572.8388,0.9293930032185066,0.03180060135901359
20 mcg,573.0721,0.9394479623315474,0.027127271229412213
20 mcg,573.3054,0.9438604349237261,0.025092218438721656
20 mcg,573.5387000000001,0.9427690225273131,0.02559469594668881
20 mcg,573.772,0.9388418740895864,0.027407548301738173
20 mcg,574.0053,0.9371829533991698,0.028175619469019444
20 mcg,574.2386,0.9428739994762729,0.025546340124112218
20 mcg,574.4719,0.9394468160630717,0.02712780113463043
20 mcg,574.7052,0.9364990809417807,0.028492644494946758
20 mcg,574.9385,0.9316057735267568,0.030767828635594494
20 mcg,575.1718,0.9371787996400558,0.0281775443425498
20 mcg,575.4051000000001,0.9314248714712403,0.030852169454070683
20 mcg,575.6384,0.9307396929844008,0.031171764462011364
20 mcg,575.8717,0.92657389579322,0.033119939264154276
20 mcg,576.105,0.936534968608556,0.028476002175332173
20 mcg,576.3383,0.9441103523850324,0.024977240203104694
20 mcg,576.5716,0.9384562424158972,0.027585972504919887
20 mcg,576.8049,0.9374936917013978,0.02803164591330011
20 mcg,577.0382,0.9290336391437309,0.03196856046275976
20 mcg,577.2715000000001,0.9357553492418388,0.0288376815637165
20 mcg,577.5048,0.9393424129866557,0.02717606804964867
20 mcg,577.7381,0.9307709950647466,0.03115715877550652
20 mcg,577.9714,0.9236506675143039,0.03449225156871649
20 mcg,578.2047,0.9328716594083909,0.03017810056715302
20 mcg,578.438,0.9441576736945323,0.024955472759804583
20 mcg,578.6713,0.9487599623651263,0.02284365080398846
20 mcg,578.9046,0.9465405348217304,0.02386078299711252
20 mcg,579.1379000000001,0.9512020937630571,0.02172720242979657
20 mcg,579.3712,0.9572152034507329,0.01899041210381239
20 mcg,579.6045,0.9607924269028169,0.017370428760104067
20 mcg,579.8378,0.9564648142555119,0.019331001858057206
20 mcg,580.0711,0.9528282979359858,0.02098535327281059
20 mcg,580.3044,0.9550001118843564,0.019996577535881143
20 mcg,580.5377,0.9576457572081695,0.018795111110152512
20 mcg,580.771,0.9592601378901328,0.01806360228708447
20 mcg,581.0043000000001,0.953812738479601,0.020536881719245555
20 mcg,581.2376,0.9553865708381821,0.0198208675658149
20 mcg,581.4709,0.9571526971540115,0.019018772524765283
20 mcg,581.7042,0.9610103648999391,0.017271928258016465
20 mcg,581.9375,0.9617814900237431,0.01692358540101716
20 mcg,582.1708,0.9641354568152619,0.01586194533507154
20 mcg,582.4041,0.9667158419511201,0.014701164395028988
20 mcg,582.6374,0.9672591229328639,0.014457165436423272
20 mcg,582.8707,0.9667829264241821,0.014671027922267384
20 mcg,583.104,0.9622438714333162,0.016714846262125552
20 mcg,583.3373,0.9604166517998378,0.017540318708627264
20 mcg,583.5706,0.9678575270938082,0.014188568054114191
20 mcg,583.8039,0.9722462200436515,0.01222373665298933
20 mcg,584.0372,0.9727519379844961,0.011997895291493817
20 mcg,584.2705000000001,0.9740136903438367,0.01143493881029755
20 mcg,584.5038000000001,0.9708344327411982,0.01285482887460125
20 mcg,584.7371,0.973169010570734,0.011811729121008474
20 mcg,584.9704,0.9753757947563301,0.010828026204156219
20 mcg,585.2037,0.9767328695098996,0.010224196937130487
20 mcg,585.437,0.9774825834560018,0.009890972015305581
20 mcg,585.6703,0.9799910324752504,0.008777898352743682
20 mcg,585.9036,0.980786247897495,0.008425632246646874
20 mcg,586.1369000000001,0.9813510955501946,0.008175588358252404
20 mcg,586.3702000000001,0.9820231856439573,0.00787825836543377
20 mcg,586.6035,0.9807997806877613,0.008419639936290003
20 mcg,586.8368,0.9800848346808326,0.008736330798152126
20 mcg,587.0701,0.9822015433606928,0.007799387784840662
20 mcg,587.3034,0.9896678387766308,0.004510542768021815
20 mcg,587.5367,0.991970919416197,0.0035010594206176127
20 mcg,587.77,0.9920883046367078,0.0034496700740030426
20 mcg,588.0033000000001,0.9936227404232583,0.0027784776271136246
20 mcg,588.2366000000001,0.997874935014219,0.0009238860039608586
20 mcg,588.4699,0.9942212008619515,0.002516980163840636
20 mcg,588.7032,0.9901449234050944,0.00430123486829415
20 mcg,588.9365,0.9956493160376796,0.0018936002589049383
20 mcg,589.1698,1.001196483704768,-0.0005193156562239126
20 mcg,589.4031,0.9978638908285521,0.0009286926738819764
20 mcg,589.6364,0.9880856321429421,0.005205415781202403
20 mcg,589.8697000000001,0.9914548143906861,0.0037270740032664907
20 mcg,590.1030000000001,0.9956525490760049,0.001892190035041796
20 mcg,590.3363,0.9948375535159404,0.002247829175201255
20 mcg,590.5696,0.9902716222634314,0.00424566613934711
20 mcg,590.8029,0.9927262441540761,0.003170496765957581
20 mcg,591.0362,0.9922621060482875,0.0033735937985805106
20 mcg,591.2695,0.98937112022427,0.004640770857113352
20 mcg,591.5028000000001,0.9902319234707702,0.004263076829300603
20 mcg,591.7361000000001,0.9984740104911778,0.0006632349967486781
20 mcg,591.9694000000001,0.9959558335084633,0.0017599203000539748
20 mcg,592.2027,0.9882519798416127,0.005132306928400658
20 mcg,592.436,0.9889436123750394,0.004828470316377134
20 mcg,592.6693,0.9983748732649146,0.0007063576894100178
20 mcg,592.9026,0.999466070380303,0.00023194461412063357
20 mcg,593.1359,0.9923421689197532,0.003338553197549516
20 mcg,593.3692000000001,0.989063424982905,0.004775857809404836
20 mcg,593.6025000000001,0.9950222598696778,0.0021672034447940904
20 mcg,593.8358000000001,0.997158668256837,0.0012357310908378595
20 mcg,594.0691,0.9961460322570417,0.0016769905376326603
20 mcg,594.3024,0.9927002220973481,0.0031818809555384875
20 mcg,594.5357,0.9978730904817859,0.0009246887809118211
20 mcg,594.769,1.0060040978547975,-0.0025997497776635873
20 mcg,595.0023,1.006186587478347,-0.002678523859371818
20 mcg,595.2356000000001,1.0046337595400932,-0.002007768025828583
20 mcg,595.4689000000001,1.0026855617597419,-0.001164761332925457
20 mcg,595.7022000000001,0.9941879484171201,0.002531505698795719
20 mcg,595.9355,0.998421273964131,0.0006861737886570496
20 mcg,596.1688,1.0041662934766384,-0.0018056394613701677
20 mcg,596.4021,1.0004778563453667,-0.00020748080487281435
20 mcg,596.6354,0.9980682578630381,0.0008397563082559599
20 mcg,596.8687,1.0067354850997816,-0.0029153767582245677
20 mcg,597.1020000000001,1.0097014944170315,-0.004192999041322796
20 mcg,597.3353000000001,1.005106502820043,-0.0022120827877616894
20 mcg,597.5686000000001,0.9949184741959612,0.0022125048396195663
20 mcg,597.8019,0.9990328567845498,0.0004202282048802897
20 mcg,598.0352,1.0000593500167236,-2.577461990944505e-05
20 mcg,598.2685,0.9993047099722941,0.00030206564614390294
20 mcg,598.5018,0.9946186064859132,0.0023434206129675805
20 mcg,598.7351,0.9962641461877757,0.0016254989030598853
20 mcg,598.9684000000001,0.9968179601284743,0.00138414573062962
20 mcg,599.2017000000001,0.9988750126916437,0.0004888508072936202
20 mcg,599.4350000000001,0.9968173325322158,0.0013844191623780856
20 mcg,599.6683,0.9992598422389137,0.00032156545064542435
20 mcg,599.9016,1.0007582555520615,-0.0003291814160806137
20 mcg,600.1349,0.999105859484897,0.00038849400176334557
20 mcg,600.3682,0.9963427177205918,0.0015912491132268163
20 mcg,600.6015,0.9984973854198708,0.000653067998295429
20 mcg,600.8348000000001,0.999437329630201,0.0002444334109037424
20 mcg,601.0681000000001,1.001884473364836,-0.0008176462091342003
20 mcg,601.3014000000001,0.9997029404256307,0.00012903049976678674
20 mcg,601.5347,0.9959270621630462,0.0017724664558341268
20 mcg,601.768,0.9944886964143015,0.002400148801781288
20 mcg,602.0013,1.000843664717349,-0.00036624445927140167
20 mcg,602.2346,1.002439558719975,-0.0010581966481115193
20 mcg,602.4679,0.9988991351463999,0.00047836288602139256
20 mcg,602.7012000000001,0.9961808998149784,0.0016617894300562605
20 mcg,602.9345000000001,1.0004974342863127,-0.00021597925236484139
20 mcg,603.1678,0.9983607715678654,0.0007124919908934243
20 mcg,603.4011,0.9939654519776222,0.0026287104479878784
20 mcg,603.6344,0.996786763163415,0.001397737863132346
20 mcg,603.8677,0.9978016198590511,0.0009557953504587635
20 mcg,604.101,0.9929267455959107,0.003082790937650375
20 mcg,604.3343,0.9948792735126955,0.00222961677016726
20 mcg,604.5676000000001,0.9989936847776993,0.0004372571943041246
20 mcg,604.8009000000001,0.9985042785880262,0.0006500698386577257
20 mcg,605.0342,0.9976474943805369,0.0010228838514833014
20 mcg,605.2675,0.9970127359864431,0.001299293911708655
20 mcg,605.5008,0.9905434848472873,0.004126454184306889
20 mcg,605.7341,0.9931487084997842,0.0029857178233917456
20 mcg,605.9674,1.0021918306925894,-0.0009508582951133254
20 mcg,606.2007,1.0014791243112644,-0.0006419009177478783
20 mcg,606.4340000000001,0.9984852739423793,0.0006583358936551074
20 mcg,606.6673000000001,1.0013537306893112,-0.0005875201859605829
20 mcg,606.9006,0.9989581990113904,0.00045268426501664244
20 mcg,607.1339,0.9961040912139503,0.0016952761568608543
20 mcg,607.3672,0.9911707709537825,0.003851513533376372
20 mcg,607.6005,0.992145576929776,0.003424599399539278
20 mcg,607.8338,0.9983610976332955,0.0007123501499898748
20 mcg,608.0671,0.9958635348561897,0.0018001697283252902
20 mcg,608.3004000000001,0.9935769978149216,0.0027984713519614355
20 mcg,608.5337000000001,0.9988240101092919,0.000511026460212506
20 mcg,608.767,0.9943462840430773,0.002462344919298175
20 mcg,609.0003,0.9987014464488867,0.0005643211216526197
20 mcg,609.2336,0.9973984295166306,0.0011313199484139828
20 mcg,609.4669,0.9925242534792595,0.003258871946697761
20 mcg,609.7002,0.9890599839783789,0.004777368745750989
20 mcg,609.9335000000001,0.988994616285264,0.004806072532209779
20 mcg,610.1668000000001,0.9906321609975295,0.00408757669978591
20 mcg,610.4001000000001,0.9972278439180534,0.001205603923634349
20 mcg,610.6334,0.9920336250513158,0.0034736071535335124
20 mcg,610.8667,0.9917986719223938,0.0035764775907468366
20 mcg,611.1,0.9910942078072588,0.0038850619766220527
20 mcg,611.3333,0.9903541532166895,0.0042094727927283705
20 mcg,611.5666,0.988012118539569,0.005237728506919982
20 mcg,611.7999000000001,0.989963435381116,0.004380845913029489
20 mcg,612.0332000000001,0.9919741270480243,0.0034996550905883215
20 mcg,612.2665000000001,0.9925854558330657,0.003232092726968768
20 mcg,612.4998,0.9857278532831178,0.006242971601917701
20 mcg,612.7331,0.9867623656795997,0.005787422507551615
20 mcg,612.9664,0.988415803605677,0.005060319356693919
20 mcg,613.1997,0.9923066324984157,0.0033541058451354473
20 mcg,613.433,0.9943446335646441,0.002463065789162584
20 mcg,613.6663000000001,0.9955812788383558,0.001923278569712348
20 mcg,613.8996000000001,0.9930409758872768,0.0030328308252834156
20 mcg,614.1329000000001,0.9903549899531144,0.004209105863526872
20 mcg,614.3662,0.9836655437789281,0.007152540981370508
20 mcg,614.5995,0.9930157570322642,0.0030438601271064133
20 mcg,614.8328,0.9947405662340689,0.0022901708565324
20 mcg,615.0661,0.9872582687199517,0.00556922016988461
20 mcg,615.2994,0.9859107182722439,0.006162411952614641
20 mcg,615.5327000000001,0.9942342282233695,0.002511289605133712
20 mcg,615.7660000000001,0.9991306072618878,0.00037773669334076164
20 mcg,615.9993000000001,0.9964618358619881,0.0015393299709591012
20 mcg,616.2326,0.9817419785985958,0.008002638480868482
20 mcg,616.4659,0.9968539476664681,0.001368466933021502
20 mcg,616.6992,0.9943095631185942,0.0024783835867206857
20 mcg,616.9325,0.9863622866245397,0.005963541262254623
20 mcg,617.1658,0.9865905618976195,0.0058630434810023665
20 mcg,617.3991000000001,0.9875659984024002,0.005433871109908053
20 mcg,617.6324000000001,0.9869886789091444,0.005687828805019412
20 mcg,617.8657000000001,0.9957991006097987,0.0018282703083780266
20 mcg,618.099,0.9895013826453591,0.0045835946108639825
20 mcg,618.3323,0.9852045169664173,0.006473605674699539
20 mcg,618.5656,0.9851028120484607,0.00651844120268012
20 mcg,618.7989,0.9898519257477065,0.004429767665502785
20 mcg,619.0322,0.9890699577443941,0.004772989304893372
20 mcg,619.2655000000001,0.984519367485552,0.006775735991713195
20 mcg,619.4988000000001,0.9853678785346149,0.006401599157255371
20 mcg,619.7321000000001,0.9924646517385703,0.0032849524018911213
20 mcg,619.9654,0.9925531586321532,0.0032462242299643126
20 mcg,620.1987,0.990864403401355,0.003985773248072336
20 mcg,620.432,0.9839000198151885,0.007049030683108865
20 mcg,620.6653,0.985253951333339,0.006451814733027454
20 mcg,620.8986,0.9926470546761089,0.003205141689755471
20 mcg,621.1319000000001,0.9895416571828396,0.0045659183814547415
20 mcg,621.3652000000001,0.9882778151637506,0.005120953557587173
20 mcg,621.5985000000001,0.9973614730926286,0.0011474120816033473
20 mcg,621.8318,0.9937264261392329,0.002733160845243112
20 mcg,622.0651,0.9892475293707729,0.004695025703814915
20 mcg,622.2984,0.9859016393442622,0.0061664112462683374
20 mcg,622.5317,0.9925452645256052,0.0032496783326660993
20 mcg,622.765,0.997546753832665,0.0010667402971612486
20 mcg,622.9983000000001,0.9889225370528145,0.004837725640504679
20 mcg,623.2316000000001,0.9828565039968694,0.007509884071633817
20 mcg,623.4649000000001,0.9889223874630881,0.00483779133422203
20 mcg,623.6982,0.9963489212205829,0.0015885450864100226
20 mcg,623.9315,0.9958944048420019,0.0017867075859348848
20 mcg,624.1648,0.9913096055445835,0.0037906855953089742
20 mcg,624.3981,0.9896523410054769,0.00451734368539011
20 mcg,624.6314,0.9903018098437222,0.004232427246680165
20 mcg,624.8647000000001,0.9886101504287923,0.004974934789077072
20 mcg,625.0980000000001,0.9914405157565661,0.0037333373877253095
20 mcg,625.3313,0.9990721236258816,0.0004031586588038145
20 mcg,625.5646,0.992961792344911,0.0030674621723039974
20 mcg,625.7979,0.9949217080137814,0.002211093239585204
20 mcg,626.0312,0.9946510243985377,0.0023292657489407814
20 mcg,626.2645,0.989424488873828,0.004617344779241838
20 mcg,626.4978,0.9884162436548223,0.0050601260060086075
20 mcg,626.7311000000001,0.9918863707099002,0.003538077241205568
20 mcg,626.9644000000001,0.9945447471038139,0.00237567208395848
20 mcg,627.1977,0.9933860021419786,0.002881963965647572
20 mcg,627.431,0.9862640275193141,0.006006806818356733
20 mcg,627.6643,0.9902335853223476,0.004262347977455792
20 mcg,627.8976,0.9896124571198717,0.004534846499014625
20 mcg,628.1309,0.9861485884857067,0.006057642566356253
20 mcg,628.3642,0.9836260080076693,0.0071699966221292055
20 mcg,628.5975000000001,0.9868659420289854,0.005741838810905733
20 mcg,628.8308000000001,0.9888156288156287,0.004884677919958366
20 mcg,629.0641,0.9883469573115351,0.005090570397687377
20 mcg,629.2974,0.9833850979861152,0.007276377204527014
20 mcg,629.5307,0.9904053091266225,0.004187040256291773
20 mcg,629.764,0.9932013313988222,0.002962706939891625
20 mcg,629.9973,0.9910663823738449,0.0038972551684843607
20 mcg,630.2306000000001,0.9899357772094344,0.004392979653237322
20 mcg,630.4639000000001,0.987880387432564,0.005295636609490482
20 mcg,630.6972000000001,0.9872634984477033,0.005566919621020411
20 mcg,630.9305,0.9920373086743811,0.0034719945325898723
20 mcg,631.1638,0.9954273390290839,0.001990435697255936
20 mcg,631.3971,0.9961748069026902,0.0016644457008984088
20 mcg,631.6304,0.9887191076641243,0.004927072728752682
20 mcg,631.8637,0.9832129589362713,0.007352405998916454
20 mcg,632.0970000000001,0.9850778176842824,0.0065294604100341125
20 mcg,632.3303000000001,0.9827643943276951,0.0075505864482881355
20 mcg,632.5636000000001,0.9826245505906523,0.007612389343420864
20 mcg,632.7969,0.9861915137318393,0.006038738932533968
20 mcg,633.0302,0.9829654388241125,0.0074617517424776176
20 mcg,633.2635,0.9897684372034805,0.004466399551857943
20 mcg,633.4968,0.9893912391498687,0.004631939540580313
20 mcg,633.7301,0.9847906625164184,0.006656077904542133
20 mcg,633.9634000000001,0.9823270223752151,0.007743908984861603
20 mcg,634.1967000000001,0.9848710865561693,0.00662061220418824
20 mcg,634.4300000000001,0.9875170421721546,0.005455400757237325
20 mcg,634.6633,0.9889848417647212,0.004810364811705118
20 mcg,634.8966,0.9901888810418538,0.004281954725681466
20 mcg,635.1299,0.9952256038181131,0.0020784595685640252
20 mcg,635.3632,0.9905807177567697,0.004110130071851877
20 mcg,635.5965,0.9803673529590394,0.008611159543392696
20 mcg,635.8298000000001,0.9797326665914268,0.008892411310218465
20 mcg,636.0631000000001,0.988037784030316,0.00522644702967303
20 mcg,636.2964000000001,0.9910340922759183,0.003911405219433071
20 mcg,636.5297,0.9867288796115198,0.005802160667271207
20 mcg,636.763,0.9864970164970165,0.005904223864239908
20 mcg,636.9963,0.9934865391819384,0.0028380128003759335
20 mcg,637.2296,0.996543337154978,0.001503810181735834
20 mcg,637.4629,0.9894480466826483,0.004607004521147331
20 mcg,637.6962000000001,0.9830162489251996,0.007439303368040064
20 mcg,637.9295000000001,0.9782859450301535,0.00953418590982501
20 mcg,638.1628000000001,0.9844773194750619,0.006794284747081429
20 mcg,638.3961,0.9933663404749327,0.0028905598568617677
20 mcg,638.6294,0.9977499242676456,0.0009782965082536933
20 mcg,638.8627,0.9945503125177652,0.002373241804362893
20 mcg,639.096,0.9912970776263887,0.003796174132988143
20 mcg,639.3293,0.9895113500597372,0.004579219911306223
20 mcg,639.5626000000001,0.991367669666376,0.0037652483463794057
20 mcg,639.7959000000001,0.9926367189262859,0.003209663722498791
20 mcg,640.0292000000001,0.9947093882957009,0.0023037830678480343
20 mcg,640.2625,0.9949612367873338,0.0021938388294428183
20 mcg,640.4958,0.9903809066792217,0.004197740904516256
20 mcg,640.7291,0.9954156416097191,0.001995539188321885
20 mcg,640.9624,0.9984623310743866,0.0006683150848403428
20 mcg,641.1957,0.9938446287224306,0.0026815051023558983
20 mcg,641.4290000000001,0.9874300619418951,0.005493654980838687
20 mcg,641.6623000000001,0.987556347784437,0.005438115110424277
20 mcg,641.8956000000001,0.9944396023132134,0.0024215887875409935
20 mcg,642.1289,1.0044922195302322,-0.0019465771936028223
20 mcg,642.3622,0.9944119008426595,0.00243368682078665
20 mcg,642.5955,0.9930094764927778,0.0030466069236689862
20 mcg,642.8288,0.9946208764155589,0.002342429462401842
20 mcg,643.0621,1.0001371014519729,-5.953832275074981e-05
20 mcg,643.2954000000001,1.0053300840441153,-0.0023086788136264264
20 mcg,643.5287000000001,1.006634886906049,-0.002871977648879071
20 mcg,643.7620000000001,1.0047661591415646,-0.00206499945683829
20 mcg,643.9953,1.0044039898214998,-0.0019084292041858964
20 mcg,644.2286,1.0077750394228682,-0.003363597545094281
20 mcg,644.4619,1.0144123908236333,-0.006214545381372539
20 mcg,644.6952,1.011338092971601,-0.0048963656464460804
20 mcg,644.9285,1.005473364352863,-0.0023705703402293592
20 mcg,645.1618000000001,1.009968132568515,-0.004307670745030885
20 mcg,645.3951000000001,1.0118008325328212,-0.005095032420108827
20 mcg,645.6284,1.0084015862194782,-0.0036335201517949055
20 mcg,645.8617,1.0101140782158808,-0.00437042402218037
20 mcg,646.095,1.0054408289809906,-0.0023565170976604455
20 mcg,646.3283,1.0028270975601938,-0.0012260605891973534
20 mcg,646.5616,1.003940854968421,-0.001708128030653476
20 mcg,646.7949,1.0074575808668025,-0.0032267691721465193
20 mcg,647.0282000000001,1.0114108447903667,-0.004927606017272306
20 mcg,647.2615000000001,1.007564111373981,-0.003272689880239407
20 mcg,647.4948,1.0060963618485743,-0.002639578547852945
20 mcg,647.7281,1.0051184946300187,-0.002217264274318807
20 mcg,647.9614,1.0058984774926516,-0.002554150809740596
20 mcg,648.1947,1.0060249635961378,-0.0026087574769049736
20 mcg,648.428,1.0015560844295297,-0.000675273625885845
20 mcg,648.6613,0.9955924401980611,0.0019184097660672587
20 mcg,648.8946000000001,0.9977904914851617,0.0009606390170029384
20 mcg,649.1279000000001,0.9954464252796128,0.0019821086466575567
20 mcg,649.3612,0.9942608560867207,0.0024996583627834297
20 mcg,649.5945,0.9957068102042415,0.0018685224750195361
20 mcg,649.8278,1.0016898721710192,-0.000733282756287574
20 mcg,650.0611,1.00628393506857,-0.002720539402774489
20 mcg,650.2944,1.0012613541151767,-0.000547453937846686
20 mcg,650.5277000000001,0.9994154453272556,0.00025394309778911146
20 mcg,650.7610000000001,1.0117876533135775,-0.0050893754772734145
20 mcg,650.9943000000001,1.0129038538500643,-0.005568223520137023
20 mcg,651.2276,1.0126257174116116,-0.005448952863308032
20 mcg,651.4609,1.022639275791779,-0.009722468355396623
20 mcg,651.6942,1.0169314051332214,-0.007291659533533019
20 mcg,651.9275,1.0190957923008057,-0.008215008454262979
20 mcg,652.1608,1.0196232239116836,-0.00843971881549898
20 mcg,652.3941000000001,1.0216755414363183,-0.009312996643823117
20 mcg,652.6274000000001,1.0237543180351516,-0.010195746558349508
20 mcg,652.8607000000001,1.0146701447960378,-0.0063248820744749015
20 mcg,653.094,1.0154700757143402,-0.00666712996276543
20 mcg,653.3273,1.0332056373121543,-0.014186767078207936
20 mcg,653.5606,1.0362790149640626,-0.015476703618521987
20 mcg,653.7939,1.0365240458060467,-0.015579381528526583
20 mcg,654.0272,1.0305943213679265,-0.013087745144880598
20 mcg,654.2605000000001,1.0305003977724743,-0.013048163752647767
20 mcg,654.4938000000001,1.0405167004683662,-0.01724905510319694
20 mcg,654.7271000000001,1.0280108521694262,-0.011997699301690657
20 mcg,654.9604,1.0068555940850574,-0.0029671873469119857
20 mcg,655.1937,0.9968227424749163,0.001382062158933288
20 mcg,655.427,0.996768524885495,0.0014056842526884734
20 mcg,655.6603,1.0136363261093913,-0.005882166147449447
20 mcg,655.8936,1.0349488257527497,-0.014918876128540244
20 mcg,656.1269000000001,1.0289723325204603,-0.012403697410407229
20 mcg,656.3602000000001,1.0168641978451918,-0.007262956792409135
20 mcg,656.5935000000001,1.0200557079154167,-0.008623890369381007
20 mcg,656.8268,1.0265184991502159,-0.011366780308136377
20 mcg,657.0601,1.0167489706543713,-0.007213741401825273
20 mcg,657.2934,1.0209607529746052,-0.009009047577441986
20 mcg,657.5267,1.0384040902035974,-0.016366390116303375
20 mcg,657.76,1.0370411312238037,-0.015795981759613702
20 mcg,657.9933000000001,1.019857863554511,-0.008539648844947706
20 mcg,658.2266000000001,1.0167481453783338,-0.007213388893010472
20 mcg,658.4599000000001,1.0143763547163858,-0.006199117178152327
20 mcg,658.6932,1.0155543381048038,-0.0067031656607927925
20 mcg,658.9265,1.022691723614275,-0.009744741327262227
20 mcg,659.1598,1.007560757768063,-0.00327124435935184
20 mcg,659.3931,1.022284181278145,-0.009571640617720392
20 mcg,659.6264,1.0541830454635697,-0.02291602713142707
20 mcg,659.8597000000001,1.0428724035608308,-0.018231175330358524
20 mcg,660.0930000000001,1.0032269365698683,-0.0013991844182631775
20 mcg,660.3263000000001,1.0058612214029117,-0.0025380652760637126
20 mcg,660.5596,1.0433343489742026,-0.018423505593888705
20 mcg,660.7929,1.0479933972970183,-0.02035854645829591
20 mcg,661.0262,1.0101558845277439,-0.004388398105731825
20 mcg,661.2595,1.0122647479077365,-0.005294112818363467
20 mcg,661.4928,1.01615468579448,-0.006959824161957265
20 mcg,661.7261000000001,1.015081345758964,-0.006500846779933923
20 mcg,661.9594000000001,1.013607116224566,-0.005869650934394469
20 mcg,662.1927000000001,1.0040976920493259,-0.001775968838823676
20 mcg,662.426,1.0046261100237777,-0.002004461193521438
20 mcg,662.6593,1.0165533742398933,-0.007130186249328475
20 mcg,662.8926,1.03329423298143,-0.014224005512977448
20 mcg,663.1259,1.0241840192055573,-0.01037799506312102
20 mcg,663.3592,1.003412804202451,-0.0014796386082065133
20 mcg,663.5925000000001,1.0019018474441799,-0.0008251774181349072
20 mcg,663.8258000000001,1.0153409980345434,-0.006611922735591257
20 mcg,664.0591000000001,0.999447007793734,0.0002402278919163305
20 mcg,664.2924,0.9722438391699091,0.012224800171235181
20 mcg,664.5257,0.9581628105095094,0.018560689566311735
20 mcg,664.759,0.9662476915974146,0.014911530618459422
20 mcg,664.9923,0.986999027730556,0.005683275143395094
20 mcg,665.2256,0.9961564191449248,0.0016724621407633424
20 mcg,665.4589000000001,0.9804937957904544,0.008555150045656598
20 mcg,665.6922000000001,0.9807232306177008,0.008453537344418107
20 mcg,665.9255,0.9791029674871984,0.00917163316108578
20 mcg,666.1588,1.000810707456979,-0.00035194313281099486
20 mcg,666.3921,1.0355369974493704,-0.015165619889123138
20 mcg,666.6254,1.0264862665038794,-0.011353143261913789
20 mcg,666.8587,1.011781993231338,-0.005086945966148982
20 mcg,667.092,1.0218122581958868,-0.009371108401929595
20 mcg,667.3253000000001,1.028143443275145,-0.012053710259399946
20 mcg,667.5586000000001,1.0156331877729257,-0.0067368838432315505
20 mcg,667.7919,1.0167563779086066,-0.007216905327253587
20 mcg,668.0252,1.0276206227491749,-0.011832811297206326
20 mcg,668.2585,1.0048965179843874,-0.0021213413761354953
20 mcg,668.4918,1.0157592644999311,-0.0067907921137323555
20 mcg,668.7251,1.0286504810438317,-0.012267833518822505
20 mcg,668.9584,1.0451414626706321,-0.01917507733632588
20 mcg,669.1917000000001,1.0398350528154117,-0.016964453401193996
20 mcg,669.4250000000001,1.0303960548620745,-0.013004187210116364
20 mcg,669.6583,1.017434014229975,-0.007506252604805238
20 mcg,669.8916,1.019893581694198,-0.00855485872849274
20 mcg,670.1249,1.030983566579347,-0.01325174287732066
20 mcg,670.3582,1.0423228188458142,-0.018002245576413112
20 mcg,670.5915,1.042127276706466,-0.01792076329719825
20 mcg,670.8248000000001,1.0219640801474792,-0.009435631544401312
20 mcg,671.0581000000001,1.007890499194847,-0.003413351376715999
20 mcg,671.2914000000001,1.0162638556298913,-0.007006479765799318
20 mcg,671.5247,1.0141465396446367,-0.006100713144139934
20 mcg,671.758,1.0183154419220486,-0.007882329538661937
20 mcg,671.9913,1.0393821197013924,-0.01677524146335376
20 mcg,672.2246,1.0428120436200823,-0.01820603826876915
20 mcg,672.4579,1.0160391780892908,-0.006910454502963043
20 mcg,672.6912000000001,0.9975232198142415,0.001076986247903634
20 mcg,672.9245000000001,0.9855555266827779,0.006318902330664294
20 mcg,673.1578000000001,0.9966488127120156,0.001457846271590097
20 mcg,673.3911,0.9912389142703574,0.0038216566711956625
20 mcg,673.6244,0.997564671403036,0.001058939728387996
20 mcg,673.8577,1.0118505724712372,-0.005116381730306459
20 mcg,674.091,1.0230163249810174,-0.009882564105712349
20 mcg,674.3243,1.0057069694316567,-0.002471459748719158
20 mcg,674.5576000000001,1.0122387230823733,-0.005282947178777955
20 mcg,674.7909000000001,1.0373028884848126,-0.01590558723833619
20 mcg,675.0242000000001,1.0388865482997292,-0.01656812297812188
20 mcg,675.2575,0.9925134719014628,0.003263589620002933
20 mcg,675.4908,0.9803188882161289,0.008632629547083421
20 mcg,675.7241,0.9980918306499702,0.000829499083550305
20 mcg,675.9574,1.0033457889034036,-0.0014506322546867737
20 mcg,676.1907,0.978334335538184,0.009512704244908065
20 mcg,676.4240000000001,0.9452284369170638,0.024463221222499422
20 mcg,676.6573000000001,0.9468507386037518,0.02371847771252223
20 mcg,676.8906000000001,0.980244650251288,0.008665519211571134
20 mcg,677.1239,0.9643403551732437,0.01576965874687149
20 mcg,677.3572,0.9381497362494986,0.027727839193434415
20 mcg,677.5905,0.9454989052236473,0.0243389696805006
20 mcg,677.8238,0.9587532720779153,0.01829314085995553
20 mcg,678.0571,0.9915241340523374,0.003696710446882309
20 mcg,678.2904000000001,1.0033900598842913,-0.0014697943608729866
20 mcg,678.5237000000001,0.9699988936829296,0.013228761061253
20 mcg,678.7570000000001,0.9193053920164636,0.03654019260152481
20 mcg,678.9903,0.8832304686288496,0.05392595758459905
20 mcg,679.2236,0.8846677165354331,0.05321982079718986
20 mcg,679.4569,0.9028339732627798,0.04439210696805372
20 mcg,679.6902,0.8887202352717957,0.05123493126772414
20 mcg,679.9235,0.9046453413436445,0.043521648955936874
20 mcg,680.1568000000001,0.9328052373158756,0.030209024194195504
20 mcg,680.3901000000001,0.9070805437208358,0.0423541482866924
20 mcg,680.6234000000001,0.8376685760225103,0.07692777620854865
20 mcg,680.8567,0.8178083009853687,0.08734848554758685
20 mcg,681.09,0.8283592716915877,0.08178126240344306
20 mcg,681.3233,0.8261735332742877,0.0829287218951886
20 mcg,681.5566,0.8109129651203314,0.09102575589533222
20 mcg,681.7899,0.8347747747747747,0.07843068291952107
20 mcg,682.0232000000001,0.8227542654333841,0.08472985749985466
20 mcg,682.2565000000001,0.8152505964224552,0.0887088747999736
20 mcg,682.4898000000001,0.8255653704884195,0.0832485324334465
20 mcg,682.7231,0.7801284812974506,0.1078338663820279
20 mcg,682.9564,0.7287138119566192,0.13744299883022743
20 mcg,683.1897,0.7283278965483153,0.13767305530046942
20 mcg,683.423,0.7213125839717409,0.14187649107096964
20 mcg,683.6563,0.7207689374794952,0.14220393813878268
20 mcg,683.8896000000001,0.7032802086854032,0.15287160408475864
20 mcg,684.1229000000001,0.6842453550521762,0.1647881420830644
20 mcg,684.3562000000001,0.6821868150396223,0.16609667867073813
20 mcg,684.5895,0.6626069369347328,0.178744021734008
20 mcg,684.8228,0.6447081060046537,0.19063686930966348
20 mcg,685.0561,0.6412260718240785,0.19298882783514545
20 mcg,685.2894,0.6708130422959977,0.17339850220471206
20 mcg,685.5227,0.6367616318669703,0.19602311293757177
20 mcg,685.7560000000001,0.594634320787628,0.2257500280296276
20 mcg,685.9893000000001,0.5525609599632654,0.2576198025021505
20 mcg,686.2226,0.5216641260162601,0.2826090279678129
20 mcg,686.4559,0.5092675968992249,0.2930539557412533
20 mcg,686.6892,0.5024429638602866,0.2989132311943126
20 mcg,686.9225,0.4829464332927926,0.3161010369823827
20 mcg,687.1558,0.43929310807186916,0.357245610187527
20 mcg,687.3891,0.42288703360131924,0.37377563081840515
20 mcg,687.6224000000001,0.409803454437165,0.387424385035176
20 mcg,687.8557000000001,0.3944894961702046,0.4039645559933441
20 mcg,688.089,0.37372891788747997,0.4274432966029543
20 mcg,688.3223,0.35567650347398966,0.448944824014788
20 mcg,688.5556,0.3425362236502666,0.4652934945377736
20 mcg,688.7889,0.3322556757044256,0.4785275915558565
20 mcg,689.0222,0.32041625955007236,0.494285453718558
20 mcg,689.2555,0.32343544079058,0.4902123935314449
20 mcg,689.4888000000001,0.32119749429047467,0.4932278513761237
20 mcg,689.7221000000001,0.3180371234856063,0.49752218321070857
20 mcg,689.9554,0.32175347203301463,0.4924767579382814
20 mcg,690.1887,0.32919346840338354,0.48254879030214176
20 mcg,690.422,0.3428969735765852,0.46483634796988876
20 mcg,690.6553,0.3627463875143295,0.4403969038810043
20 mcg,690.8886,0.37735927078543147,0.4232449759985461
20 mcg,691.1219000000001,0.3879782349338516,0.4111926370688249
20 mcg,691.3552000000001,0.395705411853736,0.4026280100773077
20 mcg,691.5885000000001,0.40550153361951613,0.3920074989343697
20 mcg,691.8218,0.4229221475712823,0.37373957114031015
20 mcg,692.0551,0.43968657081890367,0.35685679867028997
20 mcg,692.2884,0.4589226509655486,0.3382605063790445
20 mcg,692.5217,0.4805649956024626,0.3182478664292157
20 mcg,692.755,0.4952565720623463,0.3051697526567067
20 mcg,692.9883000000001,0.5097619467832191,0.2926325873031718
20 mcg,693.2216000000001,0.5229332318421676,0.28155375834803564
20 mcg,693.4549000000001,0.5387419695277518,0.2686191903639773
20 mcg,693.6882,0.5596664951106536,0.252070691707
20 mcg,693.9215,0.5787879412168658,0.2374805257864645
20 mcg,694.1548,0.5940402011075192,0.22618416355688054
20 mcg,694.3881,0.6148645218927343,0.21122056532375283
20 mcg,694.6214,0.630930687656062,0.20001834855602427
20 mcg,694.8547000000001,0.6487879897956826,0.18789719827553725
20 mcg,695.0880000000001,0.6625126616703959,0.1788058172537387
20 mcg,695.3213000000001,0.6781728587174999,0.1686595951906212
20 mcg,695.5546,0.6990122249388754,0.15551522886509295
20 mcg,695.7879,0.7047875454340764,0.15194177910941178
20 mcg,696.0212,0.7016201413815952,0.15389795218858168
20 mcg,696.2545,0.7209484013928459,0.14209581682322373
20 mcg,696.4878,0.7434111881432477,0.12877090717315265
20 mcg,696.7211000000001,0.7338228416425031,0.13440877412149144
20 mcg,696.9544000000001,0.7370683252877832,0.13249225173378706
20 mcg,697.1877000000001,0.7510006849507868,0.12435966689701482
20 mcg,697.421,0.7541546616775803,0.1225395800914987
20 mcg,697.6543,0.7494140163000237,0.12527818855095835
20 mcg,697.8876,0.7483985277597656,0.12586707550986675
20 mcg,698.1209,0.7488517239289826,0.12560416608467284
20 mcg,698.3542,0.747287702186605,0.12651216469477844
20 mcg,698.5875000000001,0.7463879438973441,0.12703538418806126
20 mcg,698.8208000000001,0.7421431739554688,0.12951230272556924
20 mcg,699.0541000000001,0.7388869320183162,0.1314220143216266
20 mcg,699.2874,0.7421701628222127,0.129496509408066
20 mcg,699.5207,0.7436868620569953,0.12860989067407166
20 mcg,699.754,0.7438804999114148,0.12849682574096413
20 mcg,699.9873,0.7448212278070168,0.12794795422317715
20 mcg,700.2206,0.7368732769463585,0.13260719308390728
20 mcg,700.4539000000001,0.746060486443039,0.127225960914002
20 mcg,700.6872000000001,0.7513854256817162,0.12413723302482155
20 mcg,700.9205000000001,0.7491908919241614,0.1254075110767279
20 mcg,701.1538,0.7512843856247717,0.12419563725829735
20 mcg,701.3871,0.7659451167547299,0.11580234831061645
20 mcg,701.6204,0.7759267337855446,0.11017928468877913
20 mcg,701.8537,0.7750260621932926,0.11068369300798406
20 mcg,702.087,0.7689659011830201,0.11409291800921981
20 mcg,702.3203000000001,0.7806405917116693,0.10754887004419947
20 mcg,702.5536000000001,0.7859026556086118,0.10463124371904478
20 mcg,702.7869000000001,0.7888259695425818,0.10301880009095031
20 mcg,703.0202,0.7893865913746332,0.10271025486153722
20 mcg,703.2535,0.7917928352775709,0.10138843238110298
20 mcg,703.4868,0.8018608447935496,0.09590099279050499
20 mcg,703.7201,0.8065655599277888,0.09336032615761584
20 mcg,703.9534,0.8072750295923141,0.0929784807854878
20 mcg,704.1867000000001,0.816641056947709,0.08796878953964309
20 mcg,704.4200000000001,0.8198944747090315,0.0862420403000369
20 mcg,704.6533000000001,0.8212164976246082,0.08554233456281522
20 mcg,704.8866,0.82528126123604,0.0833980158311324
20 mcg,705.1199,0.8255562747684636,0.08325331732739683
20 mcg,705.3532,0.8311764272197785,0.0803067821899838
20 mcg,705.5865,0.8440234446984012,0.0736454896756112
20 mcg,705.8198,0.8416137373671317,0.07488718429531482
20 mcg,706.0531000000001,0.8401932147031941,0.07562083009255184
20 mcg,706.2864000000001,0.841938952677355,0.07471939718980586
20 mcg,706.5197000000001,0.8399871694308996,0.07572734761421003
20 mcg,706.753,0.8410062202412194,0.07520079206600272
20 mcg,706.9863,0.8444624129761549,0.07341967611112377
20 mcg,707.2196,0.8473373068182737,0.07194367192590119
20 mcg,707.4529,0.8559996093845365,0.06752643350296252
20 mcg,707.6862,0.8424896799385446,0.07443541030611174
20 mcg,707.9195000000001,0.8451003698887674,0.07309170820982225
20 mcg,708.1528000000001,0.853132256172517,0.06898363744497285
20 mcg,708.3861,0.8572168535190305,0.06690929899469468
20 mcg,708.6194,0.8546785944061358,0.06819717289555864
20 mcg,708.8527,0.8550940445125407,0.06798611829313758
20 mcg,709.086,0.8586174688455491,0.06620027990730147
20 mcg,709.3193,0.8567735923481558,0.06713392788373981
20 mcg,709.5526000000001,0.8621292755470578,0.06442760720640651
20 mcg,709.7859000000001,0.867008642765685,0.06197657324266291
20 mcg,710.0192000000001,0.8692548956747082,0.060852854675738054
20 mcg,710.2525,0.8699789114011905,0.06049127470678117
20 mcg,710.4858,0.870709667119023,0.060126633726844826
20 mcg,710.7191,0.8689781872088099,0.060991124925031975
20 mcg,710.9524,0.8704166004975916,0.06027283474636524
20 mcg,711.1857,0.87807871665734,0.05646654938144374
20 mcg,711.4190000000001,0.871105378522311,0.05992930475984477
20 mcg,711.6523000000001,0.8661633457457836,0.06240019866801431
20 mcg,711.8856000000001,0.8690820454910385,0.06093922214505128
20 mcg,712.1189,0.8750934798313792,0.05794555199885425
20 mcg,712.3522,0.8824186853882627,0.054325304199896444
20 mcg,712.5855,0.8839823383342784,0.053556411955919245
20 mcg,712.8188,0.8767211854613038,0.0571384988434329
20 mcg,713.0521,0.8791721026095162,0.05592610115209153
20 mcg,713.2854000000001,0.8832965404060457,0.053893470554270705
20 mcg,713.5187000000001,0.8781001999789496,0.05645592394010623
20 mcg,713.7520000000001,0.876039847948617,0.05747613886547513
20 mcg,713.9853,0.8796801094362455,0.05567522780839416
20 mcg,714.2186,0.8871073284547673,0.05202383300276014
20 mcg,714.4519,0.8928899534264803,0.04920206358029414
20 mcg,714.6852,0.8941775651249334,0.048576230760396535
20 mcg,714.9185,0.8914524207011687,0.04990183137629656
20 mcg,715.1518000000001,0.8776004529219465,0.05670316129768967
20 mcg,715.3851000000001,0.8841112081651282,0.053493103703217575
20 mcg,715.6184000000001,0.8932985149261433,0.04900338800819187
20 mcg,715.8517,0.891335821112317,0.04995863964652743
20 mcg,716.085,0.8878795761306817,0.05164593396068028
20 mcg,716.3183,0.892263737307385,0.04950675691574084
20 mcg,716.5516,0.8940046590427785,0.04866021790285499
20 mcg,716.7849,0.8894924901185769,0.05085771426227088
20 mcg,717.0182000000001,0.8833238067646468,0.053880064584955346
20 mcg,717.2515000000001,0.8884058769368788,0.05138857719153423
20 mcg,717.4848000000001,0.8965224066280207,0.0474388517199769
20 mcg,717.7181,0.9020750199521149,0.04475734339328035
20 mcg,717.9514,0.8967350711776668,0.04733584471514487
20 mcg,718.1847,0.8864836744830472,0.05232925797306003
20 mcg,718.418,0.8885899422823262,0.05129860673323741
20 mcg,718.6513,0.9034229028834108,0.04410890373499136
20 mcg,718.8846000000001,0.9059519530553183,0.0428948344161928
20 mcg,719.1179000000001,0.8840230001744015,0.05353643553117893
20 mcg,719.3512000000001,0.8780330142661585,0.05648915420316993
20 mcg,719.5845,0.8967190384508726,0.04734360953582177
20 mcg,719.8178,0.9106565928834461,0.04064536389683964
20 mcg,720.0511,0.8998862850190452,0.045812367126172794
20 mcg,720.2844,0.8933137862271721,0.048995963631046205
20 mcg,720.5177,0.8993821040191001,0.04605575831030256
20 mcg,720.7510000000001,0.8988897442205592,0.04629357457725887
20 mcg,720.9843000000001,0.8953041287510444,0.04802941272627697
20 mcg,721.2176000000001,0.9010743282466422,0.045239383254065374
20 mcg,721.4509,0.8997369111300105,0.0458844625026227
20 mcg,721.6842,0.8932827442226132,0.049011055310738516
20 mcg,721.9175,0.8956416955422425,0.047865696555258685
20 mcg,722.1508,0.9016948434051596,0.044940413952657916
20 mcg,722.3841,0.9010136846096534,0.045268612899597514
20 mcg,722.6174000000001,0.8965001054185116,0.04744965503356057
20 mcg,722.8507000000001,0.8999960357417524,0.04575940351542348
20 mcg,723.0840000000001,0.8966371634792687,0.04738326462314911
20 mcg,723.3173,0.8986228382838284,0.04642254811267617
20 mcg,723.5506,0.90764554345191,0.0420837203966156
20 mcg,723.7839,0.9019507788013428,0.04481716210133679
20 mcg,724.0172,0.8956620300444683,0.04785583651646887
20 mcg,724.2505,0.9039991907382118,0.043831958305705666
20 mcg,724.4838000000001,0.9053511366967832,0.043182948802123165
20 mcg,724.7171000000001,0.9001425656517477,0.045688701035696604
20 mcg,724.9504000000001,0.8976373582811386,0.04689908104588178
